[ 0.16224951 -0.80257715  0.43156047  1.57076847  0.71066198]
[ 0.44649945 -0.38924965  0.46999379  1.57431858  0.75644948]
[ 0.89317792  0.02542563 -0.1303521   1.55024427  0.1261707 ]
[1.36015997 0.26497723 1.23531193 1.57657679 1.37031381]
[0.79166009 0.05701107 0.87971101 1.57983069 1.08635099]
[ 0.64953512 -0.44020961  0.90809278  1.57648134  1.10343549]
[ 1.1571243   0.03492197 -0.1167352   1.54379716  0.16031123]
[-0.02048259 -1.16274593 -0.43349125  1.54972475 -0.11415707]
[ 0.89317792 -0.14841527  1.55863861  1.58091494  1.61106537]
[0.60892799 0.77804692 0.45772077 1.55579908 0.63401564]
[-0.5077682  -1.63850411  0.0109719   1.52449577  0.27152523]
[0.93378506 0.30906731 1.73434528 1.5944878  1.7940659 ]
[ 0.16224951 -0.02309474  0.34587569  1.55253755  0.58057276]
[ 0.42619588 -0.67972494  1.04856076  1.58865714  1.27832104]
[ 0.48710658 -0.68252376  1.74523651  1.59398777  1.82848615]
[ 0.46680302 -0.24700726  0.25720664  1.56461312  0.52306111]
[-0.16260756 -0.49440091  0.73470464  1.58078141  1.00666994]
[1.01499933 0.96051225 1.18320085 1.5864349  1.37716318]
[-1.90871433 -0.38291734 -2.25839631  1.43355137 -2.08728675]
[ 0.40589232 -0.6315514   0.76514992  1.56132055  0.93432013]
[-0.34533967 -1.69210576  0.69332549  1.5753277   0.93841652]
[ 0.22316021 -0.58064751  1.48879556  1.59634487  1.6570283 ]
[ 0.10133881 -0.68352365  0.95651161  1.58612323  1.21008258]
[ 0.89317792 -0.24676386  1.32001463  1.59150144  1.50126851]
[-0.48746463 -1.16375373  0.69787179  1.57567401  0.94995149]
[ 0.50741015 -0.15767536  0.39277626  1.55793916  0.62028449]
[ 0.12164238 -0.01410943  1.7315272   1.59033419  1.82750535]
[-0.12200043 -0.04622123  1.06658458  1.58608843  1.30070392]
[0.56832085 0.11838423 0.89567716 1.57604006 1.08228604]
[ 0.12164238 -0.93315616  0.90021995  1.55964965  1.04958225]
[ 0.48710658 -0.05574661  1.3321446   1.59333206  1.51662225]
[ 0.48710658 -0.08888356  0.37013508  1.57250017  0.67344092]
[ 0.06073168 -0.75140878  0.72223857  1.57814053  0.96481102]
[1.05560646 0.30982282 1.60637032 1.58751074 1.6688629 ]
[-0.16260756 -0.70159276  0.60506355  1.56600869  0.84859601]
[-0.34533967 -0.96797114  0.98682799  1.56974343  1.1765372 ]
[ 0.32467805 -0.60734699  1.31032028  1.60117118  1.55547438]
[ 0.32467805 -0.49828083  2.00142735  1.60694928  2.09583374]
[ 0.71044582 -0.07629055  1.81528622  1.59753292  1.89252532]
[-0.14230399 -1.20595008  0.88339082  1.58232698  1.13401623]
[-0.16260756 -1.01306637  0.69727196  1.58156716  0.98447782]
[-0.6905003  -0.91877905  0.94709209  1.59019437  1.230707  ]
[ 0.08103524 -0.6011358   0.9821533   1.57868926  1.20719409]
[ 0.42619588 -0.41741173  2.08278374  1.60640956  2.13217514]
[-1.50264299 -0.55877981  0.04099068  1.56782502  0.45025696]
[-0.5686789  -1.18920505 -0.32108326  1.55224176  0.03690958]
[ 0.79166009 -0.64328314  2.1126746   1.60769814  2.15530903]
[-0.14230399 -1.10618947  0.30874101  1.572933    0.64414441]
[-0.48746463 -1.54174898 -0.16902403  1.5544226   0.16776587]
[ 0.04042811 -1.34436372  1.05136676  1.58785233  1.28846122]
[1.4616778  0.58830194 1.87567569 1.6033719  1.9606452 ]
[ 2.49715972  2.94158943 -0.70070946  1.48517706 -0.52597398]
[-0.2032147  -0.91615315  1.37402627  1.58334595  1.5190979 ]
[-0.87323241 -1.54777951 -0.11848911  1.57673863  0.33453302]
[0.62923155 0.37318726 1.39609637 1.59507914 1.57758188]
[ 0.18255308 -0.4746271   1.59209843  1.59909845  1.74795403]
[ 0.36528518 -0.12170985  1.11957837  1.59466038  1.36492811]
[0.52771372 0.25792608 0.80077424 1.57284033 0.99440479]
[ 0.93378506 -0.02391916  2.13094464  1.60655666  2.1640875 ]
[-0.91383954 -1.43635801  0.42362571  1.58640124  0.82284861]
[-0.36564323 -0.76842162 -0.4345958   1.55498999 -0.04777924]
[0.64953512 1.24374381 1.00814366 1.58692307 1.24782888]
[0.73074939 0.23824918 1.51839759 1.59264587 1.65257304]
[0.75105296 0.09854865 1.25892818 1.58575916 1.41256583]
[ 0.83226722 -0.2186563   1.73975524  1.60557291  1.88218774]
[-0.18291113 -0.51489587  0.81924528  1.58012688  1.06644412]
[ 0.08103524 -0.53872532  0.50233543  1.56929835  0.75949968]
[ 0.16224951 -0.1178181   1.04082245  1.59244081  1.31844418]
[1.05560646 0.15898865 0.73799538 1.58188644 0.99950256]
[ 0.28407091 -0.86911188  1.98361864  1.60724515  2.06758746]
[ 0.77135652 -0.32808386  1.57917123  1.59015048  1.6890385 ]
[1.66471347 0.45438509 2.49116003 1.60248841 2.38211299]
[2.15199908 1.43382405 2.38369668 1.60187793 2.30013258]
[1.3398564  0.29060686 1.69039514 1.59882877 1.80628623]
[1.29924927 1.35679955 0.69400709 1.57116175 0.89595263]
[0.97439219 1.44202047 0.31530976 1.55420562 0.52241656]
[ 0.58862442 -0.53014122  0.54711175  1.57480777  0.82240654]
[ 0.62923155 -0.34038015  0.94703738  1.57703685  1.10910714]
[2.19260622 1.54831788 1.95472925 1.5953678  1.93183613]
[-0.60928604 -0.00744566  0.03779815  1.51351784  0.26132293]
[1.36015997 0.74739052 0.03538743 1.5605379  0.31235746]
[-0.04078616 -0.22202815  0.9258001   1.57880765  1.14105199]
[2.07078481 2.15803067 1.07952453 1.57308618 1.19874037]
[ 0.28407091 -0.59485854  0.47057938  1.56472707  0.71865593]
[ 0.87287436 -0.63870682  1.46841676  1.5908443   1.60549567]
[-0.48746463 -1.1735847   0.77937659  1.58593022  1.08336811]
[ 0.36528518 -0.78841657  0.76157576  1.58729905  1.06637619]
[-0.04078616 -0.25743948  1.02379002  1.58336699  1.25367791]
[ 0.12164238 -0.19164412  0.32853355  1.5622396   0.59917392]
[-0.14230399 -1.01251755  1.52144185  1.60269736  1.72674   ]
[ 0.50741015 -0.98901762  1.50193521  1.58630197  1.58519229]
[ 0.06073168 -0.96148283  0.34780968  1.57128697  0.62911697]
[ 0.12164238 -1.00582483  0.56397439  1.57342179  0.83178669]
[-0.10169686 -1.4325878   0.09811553  1.5655525   0.40814298]
[ 0.87287436 -0.42419871  1.99957956  1.59707767  2.01239714]
[-0.34533967 -1.11636826  0.77233395  1.55921147  0.97942386]
[ 0.69014225 -0.62003753  1.02101213  1.58090323  1.20506947]
[0.85257079 0.33145557 0.23955698 1.57134076 0.54913674]
[0.26376735 0.4283464  1.1005307  1.58932694 1.32696333]
[-0.42655393 -1.05105862 -0.11267276  1.56606352  0.2714456 ]
[0.95408863 0.24807607 0.31809237 1.55735894 0.5418334 ]
[-0.40625037 -0.78897583  0.68465437  1.5681204   0.92721928]
[-0.22351826 -1.24776127  0.71454379  1.57093586  0.94202535]
[ 0.14194594 -0.61542638  1.22488071  1.58723967  1.40607331]
[-0.97475024 -1.3411592  -0.26215146  1.55987098  0.13183959]
[ 0.38558875 -0.08068723  1.38279731  1.59627709  1.5605845 ]
[ 0.52771372 -0.18238162  1.138194    1.58854683  1.33451181]
[0.75105296 0.87852145 0.58245986 1.57259155 0.82209323]
[-0.22351826 -0.82483556  1.02559565  1.57715427  1.24517356]
[ 0.75105296 -0.28646415  1.75769073  1.59756974  1.84245202]
[ 0.75105296 -0.19665733  0.85704403  1.55343355  0.96070087]
[ 0.52771372 -0.26625954  1.86030028  1.59096949  1.88835108]
[-0.12200043 -0.04622123  0.6303742   1.56751312  0.88305383]
[-0.12200043 -0.36205867  0.81223866  1.57292963  1.05542228]
[-0.46716107 -1.41573978  0.76367436  1.57378056  1.03061217]
[1.76623131 0.95367944 1.52602324 1.59680311 1.65535384]
[-1.86810719  3.93585354 -3.21614928  1.46678415 -2.94563823]
[-0.08139329 -0.92525475  1.00097168  1.58443487  1.23416702]
[-0.67019674 -1.75208229  0.1601789   1.55634583  0.46026719]
[-0.28442896 -0.29007013  0.52316697  1.56783726  0.79422789]
[0.89317792 0.42390315 0.46000438 1.57597422 0.7523489 ]
[1.31955283 1.01832979 0.54629901 1.56834912 0.76655984]
[ 0.32467805 -0.09153619  1.80486262  1.60045819  1.91242628]
[ 0.30437448 -0.06467126  0.9123468   1.56493121  1.07197972]
[ 0.42619588 -0.0995825   0.87997176  1.57231082  1.08139627]
[-0.28442896 -0.83421057  1.43509277  1.60126686  1.6488783 ]
[0.87287436 0.23545996 0.85670528 1.57686979 1.07023415]
[ 0.40589232 -0.64105181  1.27063036  1.5934642   1.4775088 ]
[-0.6905003  -1.28937361 -0.20749339  1.56648349  0.20630185]
[2.00987411 0.84163948 1.01192674 1.5743299  1.12873111]
[ 0.81196366 -0.23553499  1.16883129  1.5870489   1.35956115]
[ 0.91348149 -0.03039829  0.59441517  1.575922    0.83560998]
[-0.42655393 -0.53764804 -0.15200009  1.54621527  0.15593527]
[ 0.56832085 -0.25137012  0.77787403  1.57930059  1.02456817]
[1.17742786 0.63629465 1.16641609 1.59333988 1.38148901]
[1.31955283 0.45577566 1.10953069 1.57144471 1.23934911]
[ 0.10133881 -1.27352312  0.40472247  1.56576256  0.672191  ]
[ 0.18255308 -0.6578726   0.90937415  1.57758168  1.13426396]
[ 0.58862442 -0.32539327  2.01733415  1.59991263  2.05192158]
[ 0.12164238 -0.53171666  0.71579819  1.58778777  1.03510654]
[0.85257079 0.20716928 1.74306383 1.59621246 1.82839469]
[ 0.50741015 -0.50438287  1.29909118  1.59169816  1.46858895]
[1.80683844 0.73832285 1.63979443 1.59206145 1.71385659]
[ 0.60892799 -0.21604224  0.13782344  1.54741393  0.37498586]
[ 1.4007671  -0.31780006  1.01240406  1.57591232  1.1763382 ]
[1.5225885  0.237185   2.09667923 1.59737064 2.05592015]
[ 0.14194594 -0.53344664 -0.28751493  1.55313046  0.02053028]
[ 0.34498161 -0.038462    0.49080597  1.57277357  0.76327616]
[-0.06108973 -1.07506915  0.41465166  1.57731318  0.73133842]
[1.44137424 0.25591809 0.62899758 1.57165675 0.83086329]
[2.23321335 0.58796396 1.69449032 1.59576515 1.77921183]
[ 0.75105296 -0.27660131  0.81116296  1.57583422  1.0144701 ]
[0.06073168 0.8275277  0.27009055 1.57295149 0.58867377]
[1.50228494 1.20082493 0.68056902 1.57100412 0.8840049 ]
[1.13682073 0.42029519 0.36932928 1.56492048 0.62428435]
[1.56319564 0.55702801 1.06475113 1.57359046 1.16537639]
[ 0.18255308 -0.50588946 -0.14139098  1.56787812  0.22980783]
[0.56832085 0.35517273 0.70248995 1.57953307 0.95171096]
[1.05560646 0.29884115 1.66267664 1.5919888  1.73528367]
[-0.64989317 -1.14399349 -0.79771152  1.55758595 -0.33130712]
[2.49715972 1.32070396 0.500973   1.56339495 0.6846437 ]
[1.3398564  0.39607018 1.91425268 1.60040858 1.97058993]
[1.76623131 1.33909285 1.30230854 1.57906987 1.40277839]
[ 0.81196366 -0.0425431   0.29444712  1.55685611  0.49448181]
[-0.2032147  -1.0429837   0.47489961  1.57675033  0.78013417]
[ 0.58862442 -0.38518501  1.01211473  1.58282578  1.21640606]
[-0.3859468  -1.89801831  0.59602593  1.57444383  0.86663631]
[-0.71080387 -0.64691653  0.21771973  1.5610013   0.5285623 ]
[ 0.56832085 -0.98789292  1.76001657  1.5926536   1.81207339]
[-1.50264299  1.28706487 -1.36249031  1.50811557 -1.02329598]
[0.50741015 0.76687801 0.49748677 1.569642   0.7408405 ]
[0.14194594 0.01777217 0.57912763 1.57452417 0.84874671]
[ 0.18255308 -0.76494292 -0.34755231  1.55010675 -0.04707093]
[ 0.83226722 -0.27748514  1.29886939  1.58497152  1.42386051]
[ 0.87287436 -0.14517825  2.17495371  1.61037581  2.21302108]
[ 0.66983869 -0.38435189  0.9213635   1.58709259  1.16902534]
[ 0.73074939 -0.05891601  0.91299002  1.56948528  1.06385059]
[ 0.20285665 -0.17146905 -0.74233343  1.5441792  -0.37182637]
[ 0.32467805 -0.02268088 -0.32088772  1.54438603  0.00635375]
[0.16224951 0.12391526 0.4730798  1.58084671 0.79034014]
[0.46680302 0.16681346 0.82117047 1.5742899  1.02637579]
[ 0.34498161 -0.038462    0.97948734  1.57183565  1.13238963]
[-1.79025228e-04 -9.62380298e-01  1.03145421e+00  1.59211033e+00  1.28880300e+00]
[1.218035   0.51945807 1.23008481 1.57898051 1.33446344]
[-0.71080387 -0.50818072  0.27820763  1.56725324  0.61951725]
[ 0.62923155 -0.03962451  0.18213259  1.54672816  0.40147448]
[1.218035   0.3645773  0.788463   1.5615077  0.92107875]
[0.71044582 0.77551135 0.44824618 1.58001426 0.77631837]
[ 0.48710658 -0.82655301 -0.09985376  1.55342047  0.18388611]
[-0.10169686 -0.52255961  0.61771551  1.58460238  0.94268311]
[ 0.12164238 -0.40412945  0.88094208  1.58413381  1.14768996]
[1.4616778  0.68876873 0.50183608 1.57077411 0.74013603]
[0.91348149 0.50003757 2.55608004 1.61016527 2.48111761]
[ 0.75105296 -0.44047516  0.86596139  1.57956834  1.08497189]
[ 0.58862442 -0.22333547  0.5107903   1.54211351  0.6418237 ]
[ 0.87287436 -0.5242586   2.03519503  1.60506787  2.08864303]
[0.89317792 0.04645149 1.61845677 1.5969506  1.74613542]
[ 0.52771372 -0.33799973  1.4867134   1.57755063  1.55458124]
[ 0.26376735 -1.07143331  0.88160046  1.57983504  1.1021967 ]
[ 0.62923155 -0.34038015  1.52523373  1.59921999  1.68499462]
[0.36528518 0.04996788 1.41223274 1.59259455 1.567679  ]
[ 0.12164238 -0.27148093  0.11748741  1.56813491  0.46594235]
[ 0.46680302 -0.79963423  1.82665265  1.5987346   1.9166931 ]
[ 0.32467805 -0.87831223  1.53122046  1.59928041  1.69752488]
[0.60892799 0.24749371 0.40674069 1.57403804 0.70655931]
[ 0.40589232 -0.67877563  1.09673774  1.58391582  1.28346561]
[-0.46716107 -0.6744978   0.45537009  1.5708054   0.77336214]
[-0.2032147  -0.75255918  0.75863182  1.55490012  0.94336887]
[0.42619588 0.11785223 0.71674551 1.58166764 0.98547074]
[0.91348149 0.06333747 0.05509476 1.56684515 0.36762228]
[-0.81232171 -1.21874183  0.13474111  1.57921321  0.54419468]
[0.69014225 0.14609314 1.13122116 1.57392971 1.27225734]
[ 0.28407091 -0.10652441  1.09880519  1.58644827  1.32827533]
[-0.46716107 -1.26830898  0.15511913  1.57751468  0.54871483]
[-0.2032147  -1.255062    0.92706447  1.58243276  1.16846687]
[1.38046353 0.54739436 0.0093455  1.5525577  0.24820697]
[-1.21839305 -2.88955291 -0.2018743   1.56568828  0.21647795]
[ 0.69014225 -0.0831622   0.77197291  1.58181147  1.02907806]
[-1.01535738 -2.2252043   0.01636319  1.57160719  0.41163786]
[ 0.40589232 -0.60288155  0.54371392  1.56734301  0.7715528 ]
[-0.14230399 -0.56295527  1.56829912  1.60155228  1.74817565]
[ 0.18255308 -1.47076451  1.41340098  1.59444156  1.58273666]
[-0.52807177 -0.16726616 -0.90192352  1.54676986 -0.49626434]
[-0.10169686 -1.01143522  1.41187114  1.59775741  1.60289685]
[-0.77171457 -1.06544744  0.47844055  1.52293002  0.6834104 ]
[ 0.26376735 -0.32486638  1.09057922  1.57557076  1.25832546]
[ 0.36528518 -0.03118887  1.44607218  1.59322312  1.58826141]
[ 0.02012454 -0.32442015  1.59691167  1.58529539  1.70939304]
[1.38046353 0.23970356 1.73442363 1.58628829 1.7610547 ]
[-1.11687521 -0.50040924 -0.27144968  1.55434267  0.10203017]
[-0.67019674 -0.99609713  0.33901529  1.57612915  0.6758393 ]
[ 0.06073168 -0.19259238  0.39459282  1.57231364  0.68161123]
[ 0.46680302 -0.00683819  1.93236566  1.60430786  2.00884653]
[-0.36564323 -0.0144773   0.17419826  1.56692776  0.51651524]
[-0.2641254  -1.40079092  1.38956145  1.59803634  1.59617536]
[0.79166009 0.32551198 0.41580922 1.5583344  0.63249642]
[ 0.12164238 -0.87750553  0.85160414  1.58875713  1.12483248]
[0.95408863 0.16095558 1.05190449 1.5761289  1.19373649]
[-0.5686789  -0.44857206 -0.71153859  1.53416347 -0.36831158]
[ 0.34498161 -0.4900493   1.00697734  1.57733491  1.21443121]
[-0.3250361  -1.58457365  1.1921245   1.58484178  1.39621664]
[-0.67019674 -0.22027714 -0.85077277  1.52181431 -0.54420544]
[-1.03566094 -1.17126396 -0.28527591  1.5475078   0.06221551]
[-0.02048259 -0.59393991  1.0593019   1.59102922  1.2931978 ]
[-0.54837534 -0.69303081  0.6662241   1.57495222  0.94914   ]
[1.36015997 0.25470236 0.74067469 1.56556878 0.87826176]
[-0.48746463 -0.97055756  0.84523214  1.57175842  1.07749805]
[-0.22351826 -1.19348203  1.20005051  1.59378118  1.43531769]
[0.34498161 0.92811005 0.02863492 1.54671096 0.29150373]
[0.75105296 0.6171986  1.24681781 1.58410011 1.40432212]
[-0.60928604 -1.37748277  0.83559237  1.5857191   1.12474075]
[0.69014225 0.90601232 0.676032   1.57371817 0.91705938]
[1.5225885  0.53696117 0.72186955 1.56878217 0.90408756]
[1.5834992  0.46636354 1.87709939 1.58652572 1.85332716]
[-0.5686789  -0.69191468  0.86169125  1.59586712  1.2059154 ]
[0.56832085 0.12986545 0.88941192 1.58319694 1.11816162]
[0.81196366 0.4251818  0.86800692 1.57193722 1.04095685]
[ 0.54801729 -0.53647726  2.09076511  1.61284843  2.18960199]
[1.36015997 0.49852652 2.2015237  1.60632243 2.21102422]
[1.0962136  0.29916607 2.51618929 1.6068394  2.46100612]
[0.97439219 0.10313259 0.46244913 1.57804217 0.76413998]
[-0.42655393 -1.10098231  0.56727512  1.58028593  0.8884089 ]
[1.05560646 0.87826942 1.30442065 1.58442005 1.44375925]
[ 0.91348149 -0.13171002 -0.03137253  1.55758188  0.2448208 ]
[1.70532061 0.73976513 1.55114226 1.59451587 1.6511163 ]
[-0.28442896  0.22702239 -0.3262203   1.56006317  0.06915619]
[-0.04078616 -0.22202815  1.09555914  1.59102119  1.34188047]
[ 0.54801729 -0.49819785  0.57033071  1.56519546  0.81745059]
[1.5225885  0.44133571 1.46796129 1.58099155 1.51686222]
[1.29924927 0.15657704 1.30331503 1.58583949 1.42388004]
[1.11651716 0.56329646 1.75368312 1.59514376 1.83311354]
[ 0.44649945 -0.41957804  0.71673714  1.57201478  0.91972003]
[-0.12200043 -0.77586311  0.92600253  1.59593239  1.24090925]
[ 0.85257079 -0.02932245  1.14853272  1.59200463  1.35503316]
[ 1.07591003 -0.27997769  2.55204301  1.6117068   2.49547995]
[0.75105296 0.06571589 0.87646501 1.57744867 1.07808737]
[ 0.18255308 -0.98661472  1.1109524   1.59196478  1.35009204]
[-0.52807177 -0.60005113  0.57086273  1.58121428  0.89518324]
[1.4616778  1.09326446 0.9891253  1.5806567  1.17710274]
[-0.2032147  -1.32538446  1.47256614  1.59922578  1.67140963]
[-0.5077682  -1.21415625  0.68234397  1.57031292  0.91542668]
[-1.70567866 -1.56596807 -1.63874352  1.50603901 -1.25168653]
[ 0.10133881 -0.73312351  1.58607329  1.60181345  1.76802929]
[-0.77171457 -1.02121714  0.72212616  1.57599024  1.00277909]
[-0.34533967 -1.21136758  0.91086092  1.58619037  1.16793813]
[0.95408863 0.19338232 1.40543644 1.58094971 1.51965716]
[ 0.14194594 -0.59512419  1.44582818  1.59422004  1.61080784]
[ 0.04042811 -0.81944073  0.88945842  1.58565322  1.14877026]
[1.03530289 0.62624969 0.28819871 1.55578847 0.52060983]
[ 1.03530289  0.22782398 -0.14734644  1.54387728  0.09297449]
[ 0.44649945 -0.6620289   0.78072003  1.58539393  1.03140373]
[-0.3250361  -0.74814801  0.82536175  1.58571496  1.11132337]
[ 0.24346378 -0.06391453  1.25799771  1.58961741  1.44463011]
[-0.67019674 -1.71833984  0.66974414  1.56857815  0.91872514]
[ 0.64953512 -0.03275993  0.63399143  1.5764233   0.88124507]
[1.44137424 0.38988817 1.01974834 1.5786583  1.18239665]
[ 0.58862442 -0.08596567  1.33173109  1.59344006  1.51508014]
[1.0962136  0.16031796 1.60900907 1.59726902 1.73008583]
[1.31955283 0.24376438 0.58348962 1.57371522 0.82790088]
[0.93378506 0.33163101 1.29659245 1.58949761 1.45301244]
[1.4007671  1.76651549 0.83108751 1.5857918  1.09316029]
[0.64953512 0.2599605  0.86755487 1.56937182 1.0319902 ]
[-0.89353598 -1.33153775 -1.65204489  1.49929176 -1.37041627]
[0.77135652 0.02897641 0.95255236 1.56971401 1.09604394]
[ 1.54289207  0.84296504 -0.68468859  1.52923296 -0.37267509]
[ 0.89317792 -0.16831043  0.66347995  1.56994746  0.87436985]
[-0.52807177 -1.19612391  0.63600346  1.57388362  0.93019785]
[1.42107067 0.53496772 1.31534887 1.58884291 1.45605238]
[0.36528518 1.06830991 0.87977123 1.58838919 1.15184507]
[ 0.12164238 -0.71422355  0.97405925  1.58874336  1.23090365]
[ 0.60892799 -0.40703622  1.35961677  1.59398491  1.53668082]
[-0.2032147  -1.0141797   1.27393087  1.59698484  1.50509691]
[ 0.16224951 -0.73536381  1.87351032  1.60351     1.97768169]
[-0.42655393 -1.07112761  0.50212543  1.57545922  0.79868253]
[0.75105296 0.12060501 1.75649303 1.60231444 1.88514159]
[-0.5077682  -1.30045155  0.36526928  1.57693803  0.70725055]
[0.97439219 0.27598444 0.99307842 1.58089031 1.16678483]
[ 0.14194594 -0.57469431  2.26669127  1.60912549  2.29511721]
[1.38046353 0.11951456 2.15559495 1.59870634 2.11160547]
[ 0.24346378 -0.51134365  1.70301871  1.59323237  1.82437299]
[0.34498161 0.18677146 0.45102613 1.57224171 0.71915957]
[ 0.12164238 -0.83035591 -0.08932916  1.55209817  0.18298696]
[ 0.44649945 -0.01390539  0.52601986  1.5631039   0.73274735]
[ 0.28407091 -0.54511147  0.53859269  1.57596777  0.82802485]
[ 0.38558875 -0.05810708  0.37348722  1.56911466  0.64465328]
[ 0.34498161 -0.76029745  1.02677368  1.58360822  1.23596491]
[0.58862442 0.22941067 1.28772737 1.58569089 1.43669183]
[-0.5077682  -1.39341101  1.3766899   1.5998553   1.60214309]
[-1.07626808 -1.24302834  1.11829334  1.5975401   1.41901134]
[ 0.38558875 -0.39253234  1.7778458   1.58596465  1.83528991]
[-0.06108973 -0.60161946  1.19184175  1.58585265  1.39751211]
[1.23833856 0.19048298 0.94482233 1.57941407 1.13470712]
[1.23833856 0.15971266 2.23373075 1.60451686 2.22591664]
[-0.24382183 -1.11115846  0.78696002  1.58535739  1.07284332]
[1.5834992  0.35309368 1.96541572 1.584092   1.9526449 ]
[1.1571243  0.42557331 1.72634718 1.60179458 1.83986916]
[-0.22351826 -1.62506815 -0.2848706   1.55621377  0.06878941]
[0.83226722 1.03207348 0.25063775 1.56825856 0.54131793]
[1.78653487 1.21764573 0.95655113 1.57015375 1.07919906]
[ 0.69014225 -0.37687786  0.72239333  1.56507853  0.91224589]
[-0.04078616 -0.44029931  0.4927853   1.57174249  0.76313085]
[-0.28442896 -0.9569089  -0.52912523  1.52349722 -0.29146617]
[ 0.71044582 -0.31082152  2.13551068  1.60645092  2.1721354 ]
[-0.4468575  -1.40432841 -0.50554356  1.54626245 -0.14104247]
[1.50228494 0.30217008 1.75084617 1.59737418 1.82190667]
[ 0.08103524 -0.88676555  0.29466072  1.57454809  0.62840779]
[1.25864213 1.04546439 0.79932481 1.5670766  0.95689759]
[0.87287436 0.16914968 0.45815817 1.56813915 0.69583238]
[1.64440991 0.30808281 1.19195019 1.56511761 1.2610717 ]
[0.71044582 0.74906652 0.42381824 1.57269618 0.69548823]
[2.05048125 0.55029007 1.16228877 1.59071796 1.34253122]
[1.2789457  0.29530562 1.72695969 1.59178428 1.7711037 ]
[-2.19296427 -2.26636085 -2.56208765  1.47379823 -2.26459631]
[1.50228494 0.66389073 0.66959704 1.56689192 0.82655759]
[1.88805271 0.78660427 0.98459529 1.5613012  1.09915088]
[1.68501704 1.08097679 0.97886831 1.57928746 1.13686208]
[ 1.25864213 -0.18383209  1.55285129  1.58644499  1.6340187 ]
[ 0.56832085 -0.35301136 -0.23536225  1.55733553  0.08220522]
[ 1.56319564  0.47204075 -0.03443129  1.5592293   0.23204562]
[-0.5077682   2.3751405  -2.01711904  1.50992251 -1.63316725]
[0.54801729 0.03220438 0.1932473  1.56075406 0.44414673]
[-0.46716107 -0.8638981   0.15353259  1.57399898  0.51124118]
[ 1.66471347  0.43387909 -0.03375528  1.55831518  0.21743822]
[-0.12200043 -1.11439096 -0.6147931   1.55106923 -0.22282201]
[1.36015997 0.64363619 1.09068626 1.57832887 1.22579456]
[ 0.50741015 -0.72895478  1.7716096   1.60312554  1.89066661]
[1.1571243  0.93704191 0.05843625 1.55667228 0.32222543]
[ 0.58862442 -0.60491825  1.74541981  1.59242251  1.81174787]
[-0.48746463 -1.46296241  0.64406671  1.57934409  0.92800387]
[ 0.08103524 -0.62167596  1.8773752   1.60715785  1.99460547]
[ 0.48710658 -0.26047172  0.81006537  1.5663827   0.96669572]
[ 0.66983869 -0.4326071   1.37337358  1.58325098  1.50015638]
[-0.24382183 -0.89616715  0.01516428  1.56860838  0.36327074]
[ 0.18255308 -0.53685781  1.83749594  1.5906898   1.91298557]
[-0.54837534 -0.79623718  1.08257651  1.56748606  1.24912278]
[-0.42655393 -1.33871419  1.23606457  1.56963933  1.37041058]
[-0.2641254  -1.02565841  0.71522045  1.57028205  0.96401245]
[ 0.20285665 -0.10238063  0.87797613  1.58057124  1.11137731]
[-1.79025228e-04 -6.78428359e-01  9.64413995e-01  1.57553495e+00  1.17807580e+00]
[-0.30473253 -0.59446553  0.79102786  1.57742862  1.03891905]
[1.07591003 0.08162686 2.39035505 1.59497514 2.3140314 ]
[0.81196366 0.48503059 0.96305644 1.57958672 1.15646694]
[-0.30473253 -0.18612866  0.15656707  1.55115577  0.41786479]
[ 0.26376735 -1.04577822  2.00329119  1.6075721   2.08251822]
[1.56319564 0.73286373 0.69143222 1.57407783 0.91041564]
[0.87287436 0.41835632 0.52527728 1.57219444 0.77443935]
[ 0.66983869 -0.76055767  1.36540008  1.59241177  1.5310056 ]
[ 0.46680302 -0.150752    1.19098394  1.59196993  1.39667276]
[ 0.83226722 -0.1487258   1.85835337  1.60645231  1.96923202]
