[-0.33809447  1.17709226  0.30262563  0.17935494  0.30663939]
[ 1.10152953 -1.39634855  0.66612908  0.3406375   0.6160983 ]
[ 1.0055546  -1.21898979  1.04590852  0.37344961  0.86087716]
[-0.62601928  2.15766195 -0.24005402  0.31329254  0.09609113]
[ 1.2934794  -0.89710104  2.01278102  0.41425867  1.37290651]
[-0.81796914  0.90729604 -0.689596    0.17726186 -0.3604918 ]
[1.67737913 0.34072399 1.5096508  0.35943774 1.04743938]
[-0.81796914  1.77449816 -0.70955285  0.18145799 -0.34600913]
[-0.62601928  0.78350719 -0.42906752  0.10094235 -0.29685877]
[-1.20186888 -0.79977818 -0.77168763  0.28806595 -0.23895565]
[0.33373006 0.2403598  0.52846705 0.33521708 0.53905724]
[ 1.48542926 -0.79977818  1.11722119  0.35983383  0.86940425]
[1.19750446 0.25978513 0.98812505 0.3513435  0.8083898 ]
[1.0055546  0.17345034 1.36297506 0.3706739  1.00942615]
[ 1.2934794  -0.14611723  1.13763128  0.31862255  0.81134436]
[1.77335407 0.06193457 2.07574517 0.40362698 1.39941589]
[-0.72199421  1.51163956 -0.67099992  0.08877304 -0.46586049]
[1.19750446 0.25978513 1.03726113 0.32370894 0.73361956]
[ 1.19750446 -0.77443369  1.4103096   0.35807018  0.99673306]
[ 1.96530393 -0.14806265  2.33110623  0.40813647  1.48866212]
[-0.72199421 -0.82203188 -0.56895913  0.27490831 -0.15461082]
[1.77335407 0.37708783 1.94882814 0.39685357 1.28856628]
[-0.62601928 -0.57724117  1.17808995  0.37792845  0.9668724 ]
[-0.14614461 -0.0495812   0.54247847  0.36791964  0.63788555]
[ 1.0055546  -0.96683766  1.197944    0.31274169  0.79742611]
[-0.43406941  1.12929979  0.5848758   0.33077042  0.58254365]
[-0.05016967  0.8915031   0.54000129  0.13096343  0.32953554]
[ 1.5814042  -0.40522608  1.15939319  0.38119679  0.93826747]
[ 0.90957966 -1.27472704  1.06090683  0.24888034  0.73869866]
[-0.43406941  1.63329313  0.47798049  0.33425251  0.54342222]
[1.10152953 1.17709226 1.81971492 0.41572122 1.29853997]
[ 1.10152953 -0.34357731  1.85260196  0.39545     1.2840963 ]
[ 1.38945433 -0.76328211  1.28778638  0.15338596  0.69068156]
[-0.62601928  1.0250253  -0.14350539  0.34079686  0.23184952]
[ 1.38945433 -0.30447438  2.43945155  0.40594608  1.56809811]
[1.38945433 0.11262356 2.55786769 0.40041534 1.57381885]
[ 1.96530393 -0.81051232  1.91576106  0.3981537   1.28468298]
[1.10152953 0.46830559 0.99397499 0.3145536  0.71206967]
[ 0.7176298  -1.04490104  1.62563423  0.38542587  1.15886757]
[1.5814042  0.53373206 1.08781824 0.37252872 0.87740508]
[ 1.5814042  -0.31233068  1.65359569  0.38652757  1.16585076]
[1.869329   0.20132928 1.52397424 0.39714163 1.1186341 ]
[ 0.23775513 -0.49564427  0.87278378  0.34930174  0.75492925]
[ 1.67737913 -0.53909197 -0.17800808  0.19191882 -0.03946709]
[-0.72199421  1.81157853 -0.6386351   0.18526722 -0.29974573]
[1.77335407 0.37708783 0.9864514  0.34911327 0.77826142]
[ 1.48542926 -1.59812971  2.10520882  0.40991544  1.40612587]
[ 1.67737913 -0.62431631  1.48543143  0.38028432  1.07440725]
[-0.62601928  0.78350719  0.32047316  0.36042682  0.51079547]
[ 1.0055546  -1.66655984  0.97512002  0.37085471  0.83577676]
[-0.62601928  0.34072399 -0.32939591  0.06986937 -0.3017393 ]
[ 1.0055546  -1.52502059  1.18029352  0.35530136  0.90396483]
[ 0.62165486 -0.49564427  1.85593458  0.3847057   1.25763488]
[-0.14614461 -0.20473357  0.18110442  0.32613376  0.36259395]
[1.0055546  0.69916754 0.98744414 0.37499874 0.83943609]
[ 1.869329   -0.0941875   1.09032071  0.35364804  0.82674572]
[-1.20186888  0.34072399 -0.07090191  0.30990392  0.21544469]
[-1.00991901  1.36295187 -0.0597836   0.32169017  0.21828497]
[1.0055546  0.84254495 1.74208934 0.39073903 1.20645919]
[ 2.06127887 -0.01771955  1.44430901  0.34367217  0.99225649]
[0.23775513 0.84254495 0.21377046 0.29898646 0.307736  ]
[ 1.5814042  -0.83442635  1.45047216  0.40414336  1.11777966]
[-0.72199421  0.48831839  0.31718608  0.29841569  0.3774497 ]
[ 1.38945433 -0.30447438  2.3314543   0.42971625  1.53843158]
[-0.33809447  2.22255259  0.03466369  0.15737677 -0.0042098 ]
[0.52567993 1.14150212 1.87846815 0.41013685 1.32934353]
[ 0.90957966 -1.10819567  1.36014586  0.36776794  0.99541109]
[ 0.52567993 -2.23190244  1.73066035  0.39976259  1.25550582]
[ 0.7176298  -0.85592598 -0.44489106 -0.00689679 -0.45669127]
[ 0.7176298  -0.65495251  0.91031281  0.35283593  0.78173045]
[-0.43406941  0.89830284  0.43042161  0.3448796   0.54556703]
[-0.43406941  0.89830284  0.58668045  0.32563424  0.57099398]
[ 1.48542926 -0.88166039  1.82229497  0.42899531  1.32293127]
[ 1.38945433 -0.76328211  1.67360328  0.39267889  1.18402076]
[-0.14614461 -4.90882149 -1.80045947  0.09694159 -1.3109293 ]
[ 0.62165486 -0.14348921  0.7128208   0.36165417  0.70425195]
[ 0.81360473 -0.79977818  0.81520901  0.35157794  0.72745461]
[ 1.48542926 -0.71574118  1.55703106  0.39283058  1.13728934]
[ 1.2934794  -0.63503898  1.16449572  0.39133968  0.97625565]
[ 1.67737913 -0.70738307  1.69360137  0.28086349  1.08080247]
[ 1.0055546  -0.96683766  1.27520242  0.41863024  1.07634936]
[-0.91394408  1.41605462 -1.08333792  0.11397588 -0.76706352]
[ 1.0055546  -0.59550914  1.49224031  0.40600967  1.14607226]
[-0.72199421  0.96800019 -1.13012569  0.16090483 -0.65384803]
[1.48542926 0.87545125 1.4473443  0.20710212 0.92519144]
[-0.53004434  0.20866585  0.26854508  0.33226362  0.42400179]
[ 0.90957966 -0.8400312  -0.02428719  0.27829617  0.10914961]
[-0.91394408  1.11941169 -0.92219616  0.15059186 -0.5669424 ]
[ 1.48542926 -0.71574118  1.74696078  0.39589666  1.21691137]
[-0.81796914 -0.40522608 -0.63449859  0.20097763 -0.26693158]
[-1.10589394  0.69916754 -0.20801553  0.2141728   0.01263009]
[ 1.0055546  -0.96683766  1.02210767  0.3947306   0.91174638]
[1.77335407 0.37708783 2.50210195 0.41159557 1.57347197]
[ 0.81360473 -1.64014821  0.79256287  0.36940211  0.73023448]
[ 0.62165486 -1.2828144   0.2337981   0.32540287  0.40264753]
[-0.53004434  1.32915922  0.24217416  0.34411729  0.43992423]
[-0.62601928  1.28163829 -1.35529005  0.02493161 -1.08227228]
[1.19750446 0.0270859  2.18294744 0.39772313 1.43381563]
[ 0.90957966 -1.65369263  1.2344952   0.38235902  0.97595059]
[ 0.23775513 -0.95708883  1.09330657  0.33521478  0.82234781]
[-0.62601928  0.13728307 -0.57793956  0.275558   -0.16820315]
[ 1.48542926 -0.88166039  2.07087658  0.37919181  1.34319142]
[ 0.90957966 -1.35461708  0.6894303   0.1430661   0.40517965]
[ 1.48542926 -0.79977818  1.65017101  0.3927555   1.16888924]
[ 0.81360473 -0.70151953  1.68525365  0.36808206  1.16454762]
[1.2934794  0.07051271 1.15637969 0.34630845 0.85284135]
[ 1.38945433 -0.30447438  1.29266108  0.35820426  0.96021269]
[ 0.14178019 -1.13013054 -0.20333461  0.08220035 -0.21488162]
[ 1.10152953 -0.12973315  0.87855238  0.14492551  0.51621112]
[ 1.0055546  -0.39270664  0.93784808  0.36241418  0.80257263]
[ 1.67737913 -0.36182535  0.96594012  0.32809048  0.71697126]
[ 1.19750446 -0.68412162  0.87911866  0.36283019  0.75738201]
[0.81360473 0.34072399 0.83406704 0.32962581 0.66555547]
[-0.62601928  1.28163829  0.21304082  0.34144271  0.42356628]
[ 1.0055546  -0.59550914  2.0593119   0.4065996   1.38304607]
[-0.62601928  1.28163829 -0.47823648  0.18218122 -0.22391624]
[-0.72199421  1.51163956  0.50656334  0.3286329   0.54072999]
[-1.10589394 -0.06397033 -0.59158243  0.15291019 -0.35581174]
[-1.39381874  1.10436458  0.00355632  0.34607784  0.32093245]
[-0.72199421  1.51163956  0.17584626  0.32389204  0.35275972]
[-0.91394408  1.41605462 -0.58753673  0.26362694 -0.19658438]
[ 1.19750446 -1.03091996  2.02795722  0.40656972  1.36124593]
[ 1.48542926 -0.16109696  1.72131087  0.38296427  1.18523508]
[0.52567993 0.34072399 0.96756557 0.35725808 0.77885451]
[-1.00991901 -0.397248    0.21763856  0.34788209  0.43443918]
[-0.91394408  1.11941169 -0.48518728  0.10371807 -0.31104773]
[-0.33809447  0.73689844  1.17494051  0.36891255  0.9386458 ]
[-0.43406941  1.37388479  0.41630817  0.29978325  0.42473783]
[ 1.38945433 -0.40140559  1.18564483  0.1775415   0.7274732 ]
[ 1.2934794  -0.35018892  2.58726456  0.44561972  1.69001727]
[ 0.04580526 -0.7481328   0.68536243  0.33898111  0.63731409]
[0.52567993 1.51163956 1.91976629 0.41204606 1.34650021]
[ 1.19750446 -1.1908075   1.28479736  0.36023222  0.96324601]
[ 0.33373006 -1.47355178  1.88398135  0.41690261  1.35465829]
[ 1.10152953 -0.73460663  1.01045059  0.36236438  0.83452179]
[ 0.81360473 -1.49024437 -0.1134458   0.13777362 -0.04394354]
[ 1.869329   -1.46691064  1.36593956  0.3854726   1.03730715]
[ 0.33373006  1.25312574 -0.56795229  0.08751734 -0.41884366]
[ 1.0055546  -1.59668603  0.88823865  0.36714967  0.78896099]
[1.0055546  0.69916754 2.09031761 0.43124239 1.4523422 ]
[ 1.2934794  -0.2496536   0.92581813  0.36252603  0.79110685]
[ 1.67737913 -0.36182535  1.34924175  0.36474323  0.97792209]
[-0.72199421 -0.82203188  0.2651882   0.31461183  0.38795505]
[ 1.48542926 -1.46816551  2.44002911  0.43486545  1.59415622]
[ 1.10152953 -0.23830019  2.01505799  0.40918301  1.37395326]
[0.52567993 0.34072399 1.37584989 0.33758368 0.96779979]
[-1.29784381  0.24779419 -0.78501463  0.18244247 -0.38866414]
[-0.05016967  0.69916754  0.76102041  0.15666963  0.48809959]
[-0.72199421  2.1329417   1.02950877  0.36366834  0.86369359]
[0.04580526 0.9381299  1.39422077 0.39659002 1.08787193]
[-0.62601928  1.55480696 -1.35234078 -0.03491135 -1.10753006]
[-0.33809447  1.17709226  0.68795659  0.33643601  0.63508579]
[-0.05016967  0.69916754  1.1767016   0.39900105  1.0002255 ]
[1.38945433 0.22491916 1.3902145  0.39472064 1.06451323]
[-0.14614461 -4.51021194 -2.62123745 -0.1327164  -2.40020783]
[ 1.0055546  -0.87798405  1.29883021  0.40086583  1.04406689]
[-0.53004434  0.84254495  0.56770603  0.32446282  0.55997713]
[-0.24211954  1.00101473  0.54911028  0.30235593  0.47851079]
[-0.81796914  1.46549511 -0.16609175  0.11379047 -0.10328585]
[ 0.14178019 -0.16109696 -0.15647992  0.09145681 -0.14393765]
[ 1.96530393 -0.49564427  2.30101439  0.43092598  1.52506979]
[-0.24211954  1.22230135  1.67852512  0.41159021  1.26441275]
[ 1.10152953 -0.23830019  0.36139906  0.31605829  0.39804003]
[-0.91394408 -4.82507999 -2.55242725 -0.12956374 -2.30701567]
[ 1.0055546  -0.6924368   0.82291288  0.37195258  0.76367951]
[ 1.38945433 -0.76328211  0.45564295  0.30932548  0.43666157]
[-0.62601928  0.13728307  0.60401123  0.35551052  0.64075533]
[-1.20186888  0.34072399 -1.29414896  0.15047311 -0.78670004]
[-0.62601928  0.34072399  0.55760706  0.35511672  0.61875796]
[ 1.2934794  -1.36298914  0.59320136  0.33928987  0.58281619]
[ 1.19750446 -0.77443369  0.87500507  0.34823068  0.73025016]
[0.14178019 0.28733879 0.75127498 0.25012838 0.58955153]
[ 1.2934794  -0.81210794  1.06524011  0.34883057  0.81938755]
[-0.72199421  1.51163956 -0.51239068  0.07973185 -0.38636739]
[-0.62601928  1.84618687  0.01746756  0.29626055  0.19578109]
[ 0.81360473 -0.79977818  0.16661374  0.30793648  0.29412042]
[-0.91394408  2.44837202 -0.14273676  0.11420495 -0.08807492]
[ 1.2934794  -0.0394434   2.5471515   0.40712363  1.59090238]
[-0.05016967  0.69916754  0.23111339  0.2435825   0.31794583]
[-0.24211954 -1.82229738  0.78670284  0.36846972  0.76489859]
[0.62165486 1.17709226 2.28691919 0.42297807 1.53831411]
[ 1.19750446 -0.29591453  1.044775    0.37035442  0.85423712]
[-0.05016967  1.09345543  1.20479961  0.33848772  0.8827072 ]
[1.869329   0.20132928 1.55134855 0.37562161 1.09513419]
[-0.43406941  0.89830284  0.60897518  0.29735536  0.51908242]
[ 0.90957966 -0.64771123  0.6391903   0.34251913  0.62223235]
[ 1.10152953 -0.64109962  0.93530671  0.34286006  0.74768501]
[-0.53004434  1.32915922 -0.74175411  0.1763831  -0.40801421]
[-0.62601928  1.55480696 -0.59103386  0.19260298 -0.27498293]
[ 0.90957966 -0.93201032  1.40919775  0.35256089  1.00848449]
[ 1.2934794  -1.36298914  2.22257613  0.43176566  1.5095223 ]
[0.23775513 0.84254495 1.48793209 0.37358216 1.0976696 ]
[-0.91394408  0.84254495 -0.26153469  0.29990966  0.077599  ]
[ 0.14178019 -1.13013054  1.3036439   0.37949137  1.02176525]
[ 1.77335407 -0.74345709  1.61746768  0.43227208  1.25780824]
[ 1.67737913 -0.53909197  2.29548731  0.42925963  1.52590565]
[ 0.81360473 -0.6001903   1.57341482  0.38978749  1.16897679]
[ 0.90957966 -0.8400312   1.70547576  0.3641173   1.16194306]
[ 1.0055546  -0.6924368   1.04637538  0.3438208   0.79106122]
[1.38945433 0.11262356 1.3011595  0.36081831 0.95828719]
[-1.10589394  0.69916754 -0.9135005   0.14707529 -0.55804577]
[-0.53004434  1.32915922  0.25361093  0.22495695  0.29297545]
[ 1.2934794  -0.2496536   2.57434071  0.4362989   1.65371369]
[1.48542926 0.26469052 2.11306972 0.37236323 1.33919795]
[ 0.7176298  -0.65495251 -0.64711173  0.14294965 -0.46776682]
[0.7176298  0.88190346 1.25607738 0.3642169  0.95058622]
[-0.62601928  1.0250253  -0.0207704   0.34293744  0.29704315]
[-1.10589394  0.99123264 -0.50548707  0.2774833  -0.10099145]
[-1.48979368  0.03963142 -1.44812883  0.12855393 -0.96250066]
[ 0.7176298  -0.09188028  1.18436572  0.38678499  0.95626913]
[0.42970499 0.0093328  0.57591175 0.11316913 0.29159955]
[ 1.0055546  -1.66655984  2.11409148  0.42290835  1.43908446]
[-0.05016967  0.34072399  1.19438681  0.38570014  0.97595365]
[-0.24211954 -0.83701907  1.10248846  0.39464709  0.95191198]
[ 0.90957966 -0.74530644  1.30721664  0.38475243  1.01011325]
[-1.00991901 -0.19151036  0.13433433  0.34125271  0.37326852]
[-0.33809447  0.34072399  1.21941085  0.41743124  1.06957816]
[ 0.33373006 -1.38428555  1.02874572  0.3613278   0.84936345]
[-0.53004434  1.32915922 -0.3686027  -0.0201433  -0.41492127]
[ 0.81360473 -0.0420208   1.58700548  0.40169402  1.17869077]
[ 1.48542926 -0.26004758  1.61711857  0.40647242  1.17844369]
