[-1.10589394  1.64545849  0.891533   -0.93036283  0.47593693]
[-0.53004434  1.07869599  0.60996922 -0.98738298  0.17039208]
[ 0.7176298  -1.04490104  4.44882843 -0.51146232  2.51605828]
[-1.00991901  0.25978513  2.08279187 -0.84680855  1.28189488]
[ 1.48542926  1.00981861  3.80649663 -0.79995041  1.92159308]
[-0.62601928  0.55579012  2.58782048 -0.64582664  1.66762419]
[-1.29784381 -0.9138284   1.96128282 -0.65373042  1.38849137]
[-1.58576861 -2.01631384  1.89380468 -0.64582664  1.38683054]
[-1.10589394  1.3057643   2.12796823 -0.64187475  1.47324834]
[-1.29784381 -0.49564427  0.69139642 -1.03932213  0.30695263]
[ 0.62165486 -0.81426075  2.84066036 -0.87277813  1.46367456]
[-1.39381874  0.75890813 -0.65799667 -1.2549825  -0.92347569]
