[1.98957055 1.28164679 0.18842817 2.79739509 0.46683958]
[0.87287436 0.72315267 1.68038093 2.87681989 2.00614469]
[ 1.0962136   2.27101645 -0.35993998  2.78737195  0.06318084]
[-1.09657165 -0.0235392  -1.23735567  2.79414718 -0.65756063]
[0.93378506 0.02774682 1.08900177 2.85608966 1.44860165]
[-0.54837534  0.00501953 -0.05121544  2.84472787  0.5487155 ]
[0.75105296 0.27887152 1.21122416 2.86738082 1.5989478 ]
[1.0962136  0.82376326 1.86549511 2.87347113 2.08577283]
[0.75105296 1.11498899 1.61021006 2.87400981 1.91359436]
[0.56832085 0.85076981 1.29815635 2.86876534 1.66456322]
[0.95408863 0.39419969 0.36682936 2.82665285 0.7794909 ]
[-0.85292884 -0.83624783 -0.78372797  2.8015623  -0.2258727 ]
[-0.18291113  2.13480244 -0.73583294  2.80897632 -0.14716223]
[1.50228494 0.57563222 1.52558105 2.84175229 1.72302054]
[1.13682073 1.33426988 0.84842943 2.84571514 1.21802998]
[ 0.71044582 -0.07629055  0.67623771  2.83344411  1.05224638]
[-0.12200043  0.74605557 -0.15155983  2.82730414  0.36118587]
[0.91348149 1.03413849 1.20683717 2.86653568 1.59069174]
[ 1.13682073 -0.04069967  0.73968419  2.85914725  1.19219288]
[0.44649945 0.28100795 0.90292777 2.86302817 1.3485998 ]
[0.26376735 0.1224411  1.36081046 2.86889322 1.71060872]
[ 2.53776686  1.97564019 -0.50274414  2.79917743 -0.09937104]
[1.0962136  0.87402097 1.40263857 2.87075636 1.75878288]
[0.56832085 1.16905233 0.88522579 2.85416014 1.30121286]
[ 0.58862442  1.83721157 -1.32194497  2.77015023 -0.88365173]
[0.34498161 1.11038132 0.15258599 2.80982876 0.60884428]
[0.64953512 0.60361661 0.9876299  2.86109443 1.3957427 ]
[0.71044582 0.13004872 1.40466148 2.86445355 1.71528824]
[0.48710658 0.69329496 1.08574126 2.86504652 1.50167443]
[-3.32996402  6.33210103 -4.01402032  2.53542636 -4.06384044]
[-1.23869662  0.57035838 -0.85782542  2.82547323 -0.20182108]
[-1.36051802  3.64251287 -2.19165459  2.77142539 -1.58442107]
[0.93378506 1.09269127 0.96199354 2.86240304 1.38611166]
[2.70019539 1.45475463 1.9478798  2.87268181 2.14161424]
[0.06073168 0.2424944  0.05849429 2.840487   0.57721225]
[ 1.66471347  1.19996879 -0.35093767  2.79636127  0.06703405]
[0.99469576 1.51927311 0.60787    2.84135382 1.03573888]
[2.8829275  2.21465995 0.26084689 2.79870648 0.5169255 ]
[0.73074939 0.39047118 1.46286381 2.87300453 1.80538469]
[3.20778457 2.58996935 2.02269125 2.86495178 2.12458505]
[-1.38082158 -1.08555409 -0.24641151  2.84477161  0.40484749]
[-2.61933917  3.76097208 -3.455752    2.67516147 -3.18910963]
[1.68501704 0.89309627 0.79172    2.86509419 1.28012897]
[-1.79025228e-04  4.68977926e-01 -1.50041573e-01  2.82984967e+00  4.06451254e-01]
[-0.97475024 -0.61337776 -0.67035547  2.75258882 -0.24186216]
[0.93378506 1.37737012 1.22179484 2.85105483 1.52774743]
[0.97439219 1.65498632 0.64553751 2.85294624 1.0917763 ]
[1.19773143 0.52578724 0.63407448 2.81823973 0.9422719 ]
[2.33473119 2.27238876 0.86431202 2.83220929 1.14563689]
[ 0.64953512  0.82839757 -1.5105436   2.76261396 -0.98204695]
[0.56832085 0.09553095 1.72672838 2.88071219 2.05002178]
[1.23833856 0.49078437 0.31733444 2.83621841 0.80016698]
[0.60892799 0.29492066 1.39950003 2.87385693 1.77012919]
[-0.64989317  0.89883669 -1.36554673  2.77614267 -0.86273119]
[1.25864213 1.18891021 1.71115926 2.87421863 1.97608759]
[1.23833856 1.13276253 0.64791908 2.84857724 1.0751514 ]
[-0.93414311  0.10586417 -0.89528948  2.81049786 -0.28455082]
[-2.57873204  3.37805291 -3.42779237  2.67159627 -3.15947076]
[0.54801729 1.25685278 0.25058955 2.84934885 0.75603068]
[-0.73110744 -0.59540704 -0.01538861  2.84385932  0.55632463]
[ 0.12164238  1.31206141 -0.99753314  2.79416568 -0.47234383]
[-0.5686789  -0.2802245   0.58785672  2.85524121  1.08625528]
[0.93378506 0.28664037 1.72723645 2.87290952 1.9965921 ]
[1.96926698 1.4888872  1.02761133 2.85861881 1.3864488 ]
[1.05560646 0.61917965 0.24740244 2.82483946 0.67161143]
[ 2.78140966  3.09637672 -4.55804531  2.02357243 -6.16497486]
[-1.94932146 -1.95256975 -0.72656314  2.83602446 -0.01729222]
[0.12164238 0.18561448 0.34576723 2.80223036 0.71946716]
[-0.3859468   0.36567774 -0.48843218  2.81218809  0.0624426 ]
[0.32467805 0.19225933 0.83854682 2.8539869  1.27083175]
[1.5834992  1.92561788 1.05248516 2.869666   1.48669388]
[1.2789457  1.71253114 1.58777605 2.87671008 1.92496078]
[-0.5077682  -0.06190027  0.41601066  2.85565373  0.9540405 ]
[-0.85292884  1.30852169 -0.84936824  2.80798391 -0.2785534 ]
[1.66471347 1.029756   1.0323093  2.85922461 1.41266016]
[-1.54325012  0.23824918 -1.90116368  2.69132375 -1.5387581 ]
[-4.26553933e-01  1.05148512e-03  4.70278626e-01  2.84967254e+00  9.76590455e-01]
[-0.6295896   0.4489429  -0.83877986  2.77807509 -0.35136291]
[-1.01535738  0.5265396  -1.57562431  2.75582332 -1.07239407]
[-0.93414311 -0.22272602 -0.26397795  2.83384282  0.32133855]
[-1.21839305  0.32394973 -1.56158346  2.79332015 -0.95268151]
[ 0.38558875 -0.16957647  0.12778159  2.84659399  0.6651933 ]
[-0.2032147  -0.1928762  -0.2472084   2.83162064  0.30584325]
[0.89317792 0.70271244 1.58822535 2.86973919 1.88406477]
[1.2789457  1.07473522 1.03920355 2.85153352 1.38303554]
[1.05560646 0.55995534 0.4147806  2.82929488 0.81419768]
[ 0.28407091  0.35591713 -0.42582773  2.79603189  0.01614068]
[-0.12200043 -0.99297432 -0.42173174  2.83096604  0.16222649]
[0.93378506 0.29783682 1.34570525 2.86584574 1.69245951]
[-1.15748235 -0.56792035 -0.1582086   2.84905587  0.47794497]
[1.78653487 0.98023226 0.71995766 2.84136531 1.12827307]
[0.75105296 1.32052638 0.02432795 2.81091458 0.43999168]
[0.95408863 1.48427004 0.71574374 2.86457302 1.22140304]
[0.89317792 0.70271244 1.49125683 2.87144839 1.82011179]
[0.04042811 0.52464174 0.59333193 2.85070779 1.07662631]
[ 0.08103524 -0.17281617  0.93251866  2.86575732  1.38625585]
[-3.35026759  4.90736101 -4.6152602   2.54484844 -4.84380303]
[1.01499933 0.8569452  1.25826965 2.85238744 1.56669471]
[1.3398564  1.2812208  1.53285596 2.87549213 1.87609813]
[1.07591003 1.03808719 1.74218153 2.87065032 2.00407441]
[1.1571243  1.14558392 1.38311652 2.86938387 1.73456273]
[0.20285665 1.03323518 0.72924665 2.86207771 1.21976178]
[1.13682073 0.03886169 1.40035461 2.86478858 1.70478576]
[1.60380277 0.91278422 0.41367742 2.82406785 0.7878804 ]
[ 1.2789457  -0.04594772 -0.77288585  2.72322017 -0.53268643]
[1.03530289 0.53140392 1.600315   2.86341235 1.86215839]
[0.89317792 0.44735316 1.93442851 2.87754728 2.17916866]
[-0.30473253  0.29153812 -0.35251143  2.82784794  0.22650357]
[-1.82750006  3.0028248  -1.86500645  2.76425862 -1.32374744]
[-0.58898247 -1.67786238 -0.41142002  2.79352443  0.03562149]
[-1.13717878  1.23847147 -1.51555243  2.72741177 -1.08733369]
[-2.45691064  5.17041507 -3.74620929  2.65863566 -3.55239914]
[0.89317792 1.14090623 0.91851807 2.86343261 1.36465808]
[1.31955283 1.27827066 1.22291469 2.84590794 1.50212312]
[-0.30473253  0.36522438  0.67671573  2.86640762  1.22064206]
[1.36015997 0.59839958 0.92474538 2.81858273 1.16834294]
[0.58862442 0.89731292 0.5876986  2.83731715 0.99784965]
[ 0.04042811 -0.22409573  0.83675596  2.85391155  1.25238494]
[1.66471347 0.74257136 0.40604582 2.82068699 0.75018202]
[0.28407091 0.29160156 1.18062693 2.86914301 1.59797451]
[0.95408863 1.20762179 1.65788894 2.86660154 1.9290101 ]
[0.95408863 0.76729741 1.12751149 2.86440902 1.53886432]
[0.48710658 0.52058751 1.12567752 2.86805646 1.5427346 ]
[0.85257079 0.5686211  1.04283764 2.85706004 1.39113912]
[-0.18291113  0.5421107   0.7304285   2.86339847  1.23382629]
[-0.48746463  0.68311833 -0.36265337  2.82965788  0.21147004]
[ 0.06073168 -0.53699855  1.12552116  2.86914684  1.55576789]
[1.48198137 1.54424493 1.31262511 2.86676854 1.66303896]
[ 0.12164238 -0.81129512 -0.27323444  2.80011249  0.16041369]
[0.73074939 0.45071512 1.62671611 2.8744101  1.94663469]
[0.93378506 0.16568191 0.40261288 2.82218234 0.77153865]
[-1.79025228e-04  1.39915195e-02  9.17179638e-01  2.85523788e+00  1.34675527e+00]
[ 1.23833856 -0.47409788  1.79213389  2.87103902  2.02774674]
[0.44649945 0.44429046 0.93018248 2.84166357 1.29089477]
[0.99469576 1.47434564 0.41270524 2.83083618 0.81760745]
[0.46680302 1.27406349 0.56265368 2.85160348 1.03418455]
[1.3398564  0.39607018 1.48984989 2.87583984 1.84230592]
[0.42619588 0.10607171 0.82788025 2.86182619 1.28625118]
[1.31955283 1.27827066 1.23278034 2.8650551  1.58525126]
[-2.51782134 -2.20610637 -1.78545748  2.77547733 -1.12917618]
[0.08103524 0.34296453 1.27072222 2.86925205 1.65669499]
[1.50228494 1.7446053  0.82562932 2.83254994 1.13188503]
[0.91348149 0.63301606 1.43064068 2.86957491 1.77387122]
[ 1.218035    2.05256868 -0.99475617  2.7747338  -0.58103314]
[ 0.12164238 -1.09428414  0.6693914   2.82747319  1.03397595]
[0.66983869 0.30139622 0.55791567 2.84261095 1.00340327]
[1.0962136  0.46613124 1.91399161 2.87832344 2.15199207]
[0.66983869 0.81955364 0.50199591 2.84054092 0.9732993 ]
[1.218035   0.18477751 0.57759463 2.84048487 1.00223234]
[0.97439219 0.86111036 0.84567932 2.8412193  1.20859713]
[-0.83262527 -1.5220984   0.13566463  2.84628611  0.70597644]
[0.83226722 1.08771663 1.05806676 2.86148025 1.45758167]
[2.45655259 1.11762484 1.57125006 2.85175224 1.77002581]
[ 0.30437448  0.16086241 -0.10353047  2.83455067  0.45718951]
[-1.68537509 -1.78695925 -0.60696837  2.82098025  0.02776824]
[0.64953512 1.03792728 0.15877347 2.83096405 0.63345926]
[0.14194594 0.61244113 0.31621323 2.83855805 0.79816486]
[ 0.32467805  3.42568239 -0.91501911  2.78587581 -0.41625823]
[-0.93414311  0.46747059  0.40846469  2.86431282  1.005737  ]
[1.05560646 1.7246512  0.35863534 2.83100095 0.80104363]
[1.0962136  0.48896494 0.70828979 2.83016095 1.06183   ]
[-0.16260756 -0.40308707 -0.00948064  2.77927669  0.33391246]
[ 0.40589232 -0.40504789  0.63131421  2.83794637  1.04363137]
[1.54289207 1.34891592 0.52449664 2.83990262 0.92530441]
[1.13682073 0.51066657 0.32290162 2.82184417 0.7201788 ]
[0.93378506 0.72484782 1.0307608  2.86031456 1.44002421]
[1.82714201 1.79507198 0.45776629 2.82713924 0.83400106]
[1.0962136  1.00250237 0.39912588 2.82378938 0.78837221]
[1.42107067 0.70271244 0.19063227 2.7848607  0.41544629]
[1.01499933 0.21118096 1.20396158 2.84047239 1.480132  ]
[1.80683844 1.47166001 0.56122399 2.83084308 0.92795913]
[-0.6905003  -0.29899526  0.34194198  2.84060751  0.84682975]
[1.03530289 0.63827162 0.39393745 2.80727369 0.70868018]
[0.83226722 1.77060976 0.28916361 2.78197654 0.57235479]
[0.79166009 0.11133353 0.01302091 2.79896822 0.38563048]
[0.89317792 0.33154397 0.24238797 2.81735657 0.62803428]
[1.54289207 0.63950887 0.61158741 2.82918568 0.9687481 ]
[0.40589232 0.5104728  1.37656242 2.87504652 1.77314176]
[ 1.05560646  0.14844968 -0.97978431  2.76959335 -0.60931057]
[-1.38082158 -0.70929115 -0.67728787  2.83318061 -0.01308239]
[0.54801729 0.30037572 1.22383928 2.8421279  1.50459907]
[0.66983869 0.79259835 0.14099368 2.84469799 0.66692419]
[-0.14230399 -0.4056331  -0.62423795  2.80572277 -0.11780149]
[ 0.97439219  0.13492181 -0.03666766  2.8187287   0.41128764]
[0.71044582 0.97968099 0.89336722 2.86948554 1.3730716 ]
[0.40589232 0.08743165 0.87972134 2.8391083  1.24001853]
[-0.60928604  0.57375625  0.18769489  2.83373911  0.70280495]
[2.11139195 1.20361667 0.64052169 2.81992638 0.92068788]
[-0.34533967  0.00761412  0.11656809  2.83078493  0.63591089]
[1.96926698 1.5270237  0.4357029  2.82549307 0.80373212]
[-0.14230399 -0.49644725  1.15576877  2.87239064  1.60348219]
[1.13682073 0.84484205 1.2412425  2.85825907 1.5666026 ]
[0.60892799 0.65799801 1.20004763 2.87003841 1.59254678]
[ 2.92353463  2.6765118  -1.15604885  2.77851753 -0.67973078]
[1.98957055 0.83794377 0.44868467 2.80740258 0.73172695]
[-0.3250361  -1.5599877  -0.3984025   2.82489176  0.17313801]
[0.48710658 0.06848593 1.08777322 2.86156586 1.49172888]
[-0.75141101 -0.30188971  0.26265409  2.83425126  0.7649089 ]
[ 0.10133881  0.51506616 -0.12644223  2.82866425  0.4052104 ]
[-0.08139329 -0.1544334  -0.23093829  2.81173141  0.25591507]
[1.05560646 0.46706574 0.48285486 2.82685611 0.85638796]
[-0.10169686  0.25246615  0.58598961  2.84897401  1.04770069]
[ 0.18255308  0.78401141 -0.56657353  2.8049072  -0.0554664 ]
[0.12164238 0.10941092 0.44767566 2.84746746 0.93121797]
[-0.99505381  0.76646524 -0.29247695  2.82146398  0.24329521]
[-0.5077682   0.16811773 -0.24209488  2.81849811  0.2668055 ]
[0.44649945 0.38064084 0.77123767 2.83774344 1.14660868]
[-0.06108973  0.23970356  1.06899555  2.86382063  1.4863713 ]
[0.26376735 0.36249551 0.14405018 2.80118543 0.53469485]
[-0.67019674  0.63866641 -0.44810291  2.81740524  0.12086626]
[-0.2641254   0.01392957 -0.53852649  2.78730539 -0.11542988]
[ 0.73074939 -0.14239269  0.37827181  2.81333262  0.738923  ]
[ 0.20285665  0.05214791 -0.56853277  2.8006072  -0.08674241]
[-0.14230399  0.85230087 -0.76113107  2.77774877 -0.35819617]
[ 0.91348149 -0.2687587   0.59162618  2.81812926  0.90908664]
[-0.08139329  1.76309299 -0.97036161  2.79082707 -0.45701038]
[-0.40625037 -0.3827148   0.87275907  2.86449628  1.3571678 ]
[0.34498161 0.4530616  0.88234253 2.85701775 1.30992785]
[0.99469576 0.85260741 1.2200871  2.86531546 1.57792884]
[0.40589232 0.2312565  0.6997853  2.84145169 1.11673732]
[1.29924927 0.60692158 0.78992079 2.84474047 1.16103034]
[ 0.64953512  0.85570868 -0.93292525  2.76596018 -0.57110521]
[-3.00510695  5.54731762 -3.00509968  2.32878117 -3.07268624]
[-0.18291113 -0.01920815 -0.45336299  2.81883437  0.09429229]
[1.4007671  1.10831058 1.17292234 2.8375164  1.41668489]
[-3.79694606  5.74203832 -6.36191306  1.49464234 -8.66333966]
[ 0.56832085 -0.16782257  1.04999116  2.86534717  1.47575924]
[-0.48746463 -0.02509438  0.38352685  2.86201624  0.97535212]
[-2.78176771  5.35199687 -3.0991255   2.6623444  -2.75211719]
[-1.09657165 -0.8833926  -0.15896631  2.83219011  0.40019219]
[1.1571243  0.11590773 0.8862284  2.81746434 1.11693977]
[1.19773143 1.08644355 0.59724933 2.8159617  0.89707687]
[1.54289207 1.40175311 1.05844245 2.86346512 1.44649485]
[0.42619588 1.21970865 0.28545387 2.83387547 0.76428144]
[ 0.71044582 -0.51166931  0.81149705  2.84333243  1.17209571]
[0.99469576 0.41663242 0.72695512 2.81548831 0.99851745]
[1.07591003 0.47231414 0.43130015 2.81876526 0.78824826]
[-1.60416082 -1.34370907 -1.52873323  2.80373662 -0.88767134]
[ 1.84744558  1.16606359 -0.24783685  2.79378327  0.10779262]
[ 2.84232036  3.64999781 -1.569213    2.6783786  -1.39046018]
[1.64440991 1.02630922 1.30823267 2.84492395 1.57963613]
[-0.24382183 -0.81410545 -0.56679141  2.80553015 -0.06199559]
[-0.85292884  0.99350867 -0.52075084  2.79944715 -0.03505952]
[-0.87323241 -0.7620092  -0.0553572   2.82747334  0.49198345]
[-0.85292884  0.99350867 -0.52075084  2.79944715 -0.03505952]
[-0.85292884  0.99350867 -0.52075084  2.79944715 -0.03505952]
[-0.2641254   1.87054018 -0.64515817  2.7992758  -0.14650468]
[-0.06108973  0.26695832  0.84760249  2.86207415  1.31604138]
[-2.25387497  2.4283325  -2.37921647  2.7310418  -1.92014748]
[-0.79201814  0.4538043  -0.5150688   2.76235877 -0.08878231]
[ 0.91348149 -0.344676    0.3521623   2.82570548  0.76209584]
[-0.12200043  0.9561431  -0.50002247  2.81534138  0.02627046]
[-0.5077682   1.65229334 -0.29530393  2.81809835  0.23521639]
[0.99469576 0.70176374 1.20011383 2.85432252 1.52798098]
[ 0.24346378  0.74150227 -0.0205851   2.82341691  0.4566359 ]
[0.32467805 0.30470661 0.39705407 2.82837244 0.82337292]
[-0.40625037 -0.67801017 -0.30450094  2.81452942  0.19787391]
[-0.40625037  1.03997611  0.7215377   2.86752776  1.25964865]
[ 1.218035   -0.12170985 -0.06309593  2.79831063  0.30164701]
[-0.83262527  1.33491192 -0.84734826  2.73545402 -0.49759515]
[ 0.14194594 -0.36309914  0.07312481  2.82839667  0.5507978 ]
[1.36015997 0.18357415 1.28411116 2.84033635 1.54021753]
[0.69014225 0.66567663 0.03415101 2.82409606 0.49175119]
[ 0.44649945  0.22007544 -0.16052785  2.80161904  0.23670585]
[1.13682073 0.02881847 0.87418944 2.84046785 1.23522338]
[-1.44173229  2.49931825 -2.43112204  2.74926517 -1.90140569]
[2.11139195 0.74458034 0.51250022 2.80871413 0.7920034 ]
[1.50228494 0.89368973 0.37181051 2.8077288  0.69520811]
[1.03530289 0.63827162 0.28772756 2.81618018 0.66385043]
[1.86774914 0.5412256  0.73047641 2.82100088 1.01185275]
[0.91348149 0.65769607 0.3406197  2.83831238 0.82009447]
[-0.46716107  2.01296181 -0.85283026  2.82067009 -0.21065749]
[ 0.34498161 -0.52010291 -0.29050465  2.80109084  0.15674867]
[0.52771372 0.28202363 0.14013556 2.81528574 0.5483464 ]
[-0.60928604  0.98569172 -0.06864008  2.81353517  0.4012916 ]
[1.4616778  0.92172065 0.77519878 2.82848553 1.08449743]
[0.93378506 0.85236288 0.99610705 2.84906282 1.37747979]
[ 0.38558875 -0.36156488  0.73951953  2.8281614   1.07049898]
[ 0.46680302 -0.7366223  -0.04044596  2.80409063  0.35077033]
[ 0.48710658 -0.12170985  1.24205232  2.8679455   1.62569922]
[-0.18291113 -0.28208419  0.84963202  2.86849906  1.3593285 ]
[-0.48746463  0.00300395 -0.32915748  2.81937184  0.21014034]
[-1.23869662  0.48970381 -6.8919771   1.92632764 -9.42320162]
[-1.17778591  1.54565117 -1.85268096  2.7695496  -1.30649436]
[1.31955283 0.84577329 0.39582285 2.81771895 0.74324729]
[-0.30473253  1.30363966 -0.0965406   2.82488154  0.44514226]
[-0.24382183  1.02753836  0.13102214  2.85528038  0.74383552]
[ 0.91348149 -0.02010466  0.81987201  2.82740095  1.11183784]
[ 1.42107067  0.20018393 -0.08811977  2.79509192  0.26426255]
[0.54801729 0.30037572 0.20502867 2.81269059 0.58347153]
[1.3398564  0.20835134 1.49627106 2.84247542 1.67903731]
[-0.99505381 -0.55703638 -0.93959965  2.81599884 -0.30517447]
[1.03530289 0.49643497 1.38137221 2.85611618 1.65445046]
[-2.25387497 -1.23106761 -3.01859352  2.69680295 -2.6598377 ]
[1.3398564  1.74717447 0.07249013 2.8077525  0.42592132]
[ 0.97439219  2.11448113 -0.01389072  2.84811199  0.56717001]
[2.15199908 1.64540952 0.78473916 2.84004676 1.14239614]
[1.07591003 0.86979282 0.92422163 2.84925677 1.29581422]
[-0.24382183 -1.38136932 -0.79716467  2.79706505 -0.30565003]
[ 0.71044582 -0.231045    0.7543932   2.82600436  1.07743054]
[ 1.3398564   1.14956912 -0.47881862  2.79688331 -0.04680509]
[1.3398564  0.38538844 1.15814228 2.83033374 1.38892821]
[ 0.79166009 -0.00710406  0.4785118   2.82766989  0.87816597]
[1.44137424 0.56163483 1.90625535 2.87464813 2.12576499]
[0.95408863 1.00150969 1.42381716 2.87404638 1.79306379]
[1.74592774 1.62442681 0.3099356  2.81547631 0.6617126 ]
[-0.02048259 -0.29556761  0.16299109  2.82366089  0.62984422]
[-3.67512466  6.18458535 -5.72433199  2.128893   -7.01124119]
[-0.22351826 -0.12595733  0.96388948  2.87233892  1.46179971]
[1.84744558 0.82246209 0.00781866 2.81586077 0.42505188]
[-0.34533967  0.03497226  0.42873086  2.8618499   1.01299818]
[-0.6295896  -0.28273563 -0.21713554  2.83553151  0.40242348]
[ 0.06073168 -0.12170985 -0.21354723  2.81682626  0.27624398]
[0.42619588 1.08092608 0.30718007 2.82465074 0.73891055]
[-0.2032147  -1.20118419  0.13755789  2.82444884  0.60407604]
[1.31955283 0.26442802 0.26621329 2.81755581 0.61960195]
[0.93378506 0.82652812 0.73477205 2.84047434 1.13111281]
[0.16224951 0.17428692 0.2758072  2.83750878 0.76958245]
[1.50228494 1.45052439 1.12444347 2.87262128 1.55982502]
[-3.02541052 -0.89616715 -3.48477205  2.59703728 -3.36769181]
[0.38558875 0.45211085 0.49211456 2.85236375 0.97904796]
[ 0.46680302 -0.09609788  1.2101727   2.86812043  1.60342028]
[ 0.46680302 -0.47142753  0.93387322  2.86478138  1.38410068]
[-0.04078616  1.28209592 -0.3584074   2.80574452  0.10808833]
[-1.03566094 -0.10583259 -0.81027821  2.80754203 -0.2309327 ]
[ 0.73074939  1.50251896 -0.20162133  2.81715063  0.26418669]
[-0.16260756 -0.32108852 -0.26505017  2.82043392  0.23187808]
[2.31442762 0.79210995 0.80637373 2.83056024 1.11373929]
[ 0.38558875 -0.16957647  1.2760702   2.86788874  1.65791353]
[-0.93414311  1.05195225 -0.66862444  2.81347651 -0.09014976]
[0.64953512 0.84202962 1.71355923 2.87096417 1.99028044]
[1.44137424 1.36215526 1.73349588 2.87158261 1.98317942]
[-0.83262527  0.9395835  -0.2894531   2.84330679  0.35293303]
[1.94896341 1.81621788 1.38171703 2.86924752 1.71292936]
[-1.90871433 -2.01887036 -1.62109026  2.77497755 -0.99247571]
[0.91348149 0.63301606 1.53020713 2.8783786  1.88820195]
[ 0.02012454 -0.08944079 -0.54734182  2.76110068 -0.17498496]
[-1.9899286  -2.63397379 -1.60293553  2.75784052 -1.04808463]
[0.54801729 0.32465224 0.19700005 2.85431254 0.77865889]
[1.11651716 1.66829669 0.85323438 2.84899162 1.27424677]
[1.05560646 0.70365075 1.43801635 2.86922076 1.76310812]
[0.40589232 0.53691558 0.80741176 2.8514552  1.23604967]
[1.70532061 0.89684575 1.04058338 2.83479791 1.31023711]
[-1.79025228e-04  3.98448043e-01 -4.38567700e-01  2.78660714e+00 -1.45424691e-02]
[0.54801729 0.93061668 1.1149654  2.87244681 1.57220272]
[-2.03053573 -0.65573862 -1.21483422  2.76354607 -0.6254395 ]
[-0.18291113  0.37905575 -0.09150101  2.82135837  0.39553293]
[0.36528518 0.56548466 0.65730989 2.81703134 0.96813204]
[-0.24382183  1.31558675  0.66232097  2.86141226  1.17954012]
[-1.31991088  0.27466594 -1.05822806  2.80412075 -0.45815533]
[0.64953512 0.03270281 1.35866271 2.84974096 1.6405552 ]
[0.64953512 0.74757896 0.74267004 2.82659368 1.08156325]
[-0.79201814 -0.18028225 -0.36954679  2.81920855  0.19643669]
[1.11651716 0.2508425  0.06967053 2.81920048 0.496267  ]
[0.95408863 0.55821276 0.080354   2.80655052 0.45637179]
[ 0.34498161 -0.33556155  0.25673363  2.78337935  0.56075051]
[0.06073168 0.22930317 0.58837229 2.85158855 1.05431956]
[ 1.01499933  0.33180119 -0.09570207  2.77723266  0.2359293 ]
[0.48710658 0.90257239 0.77792925 2.85987883 1.23811955]
[-0.34533967 -0.9578155  -0.67135006  2.80984393 -0.09581199]
[-1.40112515  1.44656619 -2.21990358  2.74122468 -1.76686572]
[-3.55330326  4.11502717 -4.08896067  2.59411557 -4.01964307]
[-0.02048259  0.59317382  1.00888508  2.87037843  1.47853955]
[1.48198137 1.28826156 0.66945355 2.83003624 1.01660826]
[ 0.24346378 -0.63171832  1.62696982  2.87537155  1.95871061]
[2.13169551 1.2762236  1.75459906 2.85471489 1.93586499]
[0.83226722 0.68806473 1.53540093 2.87613674 1.88480457]
[1.4616778  1.33817266 0.14023398 2.818639   0.53604459]
[0.38558875 0.29893447 0.43452131 2.85410315 0.94329609]
[1.1571243  1.13223318 0.22352339 2.82146031 0.62672445]
[ 1.05560646 -0.01610203  0.46414834  2.83056997  0.8692642 ]
[0.83226722 0.9500139  1.19467076 2.86750576 1.58166438]
[1.2789457  0.84962328 0.12016446 2.82140561 0.54697833]
[-0.75141101 -0.55534508 -0.08382136  2.84337312  0.51165276]
[1.25864213 0.98189181 1.33738835 2.8596233  1.64766975]
[ 0.83226722  1.62505882 -0.80308201  2.75429749 -0.4367284 ]
[1.4616778  0.35330499 0.23006924 2.81914978 0.59456066]
[1.11651716 1.00635819 1.45046303 2.85395354 1.71357469]
[0.40589232 1.37637166 0.85533046 2.86292266 1.31589361]
[-1.82750006  1.15450853 -1.38952266  2.80791284 -0.72456734]
[-0.67019674  1.47597411  0.06103281  2.83167458  0.58297235]
[0.04042811 0.20900435 0.83600583 2.8524851  1.27447546]
[ 1.01499933 -0.16726616  1.46434889  2.87054669  1.79442914]
[1.13682073 0.98430426 0.30109449 2.84308718 0.79089497]
[2.09108838 1.48884753 1.63443593 2.87033779 1.89708525]
[0.60892799 0.54155659 1.48585335 2.87372224 1.82808769]
[ 0.40589232 -0.03953271  1.47258786  2.87566685  1.8349454 ]
[1.11651716 0.3926771  0.87104339 2.84977351 1.26388465]
[-2.90358911  2.88500675 -2.94565642  2.6349215  -2.64656282]
[1.42107067 1.20127104 1.63094247 2.86629836 1.89069059]
[1.218035   0.72830427 1.86811246 2.87530078 2.10455641]
[0.85257079 0.53208479 0.69300789 2.847113   1.09788187]
[1.31955283 1.40075988 0.26499909 2.81290169 0.61765534]
[1.54289207 1.69036986 1.20226729 2.8598353  1.56355262]
[0.73074939 0.99784242 1.76965678 2.88285182 2.09642481]
[-0.36564323  0.01284837 -0.42575017  2.81068568  0.07919733]
[0.64953512 0.31905846 1.67273622 2.8780367  1.98927186]
[0.89317792 0.25257195 1.06468217 2.86522997 1.47539223]
[ 1.86774914  1.01693984 -0.51198235  2.78546579 -0.15710661]
[0.52771372 0.24593628 0.81812535 2.86168011 1.27080609]
[0.04042811 0.2354088  0.58539743 2.83570292 1.01175255]
[-1.80719649  1.13307289 -1.64464973  2.78250962 -1.04295167]
[1.05560646 0.94254438 0.90170453 2.86010295 1.32164686]
[1.218035   1.11618271 1.72135463 2.87398891 1.99253685]
[-1.31991088 -0.07524241  0.12611267  2.84562162  0.74239682]
[-0.2641254   0.65592798  0.63495131  2.85253633  1.10466609]
[0.44649945 0.40597123 1.07742257 2.85570937 1.45275498]
[-2.4163035  -2.44508176 -2.17208151  2.67702697 -1.7852757 ]
[0.38558875 0.21242056 1.42819272 2.87779107 1.82579606]
[-1.82750006 -0.79623718 -2.00221357  2.71729871 -1.48886861]
[1.19773143 0.46944395 0.32820503 2.81333957 0.67951471]
[ 1.82714201  0.77486106 -0.52838904  2.77677387 -0.19651314]
[1.66471347 1.13836556 0.6740232  2.82406703 0.98898183]
[0.91348149 0.1379815  1.84046531 2.88097843 2.12838794]
[1.07591003 1.10472582 0.53996573 2.81538362 0.86152128]
[ 0.91348149 -0.17142537  0.65265126  2.8247777   0.96983505]
[-0.12200043  0.272825   -0.28030145  2.8183705   0.2367458 ]
[1.05560646 0.72812635 1.11378259 2.8351615  1.37250536]
[0.62923155 0.2655188  0.98056787 2.8397216  1.31824691]
[-0.4468575  -0.24956143  0.0736625   2.83818093  0.60450426]
[0.99469576 0.28174994 1.3289602  2.86573582 1.66194591]
[-0.16260756  0.62492264  0.52911944  2.84320893  1.00417539]
[ 0.42619588 -0.07731421  1.36349012  2.87137031  1.73350275]
[-0.93414311  1.26739611 -0.77428506  2.8173697  -0.1526551 ]
[0.06073168 1.58738037 0.20791629 2.83491116 0.69823768]
[-1.74628579  0.07822423 -0.97778921  2.81018582 -0.35441141]
[0.38558875 1.10318229 0.18634462 2.84719885 0.73539394]
[-0.89353598  1.54860618 -1.49486799  2.77544757 -0.95432584]
[-1.25900018  0.75035029 -0.32505992  2.83702822  0.30652753]
[1.4616778  3.67889652 0.57306232 2.83408554 0.97994506]
[ 0.62923155  1.77107577 -0.19777634  2.79281798  0.24303147]
[1.42107067 0.50228147 0.87953168 2.82757212 1.1508429 ]
[-0.22351826 -0.33592144  0.69614039  2.86111691  1.20554897]
[-1.29960732  1.90569112 -1.01585335  2.78707737 -0.49285893]
[ 0.16224951  0.97693889 -0.40173617  2.8110212   0.10769155]
[0.52771372 0.92608533 0.20797607 2.82210239 0.62262358]
[0.89317792 0.19718434 0.46275474 2.83403903 0.89012919]
[1.31955283 1.03094278 0.98924293 2.82351956 1.22412062]
[0.81196366 0.40150619 0.6239178  2.83862857 1.0216346 ]
[ 0.52771372 -0.13966481  0.4140125   2.82655343  0.8131697 ]
[ 0.71044582 -0.07629055  0.78791355  2.84119073  1.15244636]
[-0.2641254  -0.86549558 -0.20902584  2.80936054  0.24778737]
