[0.40589232 0.02915846 1.35026887 0.80951309 1.41080726]
[ 0.52771372 -0.3481254   2.11786843  0.83838476  2.11488611]
[-1.72598222 -2.09204373 -0.13024938  0.80389612  0.26730179]
[-0.5686789   0.26470359  0.44939055  0.79851531  0.68746194]
[-0.4468575  -0.65276629  0.53192003  0.81156091  0.80309163]
[0.50741015 0.78068944 1.382935   0.82273485 1.50452564]
[0.66983869 0.69968426 1.44138241 0.82411691 1.53491184]
[-0.18291113 -0.38885714  0.36870734  0.81204807  0.68815107]
[ 0.04042811 -0.05717174  0.58375684  0.81151326  0.8352687 ]
[ 0.75105296 -0.20675274  1.02728736  0.80707836  1.16772781]
[-0.02048259 -0.00636514  1.13393597  0.80882567  1.25136727]
[-0.91383954 -1.76791809  0.11128878  0.80900218  0.46821442]
[ 1.11651716 -0.43783575  1.95513186  0.80598954  1.8655344 ]
[ 0.46680302 -0.36108756  2.0464062   0.83060015  2.01299074]
[ 0.32467805 -0.49828083  1.14185147  0.8104084   1.26707115]
[1.38046353 0.52534755 1.53494924 0.82573693 1.60997516]
[0.40589232 0.43223303 0.57927044 0.78944784 0.73715247]
[-0.5686789  -0.98281972  0.75737958  0.79578531  0.91321489]
[ 0.02012454 -0.80931213  1.17578388  0.82487614  1.35534522]
[-1.79025228e-04 -2.63957109e-01  1.73247700e-01  7.88161410e-01  4.03969751e-01]
[0.75105296 0.02240248 2.07436274 0.84060178 2.09408549]
[ 0.44649945 -0.6620289   2.42733808  0.83288178  2.31265173]
[1.38046353 0.8580253  2.26395484 0.8334039  2.16410274]
[ 0.16224951 -0.22139247  0.87631808  0.81431115  1.08540439]
[-0.10169686  0.07792174  0.41886839  0.80312902  0.6589939 ]
[-0.36564323 -0.37609364  1.15330786  0.82111885  1.33460101]
[-0.52807177  0.82639259  0.10956577  0.80128899  0.44342582]
[-0.5077682  -0.45610169 -0.28201453  0.77340957 -0.05263287]
[0.44649945 1.36649205 1.48150143 0.8303109  1.6119042 ]
[-0.2032147   0.93525389  1.02108343  0.7889286   1.14406265]
[-0.99505381 -0.4592938  -0.72381297  0.73974595 -0.51438729]
[1.38046353 0.07059095 1.91108672 0.80950366 1.79813131]
[ 0.52771372 -0.61981404  2.18881388  0.83208682  2.11832388]
[ 0.71044582 -0.19044866  0.99729263  0.81914855  1.1645582 ]
[0.83226722 0.11308037 0.64092317 0.80960269 0.83790356]
[-0.12200043 -0.02069368  1.5029547   0.83069922  1.64067789]
[-1.38082158 -0.38238084 -0.89409215  0.76418423 -0.54432959]
[0.40589232 0.60383436 0.24417262 0.78356101 0.47085116]
[ 0.20285665 -0.4135165   0.3600254   0.79984585  0.58661782]
[ 0.20285665 -0.50772462  1.23156019  0.80780696  1.32554296]
[-0.97475024 -1.28771434 -0.01619029  0.80811908  0.35899799]
[ 0.87287436 -0.053775    0.47169754  0.79334446  0.65404173]
[0.26376735 0.68955896 0.75743518 0.78705603 0.86128261]
[0.97439219 1.16905233 1.18335802 0.80503164 1.22712315]
[ 0.54801729 -0.0345834   0.25308936  0.79165085  0.4559503 ]
[0.79166009 0.32551198 1.34117749 0.82434692 1.47593981]
[-0.22351826 -1.2116868   0.6537752   0.80764792  0.89152531]
[-1.48233942 -2.56382309 -0.89406663  0.78084606 -0.47941555]
[-0.42655393 -1.95074731  0.54939245  0.78877766  0.75398516]
[1.13682073 0.07931949 2.26370226 0.83570116 2.19232993]
[0.75105296 0.30204981 0.61176317 0.78857197 0.72472446]
[0.54801729 0.95921719 0.1336606  0.76704928 0.25302443]
[ 0.99469576 -0.06536559  0.25597028  0.78679227  0.43867677]
[0.93378506 0.0381708  1.76192554 0.83099768 1.79809392]
[-0.67019674 -0.64974892  0.24996478  0.80285373  0.56681294]
[0.50741015 0.87874567 0.67311185 0.79114562 0.79289073]
[0.22316021 0.0594344  1.66050159 0.82856829 1.7352442 ]
[0.28407091 1.61490419 0.66650557 0.79593889 0.80643944]
[-0.91383954 -0.55196391 -1.26288236  0.73312108 -0.99794874]
[-0.4468575   0.83317048 -0.01629045  0.78142169  0.23870167]
[-1.44173229 -0.62872866 -0.76362246  0.77165685 -0.44228965]
[0.08103524 1.58998878 1.16876686 0.82158093 1.33439349]
[ 0.89317792 -0.01625666  2.10320509  0.83018661  2.03933172]
[ 0.75105296 -0.21681864  1.28196554  0.81184845  1.37372224]
[ 0.18255308 -0.26952633  1.10089881  0.81397775  1.27066361]
[0.50741015 0.47483159 0.58862398 0.80022434 0.77767169]
[0.66983869 0.00657449 1.48304184 0.81094369 1.50754266]
[0.48710658 0.12641725 1.11251499 0.82168274 1.27212206]
[1.07591003 0.50680109 2.01625962 0.83141403 1.98391323]
[-0.99505381 -0.3144787  -0.36304115  0.75990811 -0.10321611]
[-0.08139329  0.00806408  0.05940425  0.77585574  0.25048959]
[0.22316021 0.40239003 1.25817649 0.81115423 1.36168038]
[-0.79201814 -0.48561147  0.82692684  0.81072096  1.03476348]
[ 0.85257079 -0.10138881  1.35376996  0.7987555   1.35603926]
[-0.3859468   0.55250455  0.56580823  0.80775063  0.78904136]
[ 1.19773143 -0.19382531  1.89575968  0.82659413  1.88161599]
[0.44649945 0.8644696  1.3112565  0.82027225 1.42916581]
[-0.30473253  0.07896527  1.28320164  0.83040471  1.48326597]
[-0.73110744 -0.305506    0.2303595   0.79659263  0.50965668]
[0.77135652 0.68592026 1.24150035 0.81692698 1.34270215]
[-0.3250361  -0.35741425  1.27463934  0.82549994  1.44530561]
[1.11651716 1.12525485 1.48874388 0.81873368 1.54036955]
[0.22316021 1.13282041 1.02905162 0.81217699 1.1704657 ]
[ 0.97439219 -1.01885346  1.33033389  0.81422583  1.4114277 ]
[-0.54837534 -1.39824644  0.19523779  0.76768705  0.34783646]
[1.29924927 0.15657704 0.86861429 0.79397982 0.9328875 ]
[-0.04078616 -1.05599446  1.37235575  0.82450871  1.49422091]
[-0.04078616 -1.08334717  1.09652658  0.81949124  1.2613582 ]
[0.30437448 0.02855799 1.03888082 0.82059476 1.21945435]
[ 0.08103524 -0.68252376  0.53883798  0.80944993  0.79130939]
[ 1.70532061 -0.15638704  2.51393488  0.83899326  2.37419167]
[ 0.46680302 -0.06289031  0.11130199  0.79206984  0.37902955]
[0.54801729 0.28829696 1.75766673 0.83246    1.8211615 ]
[-0.04078616  0.92755489  0.66519159  0.79729641  0.81837434]
[ 0.28407091 -0.2627452   0.81570444  0.81648502  1.03715007]
[-0.42655393 -0.21429203  0.2176912   0.78817648  0.47543359]
[-0.89353598 -0.62024714 -0.45467621  0.77800381 -0.15111494]
[0.79166009 0.60245802 2.14678298 0.83131221 2.08303145]
[-0.12200043  1.07400038  0.94892983  0.82514248  1.20147461]
[-0.5077682   0.64262383 -0.51455439  0.74962564 -0.29483413]
[0.64953512 0.09939107 1.84515353 0.83690293 1.90481168]
[ 0.79166009 -0.14215007  1.74167716  0.82935222  1.78069209]
[0.32467805 0.0357418  1.4454189  0.82785634 1.57499228]
[0.30437448 0.36232597 1.16002108 0.79514372 1.22747793]
[-0.06108973  0.43483932  0.29235251  0.75599259  0.40641044]
[0.48710658 0.03417133 2.12286471 0.83449465 2.09514983]
[1.218035   0.76423136 1.5585794  0.82007506 1.57691855]
[ 0.93378506 -0.24261669  1.75216477  0.82095533  1.74347976]
[0.34498161 0.46622894 1.17088949 0.80657865 1.26590211]
[-0.73110744 -1.26315738  0.78104423  0.82487753  1.07605263]
[0.89317792 1.63130362 1.40311805 0.80752893 1.4504872 ]
[0.36528518 0.68876873 1.42255967 0.81916765 1.50531072]
[-0.22351826 -0.49955926  0.25652437  0.77728998  0.44961071]
[0.75105296 1.12933657 1.28918599 0.8210755  1.41085743]
[0.91348149 0.5599103  1.75568388 0.81551341 1.73795343]
[-0.6295896   0.17792162  0.36769948  0.80996049  0.66802623]
[-1.79025228e-04 -1.40515892e+00  1.78184090e+00  8.35665975e-01  1.86599849e+00]
[-1.07626808 -0.79312086  0.61535559  0.81515661  0.92896135]
[-1.13717878  0.00582608 -0.5675376   0.77968424 -0.20216286]
[0.81196366 0.31980319 2.02539294 0.83420768 2.01352265]
[0.85257079 0.17399203 2.04769395 0.83890062 2.07089707]
[ 0.32467805 -0.21434828  1.6271598   0.83011656  1.72744543]
[-0.04078616 -0.16218671  0.74415783  0.81069061  0.94158537]
[1.1571243  0.86153532 1.78296448 0.82174713 1.74605817]
[0.77135652 0.09400657 1.53928522 0.80738339 1.53231761]
[1.05560646 0.45561287 1.81140162 0.83115743 1.83629286]
[0.40589232 0.15863089 1.16626054 0.82027752 1.30969394]
[0.62923155 0.65013546 0.39622271 0.77528414 0.55770285]
[-0.02048259 -0.42037368  0.29296635  0.79408597  0.53256082]
[1.25864213 0.4186092  1.47383886 0.80688524 1.48103176]
[0.83226722 0.6003687  1.96084007 0.82690362 1.92625675]
[0.28407091 0.12946549 0.7729601  0.80623367 0.96984229]
[-1.42142872 -0.23905186 -0.55186808  0.78060816 -0.19086521]
[-0.36564323 -0.37609364  0.59380057  0.79860569  0.79344477]
[-0.71080387 -0.0536613   0.10472526  0.79410149  0.39789524]
[1.11651716 1.77625594 1.42448541 0.82168628 1.50043584]
[0.71044582 0.23208462 2.03458449 0.83771257 2.04323845]
[0.81196366 0.30827656 1.45089553 0.80945832 1.4826578 ]
[1.23833856 1.10656957 1.86135351 0.82493579 1.85982175]
[ 0.91348149 -0.3258555   2.05439245  0.82323809  1.99153767]
[-1.64476796 -2.41040457 -0.38534744  0.7895092  -0.00393419]
[1.4007671  1.0080031  1.4937943  0.81388394 1.5291057 ]
[-0.36564323 -0.32671325  0.66761974  0.81331429  0.90868267]
[-0.60928604 -1.34900598  0.88376601  0.81551512  1.09576899]
[0.32467805 0.89368973 0.20710999 0.74182343 0.29633556]
[ 0.52771372 -0.11810772  1.64589639  0.82756751  1.70623766]
[ 0.38558875 -1.26790666  1.27488897  0.82410007  1.41496802]
[0.52771372 0.4934156  1.61703458 0.8238532  1.67381643]
[-0.71080387 -0.83858669  0.5556343   0.8070095   0.80220158]
[0.52771372 0.50622851 1.52708403 0.80510308 1.56484209]
[-0.02048259  0.17399203  0.55548864  0.7791058   0.69731067]
[0.50741015 0.39891195 1.76950912 0.83130483 1.82045103]
[-0.04078616 -1.07425718  0.34464694  0.79798396  0.59786921]
[0.04042811 1.16064003 0.30561805 0.79763125 0.56008738]
[-1.79025228e-04 -2.98616340e-01  8.91455131e-01  8.05533568e-01  1.09353440e+00]
[0.75105296 0.5545236  1.5927387  0.82801457 1.68531398]
[ 0.18255308 -0.71671973  1.5948157   0.83118     1.69340857]
[0.48710658 0.43072766 1.12407445 0.8149114  1.24731072]
[-0.14230399  0.02296899  1.11246592  0.82613161  1.3199426 ]
[0.56832085 1.26033275 1.55592538 0.82501451 1.6301224 ]
[0.73074939 0.70171481 1.39637813 0.81139326 1.45744827]
[ 0.91348149 -0.25914875  1.34347069  0.82595191  1.47288457]
[-0.16260756  0.20268548  1.03034566  0.81476496  1.18308167]
[-0.75141101 -1.08628664  1.03101038  0.82253698  1.2610994 ]
[ 0.81196366 -0.13529682  1.6090207   0.82879934  1.67748334]
[-0.10169686  0.64358228  0.7503067   0.8104398   0.9433345 ]
[ 0.32467805 -0.46789583  1.02681096  0.82473001  1.25273444]
[ 0.73074939 -0.36205867  2.01849404  0.83205666  1.99880982]
[0.62923155 0.11536892 1.79069822 0.81586876 1.7801304 ]
[-0.6295896  -0.47915168  0.26387158  0.78842972  0.51429808]
[1.11651716 1.09853264 0.82520027 0.81041404 0.98189943]
[0.71044582 0.34889339 1.75908347 0.83268167 1.8233294 ]
[0.93378506 0.30906731 1.06125774 0.79724439 1.11794887]
[1.29924927 0.06684441 1.53655573 0.79336512 1.48761664]
[ 0.89317792 -1.02832047  2.07294073  0.82970851  2.01500406]
[ 0.28407091 -0.03736301  1.24755734  0.79572556  1.29027332]
[0.60892799 1.37557427 1.37020469 0.81164102 1.41176095]
[0.91348149 1.14450812 1.69016828 0.82184263 1.69268552]
[1.19773143 0.46944395 1.61592663 0.82548924 1.6649008 ]
[ 0.73074939 -0.14239269  1.07691365  0.81966723  1.23330825]
[ 0.79166009 -0.04921236  2.25723217  0.83759328  2.20514206]
[ 0.44649945 -0.78126907  0.9608725   0.76611109  0.97654694]
[-0.28442896 -1.06523006  1.08667598  0.82638977  1.30868014]
[0.56832085 0.05025626 2.00577548 0.82766536 1.99619421]
[1.218035   0.80049008 1.50443694 0.82138692 1.5514046 ]
[ 0.64953512 -0.41128954  1.39715384  0.79977728  1.39120269]
[ 1.62410634 -0.13639614  2.38068295  0.8357712   2.25176879]
[0.46680302 0.7291024  1.41529466 0.82837107 1.55139329]
[-0.97475024  0.46897793 -0.5817064   0.79202953 -0.18758826]
[ 0.52771372 -0.00828539  1.66023627  0.83302687  1.75609137]
[1.38046353 0.84607063 1.72317575 0.82528334 1.73669339]
[2.53776686 0.59079087 2.6762291  0.8371772  2.45570501]
[ 0.14194594 -0.26333219 -0.20438709  0.73674992 -0.10310233]
[0.20285665 0.47692472 1.29670127 0.82038146 1.41751962]
[ 1.31955283 -0.30878655  1.77746278  0.81255702  1.73237892]
[-0.60928604 -0.99451094  0.67249821  0.81524968  0.94082462]
[0.95408863 0.00305758 2.12434227 0.83308505 2.06934905]
[ 0.24346378 -0.81355837  1.21128445  0.80398822  1.30843696]
[ 0.79166009 -0.4721626   1.50017195  0.82462262  1.57480536]
[ 0.08103524 -1.40457306  1.23406402  0.82087603  1.38793496]
[0.34498161 0.38790713 1.2306715  0.81849857 1.36217767]
[ 0.62923155 -0.57979311  1.64725907  0.83306511  1.74400571]
[0.22316021 0.42910738 0.52817453 0.79720104 0.72457487]
[ 0.93378506 -0.16467405  2.21012761  0.83560919  2.14734136]
[0.36528518 0.56548466 0.92541628 0.80877016 1.07382509]
[1.68501704 0.92766304 1.73372708 0.80999481 1.68268267]
[1.29924927 0.45071512 1.29723085 0.82641812 1.44048675]
[-0.5077682  -0.68368067  0.43736128  0.79003143  0.64772223]
[0.40589232 0.78344582 1.66374462 0.82963211 1.73392724]
[ 0.71044582 -0.08682438  2.28746506  0.83752154  2.2230795 ]
[ 0.50741015 -0.42596093  1.37065316  0.82168878  1.47495767]
[0.64953512 0.05479437 1.75342368 0.83568816 1.8305035 ]
[0.62923155 0.63710185 0.77826419 0.80194999 0.93171968]
[-0.04078616 -0.21014269  0.29713089  0.7932738   0.53375529]
[-0.60928604 -0.49415878  0.31414479  0.8150427   0.65366176]
[ 0.30437448 -0.51664749  1.32839825  0.80305983  1.37624832]
[ 0.95408863 -0.20679107  1.67346276  0.81039751  1.64778069]
[-0.71080387 -0.60966272 -0.18213675  0.71652753 -0.05199473]
[0.56832085 1.30673362 1.2273364  0.81641219 1.340073  ]
[ 0.58862442 -0.18164509  1.1665215   0.82294038  1.33321629]
[1.5834992  0.497856   0.81271826 0.79502762 0.93350103]
[0.56832085 0.70065203 1.17380937 0.81931299 1.31839985]
[-0.12200043 -1.15981219  1.30791418  0.79432167  1.37125292]
[ 1.54289207 -0.29908868  2.8960727   0.84008131  2.64328722]
[0.87287436 0.32578089 0.40233845 0.78815342 0.55027086]
[ 0.79166009 -0.19272995  0.72112412  0.80053194  0.88055001]
[-0.18291113  1.83509759 -0.35900199  0.73109271 -0.20933047]
[0.16224951 0.34296453 1.03792972 0.80528481 1.15265596]
[ 0.06073168 -0.3075796   1.5264797   0.81492491  1.57769766]
[-0.3859468  -1.44115563  0.66971223  0.78152934  0.79738985]
[-1.34021445 -1.13446171 -0.98549139  0.76413663 -0.64607439]
[-0.42655393 -0.29171267  0.04161595  0.78269114  0.30579922]
[0.08103524 0.32947127 0.29170624 0.76579386 0.39137623]
[ 0.77135652 -0.11827798  2.04444457  0.81348301  1.983423  ]
[ 0.16224951 -1.94537013  0.18322475  0.78425225  0.42555604]
[ 0.20285665 -0.3600044   1.10341136  0.81884754  1.24587307]
[0.56832085 0.19952807 1.4649042  0.81703681 1.5345036 ]
[1.01499933 1.46204194 0.72282201 0.79455463 0.85431859]
[ 0.08103524 -0.45362012  0.6765549   0.79795863  0.83686363]
[ 0.28407091 -0.86004087  1.71444117  0.82459098  1.74983655]
[0.22316021 0.01127777 1.12666062 0.82358272 1.31043199]
[0.89317792 0.90919027 0.99717078 0.81423436 1.13259784]
[0.30437448 0.00501953 1.37680385 0.82521448 1.51559326]
[-1.23869662 -0.77388442 -0.6113182   0.77901995 -0.24903442]
[-0.97475024 -0.89616715  0.39973313  0.80723462  0.70484869]
[-0.02048259  0.12153125  1.09455822  0.82894516  1.33998026]
[1.1571243  0.49299393 1.72056534 0.81220158 1.67038185]
[0.08103524 0.49469494 1.26657363 0.82000246 1.42440616]
[ 1.218035   -0.24268649  1.40038835  0.81280748  1.47702257]
[ 1.50228494 -0.22529968  2.31013246  0.83329077  2.19229231]
[0.16224951 0.12391526 1.14619191 0.82559265 1.3409847 ]
[-0.36564323 -0.21290763  0.03789358  0.80032319  0.33732328]
[1.29924927 0.29023553 1.34771019 0.78309297 1.31579033]
[ 0.89317792 -0.5612667   1.80389355  0.83164947  1.84379107]
[ 0.36528518 -0.08803779  1.02513303  0.82497219  1.24324613]
[1.23833856 0.02932539 1.77977898 0.82660734 1.78768619]
[1.07591003 0.92082883 1.32361521 0.82622552 1.4711848 ]
[ 0.85257079 -0.11156412  1.65001196  0.82500804  1.69533012]
[ 1.19773143 -0.08027798  2.33309332  0.83379157  2.2126394 ]
[1.19773143 0.59451758 1.59363016 0.82441042 1.65870727]
[1.1571243  0.05499731 1.04621548 0.79702273 1.10281671]
[ 0.73074939 -0.47612251  2.47212852  0.8413962   2.37749827]
[-1.79025228e-04  6.58727821e-01  1.12038087e+00  8.00630052e-01  1.23224196e+00]
[0.30437448 0.48064583 1.03511401 0.80680403 1.1690845 ]
[-1.27930375 -1.38136932  0.48466013  0.8094732   0.77346909]
[-0.3859468  -0.82190412  0.47304382  0.78177874  0.70579345]
[0.54801729 0.30037572 1.60894874 0.82535259 1.6714344 ]
[-0.14230399  0.78784549  0.72996117  0.81260194  0.95520549]
[-0.18291113  1.71253114  0.20169138  0.80076403  0.46941148]
[0.44649945 0.71011466 1.18985313 0.82470304 1.35765956]
[ 0.73074939 -0.14239269  1.85722784  0.83231204  1.88328723]
[0.81196366 0.16162819 1.34485632 0.81114911 1.41999825]
[-0.4468575   0.38923916  0.52042455  0.80393889  0.76822804]
[-0.52807177 -0.35227347  0.2405285   0.80728616  0.55763554]
[0.66983869 0.49531679 0.80530811 0.80020693 0.9368593 ]
[0.02012454 0.07224837 0.41005844 0.79389333 0.63613011]
[-0.24382183  0.89079118  0.59853876  0.79686175  0.79481422]
[ 0.50741015 -0.58098104  1.88079062  0.83201135  1.90966774]
[-0.2032147  -0.85580456  0.60709703  0.7846856   0.73855223]
[ 0.79166009 -0.22272602  1.83953477  0.83062521  1.85806835]
[-0.3859468   0.03197623  0.82290003  0.82113203  1.08305738]
[-0.48746463  1.30511384  0.54790933  0.79896771  0.80142886]
[0.54801729 0.98802235 0.04509296 0.78353032 0.26858656]
[-1.50264299 -1.44011147 -0.16929106  0.78604798  0.13739207]
[0.50741015 0.42404865 1.30272105 0.824036   1.4401559 ]
[ 0.02012454 -1.07186493  1.49539493  0.82488275  1.59660845]
[-0.24382183 -0.91634845  0.49481239  0.80912612  0.75807851]
[-1.03566094  0.67235397 -0.27493766  0.78657268  0.06998457]
[-0.04078616 -1.16393779  0.59921264  0.80194951  0.79709969]
[-0.2032147   0.53549894  0.81185307  0.79580204  0.96462408]
[-0.12200043  0.19038489  0.56280231  0.74584778  0.58657652]
[-0.67019674  0.51760726  0.59690437  0.81996412  0.9112975 ]
[1.05560646 0.08585364 1.87341617 0.81825614 1.83376149]
[-1.79025228e-04  3.01888346e-01  1.34946960e+00  8.22351618e-01  1.46830339e+00]
[-0.18291113 -0.93581937  0.17671609  0.7852096   0.40739226]
[0.83226722 0.50253475 1.56123924 0.83130027 1.66752333]
[0.12164238 0.17280208 1.11082484 0.82576638 1.32169386]
[0.20285665 0.32982886 0.94007531 0.82144014 1.16708705]
[1.07591003 0.34849637 1.84774883 0.82381737 1.81852096]
[-0.85292884 -1.35754597  0.25916689  0.81199108  0.61073727]
[0.75105296 0.05483817 1.90497391 0.82875957 1.9056026 ]
[ 0.32467805 -0.06873394  2.14728915  0.83659826  2.13330533]
[-0.04078616  0.58696344 -0.2814652   0.76135351 -0.03986739]
[ 0.93378506 -0.0341625   1.79300303  0.82747381  1.80274222]
[-0.08139329 -0.27445748  1.33466473  0.81275333  1.42506855]
[-0.22351826 -0.28766499  1.21703979  0.82348593  1.38241222]
[-0.12200043 -1.62506815  1.30360298  0.82339919  1.44659013]
[ 0.50741015 -0.39606916  1.34373891  0.82008164  1.43812897]
[0.14194594 0.14184892 0.8981486  0.811356   1.08227641]
[-0.46716107 -1.03222046  0.32895352  0.80904887  0.62385572]
[-0.5686789   0.50459041  0.89140347  0.80772048  1.1008314 ]
[0.06073168 0.02451636 0.78545856 0.81345577 0.99419747]
[1.2789457  1.2723133  2.01200391 0.83683714 2.01976667]
[-0.75141101 -1.39479035  0.47576403  0.80872045  0.74762625]
[0.44649945 1.06998276 1.64869982 0.8329547  1.74288074]
[ 0.56832085 -0.27194292  2.28357727  0.8416105   2.25088915]
[-0.28442896 -0.35112718  0.57727283  0.8069264   0.7950666 ]
[ 0.26376735 -0.45154892  0.68648805  0.78985072  0.84166346]
[0.14194594 0.74351561 0.2767124  0.78945622 0.49335745]
