[ 1.38945433 -0.49564427  1.14909335  1.41814964  0.97147237]
[ 1.2934794  -0.0394434   1.57215643  1.51145071  1.30404335]
[ 1.67737913 -0.26959879  0.7995499   1.30318065  0.67233832]
[ 1.48542926 -1.26147545  1.97829144  1.53409886  1.52162237]
[0.81360473 0.61951342 1.13054269 1.49509659 1.08866311]
[ 2.1572538  -0.24783145  1.24870201  1.49409057  1.09788374]
[1.38945433 0.00368007 1.97686739 1.55589576 1.56102589]
[ 1.2934794  -0.54276361  2.98606275  1.5887072   2.02473506]
[-0.72199421  0.72089139 -0.44748163  1.32693798  0.00948245]
[ 0.7176298  -0.75700935  1.27677542  1.48828667  1.12905452]
[ 0.81360473 -0.38772578  0.45526832  1.26969854  0.44627403]
[ 1.2934794  -0.14611723  1.64983351  1.52553487  1.36450166]
[1.5814042  0.08617713 1.76174279 1.51774473 1.39048124]
[ 0.7176298  -0.75700935  1.4503116   1.5083295   1.25960606]
[ 1.38945433 -0.84779933  2.24546029  1.53133878  1.62316016]
[ 1.19750446 -0.86227145  1.10043699  1.47556965  1.02007389]
[ 1.2934794  -0.14611723  2.22708168  1.53110662  1.62826769]
[ 1.5814042  -0.11868956  2.82140235  1.58161353  1.94327802]
[ 1.19750446 -0.08389374 -0.70913337  1.31649094 -0.22048586]
[ 0.90957966 -0.64771123  1.42124114  1.52958471  1.28258057]
[ 1.48542926 -0.62946319  1.70923365  1.50224184  1.3367894 ]
[1.38945433 0.00368007 1.70360165 1.51018675 1.35999745]
[ 0.7176298  -1.13522     1.38145055  1.50497613  1.22213742]
[ 1.10152953 -0.44571184  1.62490738  1.52329069  1.35805671]
[ 1.5814042  -1.61080195  1.27633884  1.50066834  1.15333005]
[ 1.2934794  -0.72478626  1.24877587  1.43231118  1.05484466]
[ 0.81360473 -0.9876256   0.65780342  1.46888871  0.81217821]
[1.2934794  0.30089693 2.16377699 1.55723711 1.64340381]
[ 1.77335407 -0.31956674  2.57736293  1.53585293  1.76771345]
[ 1.67737913 -0.45162489  2.7744114   1.58280011  1.93176917]
[ 1.96530393 -0.73460663  2.19094098  1.54743495  1.62189927]
