[-0.91394408  1.7346711  -0.92803459 -0.84353093 -1.01333155]
[-0.62601928  0.34072399  0.16100926 -0.68040555 -0.02805059]
[-0.81796914  0.1931296   0.27022534 -0.73747486 -0.03558876]
[-0.43406941  0.67979221  0.47248792 -0.86543025 -0.1065054 ]
[-0.62601928 -0.05545045  1.22290449 -0.60378523  0.69018057]
[ 0.23775513 -0.1020592   1.75700772 -0.59581191  0.94831214]
[-1.00991901  1.05761108 -0.07462206 -0.78668007 -0.32882973]
[-0.05016967 -1.16473888  0.57516221 -0.65735938  0.22048235]
[-0.62601928  2.15766195  0.42559967 -0.69056334  0.13142035]
[ 0.52567993 -0.19694132  1.0491192  -0.62994427  0.49973725]
[-1.00991901  0.25978513 -0.06003246 -0.68007788 -0.14598393]
[-0.72199421  1.2310515   0.69773373 -0.81294833  0.12910351]
[ 0.52567993 -1.67362774  1.62150322 -0.5702536   0.88953886]
[-0.91394408  0.58354059  0.21783116 -0.69192864 -0.01531871]
[-0.91394408  1.11941169  0.95513454 -0.62994427  0.51681956]
[-0.72199421  0.72089139  1.4095685  -0.6050413   0.79980694]
[-1.39381874 -0.61100541 -0.53288206 -0.78547861 -0.60619694]
[-0.91394408  1.7346711  -0.49306461 -0.87160138 -0.71572341]
[-1.39381874 -1.40804601 -1.08458589 -0.9115772  -1.20696821]
[ 0.33373006 -0.04529213  1.43492784 -0.62874281  0.74382004]
[-0.72199421  1.51163956  1.06984036 -0.67363369  0.52009482]
[-0.81796914  0.65436209  0.04429984 -0.8053573  -0.27870875]
[-0.62601928  2.15766195  0.56839187 -0.6704116   0.23070093]
[-0.33809447  0.95104678  0.84561551 -0.69809977  0.37302987]
[-0.53004434  0.40853764  0.63477072 -0.59717721  0.36685518]
[-1.00991901  0.0270859   0.8413501  -0.68007788  0.39320193]
[-0.72199421  1.2310515   0.30256209 -0.68974417  0.03092124]
[-0.81796914 -0.01771955 -0.02326418 -0.70842139 -0.17850426]
[-1.00991901 -0.19151036  0.4405788  -0.70448935  0.12120896]
[ 1.19750446 -1.1908075   2.28154069 -0.54191009  1.22062251]
[-0.81796914  0.1931296   0.72139211 -0.6551203   0.35917511]
[-1.10589394 -1.52502059 -0.17633123 -0.77761451 -0.33225253]
[-0.81796914  0.41675747  0.22346496 -0.7822019  -0.11451957]
[-0.81796914 -0.01771955  0.86054794 -0.56719534  0.56347685]
[-0.24211954  0.79107614  0.86267458 -0.65615793  0.39388206]
[-0.62601928 -0.73460663  0.8922544  -0.54589675  0.60354856]
[-0.91394408  0.11262356  0.42475703 -0.63371249  0.20540648]
[-0.72199421  0.48831839  0.48646063 -0.70945902  0.1119724 ]
[-1.10589394 -0.2865522  -0.54870808 -0.84866443 -0.74267894]
[-0.91394408  1.7346711  -1.0517612  -0.95734187 -1.31583694]
