[ 1.869329   -0.61955068  1.42321222 -0.43526454  0.80095728]
[-0.05016967  1.3057643   0.90342983 -0.43383543  0.57996999]
[-0.81796914 -0.01771955 -0.00651308 -0.50846106 -0.04919826]
[-0.72199421 -0.31956674  0.50638904 -0.46119152  0.35320235]
[-0.43406941  1.37388479  0.76500124 -0.44432056  0.51912647]
[-0.62601928 -0.05545045  0.16460255 -0.47447468  0.11825329]
[-0.62601928  0.55579012 -0.65071525 -0.62667441 -0.63465388]
[ 0.23775513 -1.0626736   0.6800224  -0.54469641  0.34759579]
[ 0.7176298   0.57743199  1.27766811 -0.45916445  0.70983896]
[-1.20186888 -1.16473888 -0.97387846 -0.67976944 -0.96505064]
[ 0.7176298   0.4336538   1.18440345 -0.45349692  0.68460485]
[-0.14614461  0.11262356  1.05223732 -0.45291399  0.63783942]
[ 1.96530393 -0.41200744  2.54172183 -0.3725569   1.42992259]
[-0.24211954 -1.42494234  0.61462534 -0.44819794  0.41769087]
[ 1.2934794  -0.0394434   1.23110021 -0.45049956  0.69347843]
[ 1.869329    0.4124127   1.70585827 -0.45525321  0.89905286]
[ 1.869329    0.75266657  2.27952872 -0.37347829  1.32816648]
[ 0.42970499 -0.12392504  0.94342036 -0.43042815  0.62715697]
[ 1.48542926 -0.62946319  2.02853781 -0.4072992   1.15587187]
[ 2.1572538  -0.07216667  2.79574305 -0.37526468  1.51449064]
[ 1.19750446 -0.49564427  1.19218826 -0.42611827  0.72502744]
[ 1.48542926  0.0455352   2.44167917 -0.36202289  1.42088317]
[ 0.7176298  -0.54960351  0.82743286 -0.45141719  0.49751965]
[ 1.5814042  -1.21253135  2.48242014 -0.35235762  1.45258387]
[ 1.869329   -1.46691064  2.42684462 -0.36561821  1.40290256]
[-0.81796914 -1.61080195  0.63338692 -0.44309453  0.44728128]
[-0.43406941 -0.85928264  0.99940853 -0.4194278   0.67690355]
[-1.10589394  2.84982879 -2.37793818 -4.35636507 -5.72746837]
[-0.33809447  0.34072399  0.13744233 -0.57314313 -0.03022808]
[-0.14614461  0.46020518  0.65812732 -0.47771649  0.38974597]
[-1.00991901 -1.11191562  0.0161939  -0.4862648   0.0374481 ]
[-0.24211954  0.79107614  0.71449435 -0.46679136  0.42590678]
[-0.43406941  0.27638797  0.63992847 -0.44383165  0.45799898]
[ 1.96530393 -0.73460663  1.86849443 -0.40978133  1.05851936]
[ 1.2934794  -0.72478626  1.20745997 -0.4319964   0.71293113]
[ 1.869329   -0.53746268  1.07286072 -0.4753171   0.55391226]
[ 0.81360473 -0.89510374  0.80081085 -0.48204894  0.42580309]
[-0.62601928 -0.57724117  0.27435615 -0.55589232  0.10197493]
[-0.24211954  1.22230135  0.70762742 -0.44157141  0.47310693]
[ 0.14178019 -0.16109696  0.65754552 -0.4356519   0.46116462]
[-0.24211954  0.79107614  0.5746571  -0.45717498  0.3712997 ]
[ 2.34920367 -0.41784257  2.53506733 -0.37402737  1.41877367]
[-0.62601928  0.55579012  0.51305028 -0.44131943  0.4067436 ]
[-0.24211954 -1.20334049 -0.16562713 -0.51670851 -0.16818674]
[-0.91394408  1.41605462 -1.24164998 -0.75169105 -1.19204628]
[-0.43406941  1.63329313  0.21542746 -0.48583607  0.1337988 ]
[-0.81796914  0.1931296  -0.48740571 -0.53145838 -0.38368899]
[-0.43406941  1.37388479 -0.45238445 -0.60713327 -0.46922786]
[-0.43406941 -0.08765975  0.28878641 -0.49290638  0.14721564]
[ 0.90957966  0.00617669  0.93405409 -0.46345929  0.50581998]
[ 0.90957966 -1.10819567  0.70408906 -0.47517795  0.35644223]
[-0.24211954  1.22230135 -0.71872254 -0.73894945 -0.83384294]
[-0.24211954 -1.20334049  0.19721986 -0.47495606  0.1304566 ]
[-1.29784381  0.53373206  0.13736143 -0.45209414  0.18693561]
[-1.00991901 -0.397248   -0.60237954 -0.54554259 -0.47751439]
[-0.33809447  0.15713096  0.47547302 -0.55279342  0.20275866]
[ 0.04580526 -0.07746014  1.0185793  -0.44481322  0.63181346]
[ 1.67737913 -1.30317225  2.45228649 -0.36373781  1.42114406]
[-0.91394408 -0.49564427 -0.17039884 -0.49536595 -0.10088432]
[-0.53004434  1.07869599  0.21054024 -0.49874691  0.10284446]
[-0.53004434 -0.16109696  0.12579149 -0.50510267  0.0323785 ]
[-0.24211954  1.00101473  0.34343115 -0.49685522  0.15446987]
[ 1.67737913 -1.01963403  1.95715441 -0.40480579  1.11462689]
[ 1.2934794  -0.0394434   0.44744987 -0.57265799  0.09617808]
[-0.72199421 -0.31956674  0.09598702 -0.49070631  0.05980927]
[-0.05016967  1.09345543  0.28299414 -0.56470765  0.06280933]
[-0.33809447  0.95104678  1.01455483 -0.41860042  0.68237493]
[ 0.52567993  0.34072399 -0.60742014 -0.63318812 -0.65241551]
[ 1.0055546  -0.96683766  0.93732252 -0.46538106  0.51371729]
[-0.81796914 -0.9138284  -0.17606165 -0.49412112 -0.09815411]
[-0.33809447 -0.78036538  0.81017853 -0.45377146  0.4865509 ]
[-0.24211954 -0.42291659 -0.1308508  -0.62399296 -0.31370018]
[ 1.10152953 -1.16473888  1.46074554 -0.40280504  0.90700203]
[-0.24211954  0.40192167  0.59155015 -0.45888239  0.40374319]
[ 0.23775513 -0.84779933  0.78939599 -0.45413625  0.50422086]
[ 2.1572538   0.40853764  1.78627825 -0.44008965  0.96381424]
[ 1.38945433  0.34072399  1.55559838 -0.41740824  0.92644207]
[ 1.869329   -0.36697223  2.31466585 -0.39150007  1.30212353]
[-0.24211954  1.70280945  0.42700278 -0.52643395  0.24794521]
[ 0.42970499 -0.722456    1.39378986 -0.43227094  0.81490589]
[-0.81796914  1.17709226 -0.41042032 -0.70679833 -0.48976278]
[-0.62601928  1.0250253  -0.37209655 -0.60965301 -0.41060861]
[ 1.19750446 -0.397248    1.2667653  -0.41668993  0.78431353]
[-0.43406941 -0.08765975  0.62128386 -0.45312836  0.41523283]
[-0.91394408 -1.31161331  0.29188133 -0.49043929  0.17506348]
[ 1.38945433 -0.49564427  1.60549808 -0.49042425  0.89145749]
[-0.43406941  0.47278214  0.14390005 -0.46861911  0.12600731]
[-0.43406941 -0.25668191 -0.24005284 -0.52131549 -0.2270283 ]
[-0.53004434  0.84254495  0.37567588 -0.43228222  0.33053583]
[-0.43406941 -0.08765975  0.85982722 -0.42264328  0.60435822]
[-0.91394408 -0.67648065  0.21041321 -0.46342168  0.17258549]
[ 2.92505327 -0.5646231   1.82752644 -0.39132331  1.06687831]
[ 1.2934794  -0.2496536   1.22145062 -0.42956692  0.72834084]
[-0.33809447  0.53373206  0.99891135 -0.42064254  0.66426023]
[ 0.52567993 -0.06985679  0.85401903 -0.4704619   0.48781963]
[-0.14614461  1.04842022  0.08680453 -0.59132662 -0.09845973]
[ 1.67737913 -0.8673635   2.77514315 -0.34570476  1.58699587]
[ 2.25322873  0.54416492  2.50701379 -0.35320004  1.45319097]
[ 1.10152953 -0.23830019  1.54675914 -0.39706606  0.962239  ]
[ 0.90957966  0.80537303  1.58600398 -0.40445604  0.96567342]
[-0.62601928  1.84618687 -1.08759741 -0.7438761  -1.07309554]
[-0.62601928  0.13728307  0.21965769 -0.47895004  0.1534298 ]
[-0.33809447  2.52607333 -0.18303892 -0.50951409 -0.17761163]
[ 0.7176298  -1.54969742  2.18846995 -0.37058624  1.30570759]
[ 0.23775513 -1.26345776 -0.19383912 -0.514531   -0.20760647]
[-0.72199421  0.26903529 -0.38901246 -0.52094693 -0.29807701]
[-0.05016967 -0.13974288  0.89024672 -0.54451213  0.43100532]
[-0.53004434  0.40853764 -0.45277958 -0.527235   -0.35493302]
[-0.53004434  0.40853764  0.05294257 -0.59012316 -0.09374208]
