[-1.38082158 -1.12464046 -0.26391084  0.17406264 -0.10620463]
[-2.0508393  -1.18712349 -0.95905927  0.14372641 -0.78687367]
[0.06073168 0.41840982 0.61952879 0.1913084  0.68337606]
[-0.5686789   1.2280586   0.03602289  0.17818603  0.15242918]
[ 0.14194594 -1.17054631  0.65200074  0.18920707  0.6805145 ]
[0.18255308 0.03265387 1.68313059 0.20226648 1.54200049]
[-0.18291113 -0.03218543  0.6295702   0.18400925  0.64002996]
[-0.52807177  0.80867846  0.64009954  0.18127136  0.6764095 ]
[1.56319564 0.65495075 1.18810681 0.19059703 1.07315968]
[-0.3250361   0.58874272  0.10259172  0.15581691  0.1061896 ]
[-1.54325012 -0.29763096 -0.66370438  0.14793439 -0.52356446]
[-0.34533967 -1.36611648  0.39520663  0.18678249  0.47369598]
[1.3398564  0.81394671 1.83327437 0.2080897  1.66612885]
[ 0.36528518 -0.13286203  1.07032326  0.19044519  0.99708809]
[-1.82750006 -1.17778799 -0.83054609  0.16776603 -0.58942094]
[-0.75141101 -0.94197609  0.03863802  0.1704545   0.12542874]
[-0.2641254  -0.61985992  0.36963719  0.18736757  0.45719895]
[-1.38082158 -0.83984299 -2.39436142  0.04769991 -2.50624226]
[-0.22351826  0.59029122  0.8855328   0.16537387  0.79660704]
[-1.13717878  1.21520248 -0.59861974  0.14972654 -0.49576003]
[0.99469576 0.73893507 0.94765905 0.18440594 0.86645521]
[ 0.40589232 -0.20559926  1.21736852  0.19674454  1.16625204]
[-0.6905003   0.77521977  0.30182933  0.1602452   0.31391866]
[-1.01535738  1.45509381 -0.68330659  0.17020091 -0.47852732]
[-0.95444668  0.76117148  0.17031176  0.18634376  0.30769558]
[0.56832085 0.79551698 1.50566352 0.20040673 1.38835493]
[-0.6295896  -0.75924653 -0.21823648  0.15013919 -0.16638476]
[0.56832085 0.68728586 1.47343338 0.19192694 1.32159818]
[0.46680302 0.85502074 0.6780507  0.17540284 0.63062786]
[0.85257079 0.29714148 1.17104689 0.18836342 1.05633475]
[-1.79025228e-04 -1.81693633e-01  6.63617530e-01  1.85496501e-01  6.64966158e-01]
[1.218035   0.15394445 1.36852769 0.19164573 1.20418486]
[0.04042811 0.48193257 0.25680928 0.17693848 0.29069806]
[-1.38082158 -0.1626761  -0.56767705  0.16758192 -0.3925001 ]
[-0.2641254  -0.4136734   0.11974786  0.16425226  0.14273203]
[-0.42655393  0.92689163  0.43022418  0.18515677  0.4914009 ]
[-0.64989317  0.89883669 -0.67771764  0.14902684 -0.60324364]
[1.0962136  0.3210006  1.89049513 0.20519293 1.69789718]
[0.06073168 0.53092271 1.15157334 0.19483058 1.0908742 ]
[0.52771372 0.99818884 1.70654291 0.21140924 1.61130315]
[ 0.20285665  1.08065772 -0.03237378  0.16527916 -0.00799685]
[0.81196366 0.76009797 1.73856997 0.2077812  1.60727544]
[1.82714201 0.76399547 1.87402431 0.20648818 1.66834715]
[-0.40625037  0.86242585 -0.02443924  0.18133931  0.12245354]
[0.77135652 0.72455144 1.47435063 0.2020285  1.37107971]
[-0.87323241  1.15316602 -0.18431835  0.16678751 -0.08666299]
[0.22316021 0.51041476 0.8120567  0.16255843 0.70036285]
[-0.64989317  2.17647646 -0.39035512  0.16320785 -0.25116145]
[2.13169551 0.13144205 1.68972609 0.19470481 1.46446069]
[-2.07114286  1.81117939 -2.1106932   0.09685185 -2.05668167]
[-0.18291113  1.18237632 -0.00144332  0.16936137  0.06381353]
[-0.10169686  0.96125817  0.15415182  0.17114596  0.21001857]
[0.64953512 0.24825383 0.60298233 0.17184206 0.5496993 ]
[2.21290978 0.76352808 1.58418396 0.2004009  1.41473757]
[ 0.89317792 -0.06767794  1.47451012  0.19650125  1.33990141]
[0.85257079 1.29181013 1.06109873 0.19908351 1.03765726]
[ 0.93378506 -0.31882485  1.05045009  0.18633552  0.94952922]
[1.70532061 1.53989669 1.29773372 0.19582917 1.16880659]
[-1.27930375  1.05661917 -1.17796049  0.10484744 -1.14330148]
[0.32467805 0.63609246 1.31484297 0.20153572 1.25418684]
[-3.24874975  5.60171853 -4.25736919 -0.74174983 -5.402199  ]
[-1.58385725  3.04652458 -2.15688168  0.07604547 -2.15132524]
[ 0.20285665 -0.03189883  0.12814769  0.17736742  0.19189139]
[-0.2032147   0.11894073  0.88330017  0.19431842  0.90681575]
[-1.05596451  1.12451929 -0.34424809  0.15817424 -0.23207015]
[-1.05596451 -0.21086859 -0.36280543  0.16786074 -0.23102257]
[-0.2032147  -0.18042322  1.06984786  0.19644514  1.05197962]
[-0.6295896   0.30299254  0.09512911  0.17518614  0.17673161]
[2.37533832 1.75026409 1.38729242 0.19337164 1.21901276]
[1.60380277 1.42239447 1.49320916 0.19774331 1.34550339]
[-0.2032147   0.73827035 -0.06119469  0.16684962  0.0106018 ]
[0.66983869 0.17372677 0.5651988  0.17664782 0.52917126]
[-1.72598222  3.35836225 -1.73563532  0.10569418 -1.66073975]
[-0.3859468   0.63314094 -0.07219747  0.17196989  0.00576151]
[ 0.06073168 -1.30157297  1.72051031  0.20678313  1.59281998]
[-0.87323241  0.13412211  0.39463297  0.19016071  0.50978877]
[-1.66507152 -1.00220532 -0.91660914  0.16630743 -0.67678889]
[-1.25900018  0.52092494  0.09751966  0.18794202  0.27378475]
[-0.93414311  0.74883397 -0.22178458  0.17459179 -0.06986777]
[0.52771372 0.88343687 1.68279185 0.21241916 1.59720918]
[ 0.26376735 -0.03309036  0.71131292  0.18326168  0.67782539]
[0.71044582 0.3134614  0.72735627 0.16156396 0.62395152]
[0.71044582 0.88309886 0.81413813 0.15915944 0.67891731]
[-0.95444668 -0.64172533 -0.36286267  0.17286261 -0.18703493]
[-3.22844619  4.94746524 -3.4865295  -0.0106183  -3.76326509]
[1.23833856 0.54703518 0.98980615 0.19291198 0.93749373]
[-3.30966045  6.59025346 -5.53122375 -0.68929414 -7.69311966]
[1.1571243  0.76304169 1.56107484 0.20315388 1.43480169]
