[ 1.77335407 -0.58033979  1.27362951  0.33669221  0.91577686]
[ 0.52567993 -1.4304088   0.70369277  0.32876176  0.63920605]
[-0.72199421  0.96800019 -0.53364459  0.15894202 -0.29548192]
[-0.05016967 -1.16473888  0.34163893  0.30979045  0.42367626]
[ 0.7176298  -1.39091171  0.95560827  0.33850159  0.79743668]
[ 0.81360473 -0.89510374  0.74228077  0.32189666  0.65691091]
[ 1.48542926 -1.03928364  1.31980039  0.31348254  0.8977475 ]
[-0.81796914  0.1931296  -0.23582382  0.18478666 -0.05742456]
[ 1.19750446 -1.26767651  1.87724405  0.38363229  1.29789277]
[-0.72199421  1.2310515  -1.12090364  0.08500626 -0.80219529]
[ 1.0055546  -0.6924368   0.55536568  0.30258671  0.5073109 ]
[-0.62601928 -0.23830019  0.58668581  0.31936468  0.5892442 ]
[-0.43406941 -0.08765975  0.32653111  0.29738763  0.40957126]
[ 0.7176298  -0.95184514  0.93990274  0.28467912  0.64584602]
[-0.72199421 -0.49564427  0.5023135   0.31749927  0.54342035]
[-0.81796914 -0.58368303 -0.36014199  0.25311384 -0.06270919]
[-0.53004434  0.40853764 -0.50503605  0.23679975 -0.19080074]
[ 1.10152953 -0.73460663  1.32218613  0.3606698   1.01005479]
[ 2.06127887 -0.37173786  0.83541407  0.17602484  0.43562378]
[-1.10589394 -0.2865522  -1.15965826  0.11172757 -0.80827103]
[-0.62601928  0.55579012 -0.088121    0.26793659  0.116447  ]
[ 0.90957966 -0.54711309  1.429885    0.34968004  1.03504112]
[1.38945433 0.11262356 1.58495549 0.3668675  1.13113568]
[ 0.90957966 -1.02136146  0.69977949  0.2955008   0.56722177]
[ 1.10152953 -0.44571184  0.70843764  0.31288601  0.59634149]
[-0.62601928  0.13728307  0.03537365  0.27825895  0.21890997]
[-0.62601928  0.55579012 -0.24885871  0.24634349 -0.01196494]
[ 1.2934794  -0.97985747  0.52580935  0.29507647  0.47833413]
[ 0.7176298  -1.54969742  1.28306104  0.34558669  0.95094119]
[-0.62601928  0.34072399  0.2065208   0.27663414  0.303193  ]
[ 0.7176298  -0.44080045  0.5995983   0.19948087  0.38150015]
[-0.33809447  1.41605462  0.29036148  0.29767189  0.3823774 ]
[-0.62601928  0.34072399 -0.07466407  0.25839861  0.11422891]
[-0.62601928 -0.88465276 -0.76610183  0.13822643 -0.5053206 ]
[-0.43406941  0.47278214  0.3332024   0.3102774   0.43207979]
[1.5814042  0.30327467 1.58026236 0.36000076 1.11360669]
[ 0.23775513 -0.95708883  0.64825933  0.28930062  0.5354969 ]
[ 0.23775513 -0.84779933  0.43183716  0.22319891  0.37403125]
[ 0.7176298  -0.54960351  1.7492305   0.36365     1.20971778]
[-0.81796914 -0.40522608  0.27296579  0.31262317  0.41916399]
[-1.00991901  0.77332827 -1.63244687  0.05562772 -1.23233795]
[ 1.10152953 -0.82547964  1.23905188  0.36137427  0.96660185]
[-0.43406941  1.63329313  0.09395697  0.20237374  0.15858109]
[0.04580526 0.07379795 0.24587467 0.19057404 0.19565613]
[-0.53004434 -0.65124767  0.02201079  0.27868823  0.20949441]
[-0.43406941  1.90891449  0.03696612  0.27990107  0.21252876]
[-0.43406941 -0.41784257  0.31301132  0.29763728  0.39052532]
[0.14178019 1.17709226 0.12219672 0.13676475 0.0543909 ]
[-0.53004434  2.50374537 -1.34070091 -0.02773314 -1.17897371]
[-0.91394408  0.84254495 -0.96705496  0.20933359 -0.53145493]
[-0.72199421 -0.49564427 -0.11526394  0.28487357  0.1469804 ]
[-1.00991901  0.25978513 -0.98341582  0.2189795  -0.50402157]
[-0.81796914 -1.0668226   0.00394524  0.27560256  0.18440917]
[ 0.04580526 -0.36182535  0.87644761  0.33472052  0.75930433]
[ 1.19750446 -0.94773522  0.66506067  0.31192364  0.5782925 ]
[-0.91394408  1.41605462 -0.66478619  0.12782167 -0.38264527]
[-0.14614461  0.64671238  1.07069435  0.34461443  0.87511052]
[ 1.2934794  -0.81210794  1.41560077  0.35276653  1.03025319]
[0.23775513 0.18710533 0.20958092 0.19180501 0.1790239 ]
[-1.10589394 -0.49564427 -0.98083884  0.23001787 -0.49070079]
[-0.53004434  0.84254495 -0.24608574  0.25437035 -0.00649565]
[ 1.77335407 -0.49564427  2.07686508  0.37979518  1.36460333]
[ 1.38945433 -0.93012129  1.20589766  0.3316917   0.89468757]
[ 1.96530393 -0.81051232  1.10098943  0.33448652  0.82563088]
[ 1.19750446 -0.19151036  1.2867204   0.33733077  0.94428807]
[ 0.90957966 -1.19261782  1.94840129  0.37230306  1.32276117]
[ 0.81360473 -1.41221223  1.27665319  0.35385167  0.97429997]
[ 1.38945433 -0.1020592   1.27565469  0.34507667  0.95411228]
[-0.43406941  0.89830284 -0.57159663  0.22528596 -0.27409247]
[ 1.48542926 -1.11517632  1.35258098  0.32889606  0.94717573]
[ 1.2934794  -0.63503898  0.33817072  0.20620178  0.27921794]
[ 1.48542926 -1.11517632  0.93362355  0.2979957   0.67648884]
[-0.81796914 -0.40522608 -0.67522545  0.24509357 -0.27191295]
[-0.05016967 -1.66655984  0.60285317  0.3089352   0.55599236]
[-0.91394408 -1.45149371 -0.90747329  0.13472467 -0.60827951]
[-0.05016967  0.34072399 -0.45595192  0.12708176 -0.28441055]
[ 1.2934794  -0.35018892  0.30136866  0.29512343  0.35145935]
[ 0.33373006 -0.1800336   0.44567759  0.28735282  0.40689607]
[-0.33809447  0.53373206 -0.22608104  0.19314227 -0.0287578 ]
[ 1.19750446 -1.26767651  1.17867695  0.34763089  0.91773834]
[ 0.90957966 -0.22584806  1.50582279  0.33302155  1.02374955]
[-0.53004434  0.20866585  0.42222804  0.3051912   0.47529832]
[1.5814042  0.1931296  0.74019337 0.28766592 0.54785602]
[1.869329   0.20132928 1.29410442 0.33207566 0.9174508 ]
[ 0.52567993 -0.06985679  0.57157512  0.29246621  0.51628048]
[ 1.48542926 -0.26004758  1.84676849  0.36156872  1.2229012 ]
[-0.62601928  1.84618687 -1.1707312   0.10243761 -0.8508353 ]
[ 1.48542926 -0.26004758  1.84676849  0.36156872  1.2229012 ]
[ 1.38945433 -0.76328211  0.77470728  0.28902213  0.5753923 ]
[-0.24211954 -0.56682455  1.22573875  0.3394343   0.93251294]
[ 1.19750446 -0.86227145  0.71291091  0.27449188  0.49234001]
[-1.29784381 -0.9138284  -1.63642371 -0.038465   -1.36201048]
[ 1.5814042  -0.58368303  1.51461248  0.35330045  1.06813257]
[ 0.62165486 -0.26492199  0.18946079  0.26172899  0.21848914]
[ 0.81360473 -1.41221223  0.68808029  0.34201407  0.66961653]
[-1.87369341  2.18073418 -1.7123508   0.06739281 -1.2070101 ]
[-0.43406941  1.12929979  0.03772267  0.16576345  0.04776096]
[ 1.2934794  -1.29019412  1.01961729  0.34365619  0.83373744]
[-0.72199421  0.06193457 -0.672786    0.24569999 -0.26058233]
[-1.29784381  2.84982879 -2.30462083 -0.08480112 -2.03044185]
[-0.53004434 -0.16109696  0.17225911  0.29598445  0.33122247]
[-0.62601928 -0.57724117 -0.61445456  0.14727086 -0.37372314]
[-0.81796914  2.10639033 -0.65439472  0.11948665 -0.40534074]
[-0.72199421  1.81157853  0.01596621  0.21889134  0.17046837]
[ 1.48542926 -0.96146963  1.35772426  0.34804369  0.97981581]
[0.7176298  0.03258832 0.16196481 0.17558321 0.10974784]
[-0.91394408  1.7346711  -0.67345276  0.13321932 -0.43638842]
[ 0.33373006 -0.30978466  0.7380335   0.32315812  0.66981103]
[-0.62601928  1.28163829 -0.73884165  0.13229568 -0.41978505]
[ 0.52567993 -1.34449564  0.28898246  0.3020289   0.37736406]
[-0.72199421  0.96800019 -0.11696191  0.26517802  0.10504613]
[-0.53004434 -0.16109696 -0.67098696  0.15619911 -0.3813891 ]
[-0.81796914  0.41675747 -1.07418668  0.11813456 -0.73714712]
[-1.39381874  1.10436458 -1.87831697 -0.04106702 -1.54735824]
[-0.81796914  1.17709226 -0.09881299  0.29739587  0.19419754]
[-0.33809447  0.15713096 -0.12565858  0.2711269   0.1205189 ]
[-0.33809447 -0.01771955 -0.70671341  0.23170449 -0.34384827]
[-1.58576861  1.34436591 -2.35685165 -0.08044164 -2.05828006]
[ 0.14178019 -0.68150388  0.45362739  0.30877865  0.50312777]
[-1.58576861  2.84982879 -2.05132214 -0.04984449 -1.71600025]
[-0.43406941  0.89830284 -0.46591363  0.16721112 -0.24533545]
[ -1.77771848   2.22255259  -3.82934514  -4.54977093 -10.8515558 ]
[-2.16161821  2.84982879 -2.07613587  0.02831975 -1.60050249]
[-0.91394408  1.11941169 -1.37998395  0.05953156 -1.03092802]
[-0.53004434  0.20866585 -0.7474698   0.15173416 -0.43746043]
[ 0.52567993 -0.06985679  1.22317457  0.35269402  0.95382949]
[-0.62601928  1.0250253  -0.81982391  0.2344268  -0.38494792]
[-1.39381874 -0.37616309 -1.76081803  0.04028754 -1.34978362]
[-1.29784381 -1.61080195 -1.23307298  0.11898734 -0.82188372]
[ 0.04580526 -0.98225853  0.27431378  0.26816894  0.29764321]
[-0.91394408 -0.67648065 -0.92522973  0.13100786 -0.59844462]
[-1.20186888 -0.79977818 -0.52916464  0.26527937 -0.11034788]
[-0.81796914 -0.58368303 -0.24389586  0.26580504  0.03896406]
[ 1.5814042  -1.35146296  1.68841718  0.3706766   1.18888102]
[-0.81796914  0.41675747 -0.42805885  0.18154609 -0.1661932 ]
[-0.72199421  1.2310515  -0.19617188  0.28928085  0.12226614]
[-1.10589394  0.69916754 -1.31699128  0.1224891  -0.8562808 ]
[-1.00991901  1.05761108  0.25571389  0.31028976  0.40624515]
[ 1.10152953 -1.08336251  0.88499867  0.33620938  0.73741707]
[-1.10589394 -0.06397033 -0.70241312  0.22788798 -0.31526592]
[ 1.77335407 -0.89871331  1.10409248  0.31306563  0.79110862]
[ 0.04580526 -0.22254443  0.15347317  0.28589938  0.29274602]
[-0.62601928  1.0250253  -0.22445446  0.26665865  0.03958732]
[-0.62601928  1.0250253   0.31327716  0.33130939  0.49295817]
[-0.24211954 -1.82229738 -0.85332438  0.12272887 -0.59289145]
[ 0.7176298  -1.70001457  0.24509977  0.26695609  0.27645568]
[-0.72199421  1.81157853  0.11455129  0.29936921  0.32193107]
[-0.43406941  0.27638797  0.43608604  0.30312722  0.47692879]
[ 1.38945433 -0.49564427  1.13982049  0.32731656  0.84044473]
[-0.62601928  0.78350719 -0.20961992  0.26257271  0.05199273]
[-0.62601928  0.55579012 -0.49129931  0.26331756 -0.1104756 ]
[-1.00991901  0.50799765 -1.57713558 -0.02435497 -1.29960978]
[-0.72199421 -0.49564427 -0.27957902  0.2410513  -0.05741844]
[-0.53004434 -0.49564427  0.33435994  0.30580092  0.4234488 ]
[-0.62601928 -0.05545045  0.09143633  0.30554302  0.3124094 ]
[-0.53004434  0.40853764 -1.09323376  0.1296434  -0.71943344]
[-0.72199421 -0.66291792  0.27012458  0.307841    0.41163836]
[-0.62601928  0.34072399 -0.49571992  0.12371348 -0.30272709]
[-0.14614461  0.84254495  0.72911974  0.33117014  0.67901574]
[-0.72199421  0.72089139 -0.1607856   0.29486389  0.15468964]
[-0.33809447  1.17709226 -0.2262946   0.27194013  0.0448502 ]
[-1.00991901 -0.59122921 -1.4125361   0.105679   -0.99336826]
[-1.20186888  0.34072399 -2.04879725  0.06735738 -1.55087207]
[1.67737913 0.12565787 1.10543007 0.2362197  0.72357787]
[ 2.06127887 -0.2865522   1.96694547  0.36076703  1.2885357 ]
[ 1.67737913 -1.01963403  1.74966157  0.36222705  1.18292317]
[-0.62601928  1.84618687 -0.66006883  0.13081176 -0.44463653]
[-0.43406941  0.89830284 -0.39342904  0.16830779 -0.2163712 ]
[-0.14614461 -0.49564427  1.03243145  0.33500395  0.83520735]
[ 1.67737913 -0.8673635   0.83076614  0.28095737  0.57458858]
[-0.53004434 -1.45149371  0.48218999  0.30552984  0.5051664 ]
[-0.91394408 -0.67648065 -0.4245836   0.26666854 -0.06612388]
[ 1.869329   -0.85408781  2.36112722  0.40394744  1.53230273]
[1.19750446 0.77332827 0.87972784 0.31841138 0.70092159]
[ 0.52567993 -1.4304088   0.75314696  0.27867092  0.55424877]
[ 1.19750446 -0.08389374  0.92363049  0.3018188   0.68800204]
[-0.05016967 -1.16473888 -0.01407092  0.24509275  0.09379602]
[-0.72199421  0.72089139 -0.27833103  0.27878051  0.04320672]
[ 0.90957966 -0.54711309  0.31814233  0.27959951  0.33560277]
[ 1.38945433 -0.49564427  1.26280797  0.32708668  0.9041531 ]
[0.42970499 0.0093328  0.19215323 0.3006455  0.31798104]
[-0.14614461  0.11262356  0.50614299  0.23242791  0.44202279]
[-0.91394408  1.41605462 -1.68574704 -0.04405216 -1.43515572]
[-0.33809447  0.73689844  0.30771612  0.31089454  0.4276205 ]
[ 1.19750446 -0.86227145  1.60852287  0.35886454  1.12847291]
[-0.53004434  1.59527639  0.0147023   0.17734727  0.06162525]
[-0.53004434  0.40853764 -0.28404825  0.26997173  0.00971391]
[1.67737913 1.06917377 1.02429304 0.30704425 0.7354233 ]
[ 0.14178019  0.98258801 -0.215781    0.1595023  -0.14270325]
[-0.43406941  0.27638797 -0.26562063  0.27810735  0.03963079]
[ 1.19750446 -0.08389374  0.77333514  0.31516339  0.62926839]
[-0.33809447 -0.34357731  0.50060261  0.28699935  0.46652728]
[-0.72199421 -0.66291792  0.37631806  0.30692807  0.46904673]
[-0.43406941 -0.08765975  0.24568486  0.20878155  0.26238437]
[-0.91394408  2.84982879 -1.21590108 -0.00467013 -0.99241265]
[-0.62601928  0.13728307 -0.32480517  0.1777197  -0.13802116]
[-1.48979368  1.41605462 -1.17765529  0.12532017 -0.76401512]
[ 1.0055546  -0.87798405  0.66473353  0.30032581  0.55898141]
[-0.72199421  1.51163956 -0.79134184  0.00375552 -0.7009844 ]
[ 0.52567993 -0.19694132 -0.34306034  0.14769272 -0.23984974]
[ 0.7176298  -1.13522     0.36780286  0.28701912  0.39090773]
[-1.20186888  0.91974818 -0.36450081  0.28306996  0.01651207]
[-1.68174355  2.84982879 -2.67110292 -0.1024055  -2.41157188]
[-0.72199421  1.2310515   0.39466196  0.31026504  0.46713312]
[-0.53004434  0.40853764 -0.47823656  0.25742636 -0.12921557]
[0.23775513 1.0250253  0.81573498 0.32719791 0.71087492]
[-0.72199421  1.2310515  -1.35292053 -0.01632811 -1.10338605]
[-0.24211954  1.00101473  0.34871864  0.18674929  0.25273069]
[-0.81796914  0.1931296  -0.67170712  0.14581165 -0.41457494]
[ 1.48542926 -0.05927822  0.76067334  0.31961433  0.64319707]
[-0.43406941  0.27638797  0.12893087  0.2801944   0.26401559]
[ 1.2934794  -1.13900447  2.01685564  0.39116808  1.36832427]
[-0.62601928 -0.88465276  0.55693208  0.31279455  0.55708151]
[ 0.42970499 -0.25233714  0.32383494  0.3003324   0.40454171]
[ 1.869329   -0.0941875   1.9518036   0.35297993  1.25323365]
[-0.43406941  0.08981352  0.48026811  0.30565673  0.51485368]
[-0.33809447 -0.01771955  0.300921    0.18016846  0.21665107]
[-0.91394408 -0.1020592  -0.29664459  0.15659213 -0.14538052]
[0.04580526 1.34436591 0.79945923 0.3333124  0.72566057]
[-1.10589394  0.69916754 -1.07769281  0.12979419 -0.6929427 ]
[ 1.48542926 -0.96146963  0.91268016  0.31605984  0.69714422]
[-0.62601928 -0.41200744 -1.11237896  0.13033552 -0.74466003]
[ 0.33373006 -0.6717218  -0.02148295  0.27173002  0.13424208]
[-1.00991901  1.05761108 -1.51760892  0.10483858 -1.05568056]
[ 1.67737913 -0.26959879  1.7861987   0.37233355  1.23309967]
[1.2934794  0.94636998 1.25176065 0.34818705 0.95459549]
[-0.62601928  0.34072399 -0.06294563  0.30566085  0.21465264]
[-0.81796914 -0.01771955 -1.09906793  0.13765379 -0.69522384]
[-0.43406941  0.47278214  0.01358567  0.29228495  0.22212215]
[-0.53004434  0.61951342 -0.31965313  0.17311055 -0.13236691]
[-0.91394408  0.11262356 -0.34818751  0.26162023 -0.0218387 ]
[-0.62601928  0.13728307 -2.32311636 -0.09171648 -2.10392802]
[-0.53004434  1.59527639  0.2134436   0.30780228  0.36885796]
[-0.81796914  1.77449816 -1.28934381 -0.01396092 -1.05675751]
[-0.81796914  0.65436209 -0.53285171  0.24790651 -0.16128231]
[-1.39381874  0.75890813 -1.22072879  0.01563184 -0.91272902]
[ 0.52567993 -0.06985679  1.47930289  0.33922996  1.04846609]
[ 0.7176298  -0.2121296   0.55367507  0.21874303  0.4199328 ]
[-0.81796914  0.90729604 -0.89715722  0.12060721 -0.5601904 ]
[ 1.38945433 -0.67648065  0.99625325  0.31744159  0.7544825 ]
[ 1.38945433 -0.1020592   0.42142088  0.28270742  0.39623628]
[-0.81796914  1.46549511 -0.0716053   0.28619765  0.18855607]
[ 0.42970499 -0.49564427  0.98559333  0.22581329  0.66840595]
[-0.91394408 -0.84779933  0.5060849   0.31036309  0.53988328]
[-0.62601928 -0.23830019 -0.19174564  0.27515763  0.08956968]
[-0.72199421  0.72089139 -1.73041946  0.0396325  -1.333087  ]
[-1.58576861 -1.49928619 -1.71304264  0.07656001 -1.2777954 ]
[ 1.5814042  -1.48407949  1.2669301   0.3304459   0.89860827]
[1.38945433 0.22491916 0.90651916 0.31066054 0.70049028]
[ 1.38945433 -1.31161331  1.51354636  0.32554838  1.01286347]
