[ 0.81360473 -1.07746567  2.40018074  0.44501731  1.55023646]
[ 1.96530393 -0.73460663  4.41223916  0.57729854  2.51413256]
[-0.72199421  0.72089139  1.1721262   0.43215422  1.02950551]
[-0.05016967  0.69916754  0.79195967  0.16098638  0.47773486]
[-0.62601928 -0.23830019  0.34838936  0.16880853  0.26485645]
[ 1.67737913 -0.62431631  3.65951167  0.54879115  2.19690002]
[ 1.869329   -0.36697223  2.88540995  0.47056966  1.74794618]
[ 1.5814042  -1.14055474  3.54169851  0.51072336  2.10292092]
[ 1.67737913 -1.37002927  3.5692414   0.54479317  2.15598526]
[0.04580526 0.07379795 1.92404432 0.4749153  1.42057137]
[ 0.52567993 -0.06985679  2.7300752   0.51871934  1.81432178]
[ 1.48542926 -0.79977818  3.18314694  0.48899517  1.92085434]
[ 0.42970499 -0.37616309  2.67516639  0.51924081  1.79915204]
