[-1.00991901 -0.397248   -0.92379541  0.09513799 -0.56973039]
[-0.81796914  0.1931296  -0.15686712  0.13644853 -0.00607997]
[-0.53004434  1.07869599 -0.21823937  0.12478438 -0.08522875]
[ 2.06127887 -0.6924368   2.44025658  0.29690536  1.51413959]
[ 1.10152953 -1.67879937  2.93216195  0.32959863  1.80241789]
[ 2.34920367 -0.25668191  3.20587468  0.31442028  1.85409967]
[ 1.67737913 -1.09305017  2.90145689  0.30367206  1.74198668]
[-0.62601928  0.78350719  0.22203972  0.16480512  0.26107246]
[ 1.10152953 -1.46964275  0.59408031  0.16316018  0.41598223]
[ 1.77335407 -0.22800642  2.8572206   0.29997094  1.70388087]
[-0.62601928 -0.23830019 -0.67150908 -0.01731637 -0.54679383]
[-1.00991901  0.50799765 -0.61379822 -0.10492835 -0.60874136]
[-1.10589394 -0.49564427 -0.93212343 -0.12199464 -0.86148156]
[ 1.10152953 -1.08336251  2.08814724  0.26540842  1.32404559]
[ 1.5814042  -0.58368303  2.11151083  0.24079033  1.269442  ]
[1.869329   0.10012491 3.16032119 0.29718575 1.82582465]
[-0.53004434  0.61951342  0.02020917 -0.01290493 -0.11662654]
[ 2.06127887 -0.76795022  2.51543406  0.28094192  1.52555645]
[-0.43406941  1.63329313  0.63433976  0.09257712  0.393403  ]
[ 0.23775513 -1.71217993  1.16211109  0.23267776  0.8679726 ]
[ 0.52567993 -1.4304088   0.99255586  0.22007899  0.75355638]
[-0.62601928  2.15766195 -0.93718392 -0.11732151 -0.89164708]
[ 1.10152953 -1.24397377  1.15841504  0.19080646  0.74703559]
[-0.53004434  1.32915922 -0.06458232  0.16465558  0.10429966]
[ 1.0055546  -0.96683766  1.90335033  0.25862302  1.23384089]
[-0.72199421 -0.31956674  0.10334254  0.1390281   0.14065936]
[-0.62601928  1.0250253   0.26527205  0.09569877  0.21962378]
[ 0.23775513 -0.84779933  1.00405836  0.20761106  0.73719118]
[-0.53004434  0.01904389  0.72237613  0.20865784  0.61674818]
[ 1.67737913 -0.17484548  1.41396159  0.21684518  0.9018636 ]
[0.81360473 0.91974818 1.55763874 0.23652843 1.03889138]
[-1.00991901 -0.77443369  0.03714181  0.18003955  0.20044899]
[ 1.869329   -1.07244997  2.56794817  0.29841945  1.5794475 ]
[-0.91394408  0.11262356  0.43955318  0.08644596  0.30387075]
[ 0.90957966 -0.54711309  1.19853877  0.22469605  0.85265143]
[-1.29784381 -1.45149371 -0.72219673  0.01619936 -0.52743353]
[0.52567993 0.64181657 0.97678606 0.22318195 0.75312316]
[-0.43406941  1.63329313  0.40441629 -0.05017787  0.09996058]
[-0.24211954 -0.70473634  1.54889956  0.25598737  1.106627  ]
[-0.91394408  0.58354059 -0.34010476  0.12450399 -0.13476003]
[-0.81796914  1.17709226 -1.43692509 -0.12377044 -1.24518269]
[-0.14614461 -1.34721923  1.2797111   0.23697705  0.94660501]
[-1.00991901 -0.77443369 -0.48563028  0.00391836 -0.36002799]
[0.42970499 0.92796129 0.77259313 0.21071402 0.61820037]
[0.33373006 0.2403598  1.5079198  0.24254743 1.04809476]
[-0.62601928  0.55579012 -0.33421602  0.04823839 -0.24027482]
[-0.81796914 -0.58368303  0.47576702  0.19525528  0.46540144]
[-0.33809447  0.15713096  0.87165224  0.20267622  0.67753169]
[-0.43406941  0.47278214 -0.76082099 -0.01632567 -0.61385677]
