[-0.15361824  0.76787611  0.04975204 -0.04963324  0.35538754]
[-0.40451502  0.76787611 -0.10732475  0.18678179  0.31335454]
[ 0.26454306 -1.29859117  0.52190632  0.17674168  0.53301995]
[ 0.1809108  -1.38843758  0.61907827  0.28177666  0.59028848]
[ 0.84996888 -1.48645183  0.37928632  0.10167711  0.47797896]
[ 2.02082052 -2.86625601  2.21325754  0.97195064  1.0266815 ]
[ 1.60265922 -1.71188463  1.70742942  0.90448152  0.91274285]
[ 1.10086566 -1.84239835  1.28367577  1.02292706  0.85094391]
[ 4.02799476 -3.32245088  2.69270236  1.57942898  1.15946553]
[ 0.93360114 -1.42014807  0.92591986  0.33379617  0.67814047]
[ 1.76992374 -0.67384525  1.22377716 -0.01751114  0.69367995]
[ 0.93360114 -1.11073051  0.35351664 -0.36418127  0.37649912]
[ 0.01364628 -0.53726112 -0.37835194 -0.71350353  0.00705587]
[-0.15361824 -0.00704912  0.13756379 -0.09076195  0.38406623]
[ 0.43180758 -0.26535753  0.93992957  0.68402531  0.72596476]
[ 1.853556   -2.67623603  1.37181477  0.415321    0.78392024]
[0.09727854 0.76787611 0.42231914 0.30391922 0.53003955]
[ 3.9443625  -2.40391088  3.13667897  1.52869977  1.21117888]
[ 2.52261408 -2.38102642  1.54140976  0.76467505  0.85599547]
[ 1.853556   -0.88529771  2.07913953  1.29715926  1.02266273]
[1.18449792 0.3804135  0.79095102 0.10372    0.59876413]
[ 1.76992374 -2.0155288   1.73468483  0.74593474  0.90104934]
[ 1.68629148 -0.96218952  2.05042645  1.0707816   0.99554247]
[ 0.26454306 -0.35928786  0.76930203  0.67062269  0.67268896]
[ 1.0172334  -0.03204671  1.45416419  1.06288057  0.87656852]
[ 1.18449792 -2.02185472  1.13618049  0.68717322  0.77899281]
[ 0.34817532 -0.31028073  0.67985851  0.47327677  0.62581132]
[ 0.01364628 -1.09194444  0.17349106  0.34347205  0.45593338]
[ 0.01364628 -0.53726112 -0.05686924 -0.00112642  0.301799  ]
[ 1.0172334  -1.64300239  1.00619721  0.97990374  0.76918922]
[ 0.34817532 -1.61650922  0.41707363  0.5761058   0.55314686]
[-0.6554118  -0.47200426 -1.07497413 -0.92691078 -0.5844334 ]
[ 0.93360114 -0.78197435  0.9552026   0.53995987  0.70355184]
[ 1.60265922 -2.13397156  1.19036481  0.49353951  0.74603614]
[ 1.10086566 -0.69080668  1.28938438  0.6964739   0.813807  ]
[0.76633662 0.30866116 1.24435316 0.79832644 0.80457047]
[ 6.11880125 -3.54475126  3.73193942  1.59336766  1.28872652]
[ 0.43180758 -0.26535753  0.69099873  0.22335937  0.60833039]
[ 2.77351086 -2.51416016  2.30506704  1.45852589  1.08321089]
[ 2.2717173  -0.93392047  2.39161649  1.49304826  1.10336705]
[ 2.6898786  -2.951765    2.84456018  1.57758589  1.18490032]
[ 3.60983346 -2.44662855  3.18125544  1.59181865  1.22776762]
[ 4.44615606 -3.88167528  3.03465644  1.49294713  1.1893081 ]
[ 3.5262012  -3.02469914  2.69180668  1.49680459  1.14289736]
[ 3.5262012  -2.70983712  3.0787105   1.55234941  1.20891028]
[1.93718826 0.17745689 1.03146795 0.0345936  0.63780794]
[ 4.19525928 -3.23981802  2.57541048  1.363992    1.10919347]
[0.43180758 0.22879769 0.5641819  0.18368403 0.5396428 ]
[ 3.35893668 -1.53475886  3.11430552  1.60365525  1.22049678]
[-0.2372505   0.76787611 -0.07947241  0.1934942   0.32689776]
[ 0.93360114 -0.78197435  1.36773681  1.00522819  0.862041  ]
[ 0.76633662 -0.11775272  1.24937343  0.80838682  0.81674168]
[ 0.09727854 -0.47200426  0.29121642  0.35547583  0.49478837]
[ 0.51543984 -0.66275508  0.29430995  0.24568007  0.45870451]
[ 1.60265922 -2.52160242  2.08406112  1.3545954   1.04128443]
[ 1.76992374 -1.81520799  1.97567868  1.38602302  1.02138537]
[ 3.35893668 -2.45259238  1.95351294  0.97756103  0.96022802]
[ 5.6170077  -2.87883086  3.70462563  1.68054126  1.30528004]
[ 4.11162702 -2.92538457  3.39569068  1.60420256  1.25776658]
[ 5.53337544 -2.90973516  3.23880993  1.54098063  1.22467231]
[0.1809108  0.14793593 0.21266023 0.20773107 0.44277358]
[ 0.76633662 -1.86217316  0.7786643   0.33860382  0.63552356]
[0.01364628 0.76787611 0.66568516 0.59854105 0.63471944]
[ 1.853556   -0.88529771  1.72054528  0.80202193  0.91605653]
[ 2.10445278 -1.9874136   2.28933945  1.29859427  1.06036802]
[ 0.68270436 -0.94230371  0.4569227  -0.09880001  0.45772107]
[ 2.43898182 -2.12517809  2.43732621  1.36661316  1.09549202]
[-0.32088276  0.76787611  0.26144393  0.19619812  0.46009751]
[ 2.85714312 -1.75063089  1.97845261  1.19438752  0.98641343]
[ 1.10086566 -0.00704912  1.35101661  0.99784625  0.84160657]
[ 1.35176244 -1.40191454  1.36887323  0.68031913  0.82145473]
[ 7.12238837 -4.36266335  4.09733028  1.70590436  1.34630974]
[ 1.10086566 -0.00704912  1.62136101  1.04506907  0.91989453]
[ 0.43180758 -0.26535753  0.88251315  0.76199031  0.71440439]
[ 3.02440764 -3.20609943  2.71975514  1.50428     1.15100646]
[ 1.35176244 -1.40191454  1.79264272  0.95886841  0.93847392]
[ 1.26813018 -0.60976874  1.56534518  0.91627866  0.88840294]
[ 3.27530442 -3.36505846  2.52828713  1.54427216  1.13207543]
[ 2.52261408 -2.23183446  2.39153795  1.21655611  1.07942225]
[ 2.94077538 -1.06145558  2.32768078  1.39771382  1.07522067]
[ 2.85714312 -2.05003382  2.38819652  1.50852308  1.10333962]
[ 2.2717173  -2.83177658  2.49469414  1.54053226  1.12375076]
[ 2.18808504 -2.43871105  1.83367564  1.10441023  0.96978191]
[ 2.2717173  -2.38436212  2.01119106  1.2447725   1.00360158]
[ 2.18808504 -0.04074152  2.62246118  1.55224444  1.14913724]
[ 3.1080399  -3.75404053  2.26444346  1.38850002  1.06093785]
[ 0.76633662 -1.86217316  0.91721367  0.1680434   0.65583152]
[ 1.60265922 -0.47200426  2.11764028  1.4162346   1.04849393]
[-0.15361824 -0.00704912  0.45327915  0.5310903   0.57689521]
[ 2.10445278 -1.80546051  2.22105494  1.15291732  1.03898795]
[-0.2372505  -0.78197435  0.23319816  0.02795519  0.43265562]
[ 2.94077538 -4.04577709  3.12972174  1.63480497  1.22536946]
[ 1.68629148 -1.87016723  1.74781296  0.96511024  0.92764767]
[ 3.02440764 -3.41672014  2.55489001  1.36785249  1.11101129]
[ 3.19167216 -3.51266326  3.16110904  1.58698825  1.22235296]
[ 1.35176244 -2.73613363  1.88674076  1.27129462  0.99382029]
[ 0.76633662 -0.51475875  1.3815204   1.17828316  0.88393484]
[ 3.77709798 -2.25622235  3.01966134  1.57417679  1.20368224]
[ 1.0172334  -2.16868266  1.47856702  0.96186476  0.89510072]
[ 0.76633662 -0.51475875  1.45378774  1.24184823  0.91164084]
[ 0.1809108  -1.38843758  1.02731152  0.9345769   0.78165383]
[ 2.43898182 -1.44619598  2.21646084  1.37172229  1.0555464 ]
[ 3.60983346 -2.09338628  2.61027687  1.23671553  1.10731871]
[ 2.6898786  -1.15607619  2.76748931  1.54420885  1.16798087]
[ 5.28247866 -3.88167528  3.36912801  1.67213951  1.26128541]
[ 1.35176244 -1.8890104   1.57973685  1.29757173  0.93633898]
[0.09727854 0.1153075  1.11302283 0.78214507 0.78693695]
[-0.2372505  -0.0587108  -0.01369171 -0.15626163  0.30033159]
[-0.32088276 -0.88529771  0.11362431  0.11703053  0.39851941]
[ 2.77351086 -2.23789448  2.96963662  1.61301075  1.20660523]
[ 2.02082052 -0.81494989  1.74411714  1.05526676  0.94444372]
[ 3.60983346 -2.44662855  3.16448434  1.66823545  1.23916139]
[ 1.0172334  -1.35763309  1.46631336  0.98453654  0.87509995]
[0.68270436 0.29099905 1.10478334 0.8473104  0.78578738]
[ 4.02799476 -3.32245088  2.64173693  1.30793222  1.10735463]
[ 6.87149159 -4.10036583  3.45799782  1.08295119  1.21372634]
[ 4.11162702 -3.19462817  3.13672425  1.53598113  1.21238165]
[ 0.93360114 -0.0587108   1.08792601  0.6999285   0.76278484]
[ 1.35176244 -2.73613363  1.97770316  1.36587702  1.01736408]
[0.43180758 0.22879769 1.47840938 1.07360201 0.89979791]
[ 0.26454306 -2.44662855  1.11920371  0.98943847  0.81142444]
[ 1.0172334  -1.64300239  1.79149369  1.34017189  0.98233595]
[ 0.01364628 -0.53726112  0.87965185  0.82105741  0.73015702]
[ 2.2717173  -1.52819865  2.03898431  0.95852856  0.97841741]
[ 0.51543984 -0.22402818  0.93940712  0.85502424  0.75170683]
[ 0.93360114 -1.11073051  1.45581422  1.05119114  0.89034526]
[ 1.68629148 -1.20466084  1.71458993  1.01011971  0.93544688]
[ 2.18808504 -1.57152081  2.59937548  1.55191721  1.14637189]
[ 0.5990721  -2.61361581  1.0335435   0.92163718  0.77464428]
[ 1.51902696 -1.9874136   1.93563594  1.29425307  1.00518393]
[ 0.76633662 -0.11775272  1.64688691  1.3641896   0.96379801]
[0.76633662 0.30866116 1.69141807 1.24632124 0.95721888]
[-0.06998598  0.76787611  0.11577541  0.15105601  0.40539963]
[ 1.0172334  -0.03204671  1.08522139  0.4391529   0.72911257]
[0.09727854 0.1153075  0.7417908  0.82316799 0.69836423]
[ 4.11162702 -2.22493858  3.38937347  1.67837861  1.26818161]
[ 5.95153674 -3.17282894  3.16040399  1.40331188  1.19232923]
[ 3.86073024 -3.14044245  3.22846756  1.6471771   1.24060674]
[ 6.95512385 -4.16176874  3.69967809  1.61488261  1.28897456]
[ 3.9443625  -3.92681655  2.84774796  1.56160788  1.17562114]
[ 5.11521414 -3.50398063  2.56509377  0.71583525  1.0435067 ]
[ 2.2717173  -1.8890104   1.84325343  1.10517323  0.96367401]
[ 1.93718826 -2.44662855  2.31140398  1.51301336  1.09572526]
[ 0.26454306 -0.84935915  1.07543249  0.79783805  0.76730055]
[ 1.60265922 -0.74417312  2.21256597  1.42939823  1.06780783]
[ 1.18449792 -1.77546824  1.56840747  0.90939057  0.90296211]
[ 2.77351086 -3.36505846  1.9000581   0.98748904  0.9589853 ]
[0.26454306 0.17745689 0.81193563 0.52351541 0.67617133]
[-0.32088276  0.76787611  0.10859106 -0.25260682  0.33551371]
[0.43180758 0.22879769 1.19017333 0.76949942 0.80402234]
[ 0.51543984 -1.0689837   0.98108322  0.49760856  0.70031382]
[ 1.26813018 -1.45755019  2.13466688  1.47563908  1.06533866]
[ 0.51543984 -0.22402818  0.78382185  0.6460278   0.66799844]
[1.18449792 0.01643346 1.35766593 0.7457936  0.83087903]
[ 4.27889154 -3.96621258  2.76314849  1.2461505   1.1290344 ]
[ 0.01364628 -2.05003382  0.77815331  0.58233229  0.67029404]
[ 3.44256894 -2.96670332  2.92935216  1.55878857  1.18952451]
[ 0.84996888 -3.46586174  1.39716342  1.0306483   0.87762417]
[ 2.60624634 -1.54376526  1.92262918  1.0752686   0.97426294]
[-0.57177954 -2.09338628 -0.73207345 -0.76458684 -0.23133748]
[ 1.51902696 -0.21097681  2.02541624  1.31730059  1.0198488 ]
[ 1.4353947  -2.26294257  2.04046122  1.32534907  1.02008584]
[ 2.52261408 -2.07775097  2.56679803  1.24510275  1.10466516]
[ 0.1809108  -0.41296233  0.75790981  0.18752067  0.62318791]
[ 0.76633662 -0.88529771  1.85286458  1.35370825  0.99744062]
[ 4.02799476 -1.92102108  2.8211612   1.49330231  1.16117666]
[ 5.44974318 -4.1551783   3.28716869  1.58130331  1.23345924]
[ 2.10445278 -2.16275022  2.54319141  1.53225987  1.13285383]
[ 2.35534956 -2.33182481  2.62738006  1.47878507  1.13415098]
[ 2.94077538 -3.14753558  2.57650252  1.46517993  1.12470709]
[0.84996888 0.3250617  1.81389208 1.1417741  0.97170356]
[ 2.02082052 -0.33423977  1.92663512  1.00161766  0.96413805]
[ 1.10086566 -0.00704912  1.37500474  0.87899399  0.84121586]
[ 0.93360114 -0.78197435  0.73311403  0.00386239  0.57373599]
[ 0.93360114 -0.0587108   1.15328496  0.45272105  0.75175852]
[0.5990721  0.27192397 1.05217717 0.28103449 0.70917243]
[ 2.18808504 -3.16825205  2.11722766  1.01484268  1.00444949]
[ 1.35176244 -1.13963215  1.3220963   0.78372862  0.82259557]
[ 2.18808504 -2.43871105  2.5111409   1.52799076  1.13020635]
[ 2.2717173  -0.93392047  2.21415475  0.84269404  1.01022992]
[ 1.60265922 -1.00338156  1.8943655   1.29401464  0.99747584]
[ 2.02082052 -2.86625601  1.89331134  1.07369628  0.977131  ]
[ 0.76633662 -1.86217316  1.31018241  0.62014973  0.80363542]
[ 2.52261408 -2.80147647  2.32080358  1.3906465   1.07593441]
[ 1.35176244 -3.60817225  0.74828274 -0.10901963  0.55146297]
[ 4.86431736 -4.63912099  3.86921163  1.683169    1.32331791]
[ 0.5990721  -1.36984866  0.88116269  0.32447329  0.65398563]
[ 1.68629148 -3.28991419  2.01087373  0.94611807  0.97418984]
[ 1.26813018 -3.00567284  2.00385573  1.32581991  1.01365294]
[ 1.0172334  -0.39451173  1.43758123  0.88618738  0.85849728]
[ 0.76633662 -1.86217316  1.37368282  0.93302131  0.85318473]
[ 2.60624634 -4.37309128  2.43455776  1.4316505   1.09733875]
[0.09727854 0.1153075  0.48790435 0.23275542 0.54718282]
[ 0.84996888  0.76787611  0.51995241 -0.3990506   0.4534973 ]
[ 2.6898786  -2.42575515  2.80361069  1.39838802  1.15370721]
[ 1.10086566 -0.00704912  1.59808323  1.02389259  0.90877776]
[ 1.4353947  -1.34899281  1.22063999  0.60338324  0.77341719]
[ 2.35534956 -2.77463923  1.87542531  0.69549878  0.92099222]
[ 2.35534956 -2.77463923  1.87542531  0.69549878  0.92099222]
[ 0.76633662 -0.88529771  0.90629904  0.27554524  0.65097136]
[ 0.76633662 -0.88529771  1.16691313  0.77921805  0.7779658 ]
[ 1.60265922 -1.25053379  2.46641097  1.51917874  1.12085938]
[ 0.84996888 -0.47200426  0.96645452  0.32220293  0.68484707]
[ 2.35534956 -2.91301874  2.35678041  1.19330934  1.07165491]
[ 3.60983346 -2.09338628  2.68857289  1.07854422  1.11931761]
[ 1.93718826 -1.29859117  2.01644288  1.25849742  1.01025692]
[ 0.34817532 -0.31028073  0.58593254  0.22246811  0.56395342]
[-0.15361824 -0.00704912 -0.04544998 -0.31928855  0.25555882]
[ 1.93718826 -0.60976874  1.97540502  1.00634446  0.97016695]
[-0.2372505   0.76787611 -0.0629709  -0.21684185  0.2584535 ]
[ 2.18808504 -5.04884661  2.85152365  1.61414757  1.19042558]
[-0.32088276 -0.88529771 -0.0100563  -0.13796284  0.30778393]
[ 0.76633662 -1.86217316  1.74209842  0.97527669  0.94511039]
[ 0.09727854 -1.48645183  0.5469664   0.64337622  0.60804664]
[-0.15361824 -0.00704912 -0.5239191  -0.38812088 -0.00152766]
[-0.6554118   0.76787611 -0.58462814 -0.39248454 -0.02931077]
[-0.73904406  0.76787611 -0.874079   -0.85305402 -0.36116553]
[-0.82267632  0.76787611 -0.97022036 -0.88438407 -0.45100769]
[ 5.78427222 -3.7905076   3.8733184   1.64823883  1.31946467]
[-0.06998598  0.03853472 -0.35221346 -0.27130986  0.11276659]
[ 1.93718826 -3.36505846  1.24734085  0.10992785  0.71406679]
[-0.48814728 -0.26535753  0.24011199  0.19725273  0.46400159]
[ 3.44256894 -3.36505846  3.2689903   1.53783518  1.23514204]
[ 4.69705284 -4.15065759  3.23532342  1.55472418  1.22915019]
[ 1.68629148 -1.20466084  1.56455448  0.75136041  0.8590849 ]
[0.26454306 0.76787611 0.66903986 0.43304974 0.61547255]
[ 1.0172334  -0.03204671  1.42399404  0.99047553  0.87097977]
[0.76633662 0.30866116 1.49722048 0.7929934  0.87158157]
[ 0.93360114 -1.9874136   0.09054986 -0.31072758  0.27566212]
[ 1.4353947  -2.84844164  1.68526423  1.27400458  0.95559181]
[ 1.853556   -2.67623603  2.60395895  1.55657412  1.14576823]
[ 1.68629148 -1.65797679  1.46982884  1.11062138  0.8885108 ]
[ 1.76992374 -0.92286985  1.8996293   1.22096801  0.98390056]
[-0.32088276 -0.11775272  0.1065125   0.18029877  0.4059277 ]
[ 0.1809108  -1.81520799  1.29411202  0.98283405  0.8464495 ]
[-0.06998598 -0.60976874  0.11689883 -0.11984576  0.34949426]
[0.43180758 0.22879769 0.59142101 0.01358759 0.52816377]
[ 0.68270436 -0.56056714  0.83652856  0.4824174   0.66447416]
[ 0.34817532 -1.9874136   1.34657377  1.18033071  0.88364419]
[-0.15361824  0.76787611 -0.04690962 -0.21249051  0.26589871]
[-0.2372505   0.76787611 -0.41048971 -0.72768668 -0.0286858 ]
[ 0.84996888 -1.16943697  0.45026095  0.01874002  0.49075326]
[ 0.34817532 -0.78197435  0.53677465 -0.01533835  0.51676058]
[-0.48814728  0.76787611  0.159539    0.34771074  0.44770008]
[ 1.0172334  -1.91294631  1.05060752  0.5809129   0.73697161]
[ 0.43180758 -0.26535753  0.59200647  0.45328288  0.59591771]
[ 0.5990721   0.76787611  0.39667463 -0.06935334  0.45533936]
[ 0.93360114 -1.11073051  1.16403228  0.78325175  0.78005461]
[ 1.10086566 -2.09338628  1.52853074  1.00906456  0.89680545]
[ 0.26454306 -1.71188463  0.67600981  0.28585475  0.60513979]
[ 0.76633662 -0.11775272  0.36503469 -0.05790809  0.45792581]
[ 0.01364628  0.76787611 -0.24552557 -0.68777784  0.06836834]
[ 0.5990721  -1.36984866  0.4821101   0.06385775  0.50963164]
[ 1.4353947  -1.34899281  1.54704413  1.13210124  0.90243505]
[ 0.43180758 -0.26535753  0.97948074  0.53818502  0.71151116]
[1.26813018 0.39215479 1.28985737 0.54821883 0.78326044]
[ 1.68629148 -3.85540663  2.33299576  1.40063398  1.08173759]
[ 1.18449792 -2.69225515  0.92802387  0.4648372   0.68027885]
[ 1.0172334  -1.35763309  2.07221572  1.4672916   1.05330715]
[ 1.4353947  -0.53726112  2.0173282   1.34938898  1.02608268]
[ 3.27530442 -3.36505846  3.03825073  1.59721965  1.21107077]
[ 2.18808504 -2.1104176   2.1810619   1.29416866  1.04444545]
[ 3.86073024 -2.7545113   2.66864245  1.42782729  1.13475127]
[ 1.18449792 -2.69225515  0.6559512   0.30382713  0.59473042]
[ 0.34817532 -0.78197435  0.96261167  0.452692    0.71076911]
[ 0.5990721  -4.00089454  1.1001647   0.80657224  0.77059901]
[ 1.76992374 -0.13935343  1.66874219  0.7874359   0.90922462]
[-0.32088276  0.76787611 -0.02602818 -0.12133338  0.29832305]
[ 0.43180758 -0.71998033  0.96161433  0.45933452  0.70324663]
[ 1.26813018 -1.95381251  1.7427467   1.23244093  0.95971207]
[ 0.5990721   0.76787611  0.57839248 -0.02691652  0.5248696 ]
[ 0.26454306 -0.35928786  0.74525723  0.24924511  0.62717063]
[ 1.0172334  -1.05547737  2.05555866  1.42178854  1.04567194]
[ 1.10086566 -1.84239835  1.70977813  1.17886775  0.94399026]
[ 3.60983346 -1.15306531  3.076908    1.57834423  1.21062813]
[-0.57177954  0.76787611 -0.36537679 -0.18124241  0.14210411]
[0.01364628 0.07905369 0.50911313 0.29021184 0.55188192]
[-0.2372505   0.76787611 -0.53432677 -0.9429288  -0.12927743]
[ 0.5990721  -0.60976874  1.6243882   1.33293712  0.95525215]
[-0.82267632  0.76787611 -0.55262501 -0.67176667 -0.06570664]
[ 2.18808504 -2.1104176   2.05105987  1.02806743  0.99479142]
[ 2.43898182 -4.02632799  2.69887922  1.28164881  1.12494015]
[ 1.35176244 -3.28071285  1.493593    0.89248212  0.86929797]
[2.18808504 0.21681817 2.13011163 0.80773893 0.99151166]
[ 0.93360114 -0.78197435  0.97920389  1.00336373  0.76861095]
[ 0.43180758 -3.10675005  0.21648217 -0.16906322  0.37136369]
[ 2.10445278 -4.59376873  1.80432239  0.78635389  0.91173752]
[ 0.09727854 -2.33182481  0.6140218   0.25244372  0.56940844]
[ 3.69346572 -3.5848954   2.90553867  1.54423214  1.18262044]
[ 2.2717173  -1.13963215  2.51317152  1.47497255  1.11945107]
[ 2.94077538 -2.55011361  2.05783921  0.70760616  0.95286006]
[ 0.43180758  0.22879769  0.62993757 -0.00260281  0.54747313]
[ 1.51902696 -0.78197435  1.2339703  -0.05790042  0.70931169]
[ 1.93718826 -1.07875423  2.16325003  1.27323117  1.03817234]
[ 3.1080399  -2.58315192  2.628324    1.36711525  1.12342529]
[ 3.69346572 -2.83642729  3.17434872  1.57882275  1.22290325]
[1.18449792 0.3804135  1.76118771 1.00851972 0.94471847]
[-0.32088276 -0.11775272 -0.77789243 -0.87186093 -0.31028892]
[ 1.4353947  -0.2374323   1.64842036  0.91620329  0.90508621]
[0.01364628 0.07905369 0.01328183 0.03279491 0.3392791 ]
[ 0.51543984 -2.43181517  0.84350295  0.83623926  0.72507005]
[ 0.43180758 -0.26535753  1.13501129  1.01855161  0.80692874]
[ 2.18808504 -1.37807068  1.94680182  1.31094886  0.99978546]
[-0.15361824 -0.00704912 -0.31175214 -0.84935002  0.02826497]
[-0.2372505   0.76787611 -0.45690321 -0.72306951 -0.02700615]
[ 0.76633662 -0.88529771  1.33922981  1.01478896  0.85661144]
[0.34817532 0.20429413 1.43302256 0.75758389 0.85320188]
[-0.40451502  0.76787611 -0.89702634 -1.11068252 -0.4666795 ]
[ 2.02082052 -0.57981994  1.60122703  0.62647872  0.86620548]
[ 0.34817532 -0.31028073  1.02909011  0.61512009  0.73940251]
[ 1.18449792 -0.95417996  1.30572117  0.69502081  0.81377638]
[-0.2372505   0.76787611  0.32139265  0.57222859  0.52873115]
[ 0.34817532 -1.21593248  0.09720551  0.19899688  0.38083449]
[-0.06998598  0.76787611 -0.00747633  0.00185294  0.31919801]
[ 0.01364628  0.07905369 -0.3567802  -0.51827531  0.05216653]
[ 0.1809108  -3.21745365  0.78205642  0.46635936  0.64893216]
[ 1.853556   -1.11889836  1.32204277  0.38095404  0.77182843]
[ 0.5990721  -1.36984866  0.64114054  0.14716373  0.56274425]
[ 2.60624634 -2.47488793  2.17005107  0.98798483  1.02031904]
[0.68270436 0.29099905 0.92550351 0.2452591  0.67378652]
[ 1.10086566 -0.69080668  1.27052044  1.03125234  0.83677925]
[ 4.02799476 -3.40723126  2.73311482  1.53931486  1.157026  ]
[ 1.26813018 -1.45755019  1.21818609  0.51009826  0.78201149]
[0.76633662 0.76787611 0.9994286  0.72154101 0.73692826]
[ 2.6898786  -3.30844291  2.65537449  1.50837645  1.14282405]
[ 1.35176244 -0.5725351   1.60645992  0.79785888  0.89095691]
[ 0.76633662 -0.11775272  1.18377824  0.83925151  0.80106672]
[ 1.18449792 -1.2427407   1.06777201  0.83189669  0.77007458]
[ 2.02082052 -1.66326187  1.99887499  0.9125585   0.97416386]
[ 3.1080399  -3.04714041  2.25201189  1.28349245  1.04771178]
[ 1.0172334  -3.2689437   1.17230171  0.69628672  0.78356675]
[ 3.60983346 -2.87883086  2.32838121  1.34952738  1.06783756]
[ 0.26454306 -0.35928786  0.76952548  0.48325467  0.65858515]
[-0.06998598  0.76787611  0.30649834 -0.04592349  0.4353159 ]
[0.51543984 0.25125929 0.69988102 0.64883944 0.65115121]
[ 1.35176244 -0.26535753  1.71933363  1.28724879  0.96347259]
[ 2.35534956 -2.1742129   1.77236818  1.2537739   0.96557678]
[ 0.93360114 -1.42014807  1.15425157  0.73742255  0.77969033]
[ 4.27889154 -3.75131402  3.62505276  1.67170402  1.2933978 ]
[ 4.27889154 -3.75131402  3.62505276  1.67170402  1.2933978 ]
[ 0.34817532 -1.21593248  1.19440006  0.90665486  0.81324087]
[ 0.68270436 -0.94230371  1.23413672  0.9458503   0.82380593]
[ 1.853556   -0.38550098  1.8997762   0.83364441  0.95278578]
[ 0.51543984  0.25125929  0.39871174 -0.46254276  0.39691757]
[ 0.1809108   0.14793593  0.25264848 -0.04471459  0.41398339]
[ 0.51543984 -0.66275508  0.3754946   0.16640147  0.48405017]
[ 1.93718826 -0.84935915  1.69767813  1.30403446  0.95690242]
[ 0.01364628 -0.53726112  0.34308474  0.4157617   0.51625319]
[ 2.18808504 -1.37807068  2.15988478  1.3208026   1.04111148]
[ 0.1809108  -1.81520799  1.17649163  1.00972615  0.82672074]
[ 3.1080399  -3.75404053  2.32920119  1.07019044  1.05490934]
[ 1.68629148 -0.70817195  2.34012941  1.4373549   1.08763703]
[ 3.27530442 -3.65008843  2.66133488  1.55640119  1.1529114 ]
[ 1.51902696 -1.04658297  1.75758737  0.97496673  0.93500179]
[ 0.5990721  -0.60976874  1.50529527  1.03813741  0.89675938]
[0.09727854 0.1153075  0.80965889 0.82493215 0.71317871]
[ 4.52978832 -3.00038776  3.23919372  1.61945621  1.23521163]
[ 1.51902696 -1.53887807  1.74212954  0.84972026  0.9268693 ]
[ 0.34817532 -1.21593248  1.30604823  1.03628527  0.86024761]
[ 4.61342058 -5.11476798  2.61819167  1.45875995  1.12351523]
[ 4.27889154 -1.47287154  2.68566607  1.38708447  1.1309007 ]
[ 0.34817532 -1.21593248  0.63847655  0.11975556  0.57300716]
[ 1.93718826 -1.07875423  2.22409506  1.29562696  1.04940341]
[ 1.35176244 -1.40191454  1.58538506  1.01375793  0.90832893]
[ 3.77709798 -2.14048525  2.89891378  1.58132277  1.18774033]
[ 0.43180758 -1.13963215  0.73179201  0.63610856  0.65133804]
[ 0.76633662 -2.14948947  1.01345607  0.84341511  0.75955671]
[ 5.11521414 -2.59254732  3.20262556  1.49143483  1.21582562]
[ 1.60265922 -1.25053379  1.55197903  1.07154761  0.89623893]
[ 3.86073024 -2.10501743  2.52345781  1.37945312  1.10521232]
[-0.06998598  0.03853472  0.66073244  0.73747106  0.65544686]
[ 0.84996888 -0.47200426  1.68805081  1.30927432  0.9592463 ]
[ 0.01364628 -1.09194444  0.25232978 -0.08550373  0.40318291]
[-0.90630858  0.76787611 -0.75798288 -0.75831019 -0.23228066]
[ 0.51543984 -0.22402818  0.73881162  0.35651426  0.62625565]
[ 1.18449792 -0.32613598  1.84843125  1.35419362  0.99617532]
[1.26813018 0.39215479 1.66727593 0.85272072 0.91342819]
[-0.2372505  -0.0587108   0.0972943   0.27322801  0.40873083]
[ 1.0172334  -1.05547737  1.50366782  1.20454026  0.91197752]
[ 1.35176244 -3.76245601  0.63292383 -0.2922268   0.50693228]
[ 0.68270436 -4.07068143  1.82108117  1.42089344  1.00545434]
[ 1.4353947  -0.53726112  1.73968365  0.95208885  0.93961171]
[0.5990721  0.27192397 0.65111714 0.4554173  0.61660938]
[ 1.0172334  -0.73500918  1.58529757  1.23957184  0.93458645]
[ 2.94077538 -3.36505846  1.70554272  0.94727024  0.9194798 ]
[ 2.77351086 -3.6829765   2.01068546  1.12566838  1.00125222]
[ 0.51543984 -1.79739362  1.44098523  0.85455038  0.86890683]
[ 0.84996888 -1.16943697  1.11814994  0.4700639   0.73636459]
[ 0.68270436 -0.56056714  1.34026817  0.97834349  0.85454941]
[ 1.60265922 -1.00338156  2.24501891  1.47717905  1.07999178]
[ 0.1809108  -1.38843758  0.68723574  0.14026112  0.58482462]
[0.43180758 0.76787611 0.55349067 0.31580872 0.57434269]
[0.5990721  0.27192397 1.61335687 1.33790647 0.953959  ]
[-0.48814728  0.76787611 -0.49938477 -0.66564844 -0.03819118]
[ 0.1809108   0.76787611 -0.15330383 -0.54843373  0.15835553]
[ 2.52261408 -1.03558624  2.66580816  1.59174849  1.1591569 ]
[1.10086566 0.3679147  1.76520454 1.07303085 0.94991402]
[ 6.53696255 -3.93232399  3.08778615  1.12767701  1.1707164 ]
[ 4.02799476 -2.14948947  3.50788269  1.6388203   1.27618547]
[ 0.34817532 -1.21593248  1.06385594  0.92816213  0.78422863]
[ 1.26813018 -0.9076379   2.00431924  1.37056902  1.0255009 ]
[ 3.27530442 -3.74077978  3.20938915  1.62471525  1.23782891]
[ 1.0172334  -1.64300239  1.72583047  1.30891063  0.96635808]
[ 0.68270436 -3.88167528  1.36100108  1.14254532  0.87166709]
[ 6.20243351 -3.39522586  3.29036929  1.53918441  1.22788944]
[-0.2372505   0.76787611 -0.0758481  -0.47941203  0.21715374]
[ 0.76633662 -0.51475875  1.28177282  0.83487222  0.82852565]
[ 3.1080399  -2.33182481  2.74383187  1.56105345  1.162112  ]
[ 0.43180758  0.76787611  0.62879874 -0.1830348   0.53166075]
[ 0.43180758 -1.52819865  1.56132956  1.034907    0.91012483]
[ 2.02082052 -1.66326187  1.88291388  1.23441037  0.97608154]
[ 0.76633662 -0.88529771  1.22196553  0.80967027  0.80556042]
[ 0.43180758 -1.13963215  1.41892889  1.12191533  0.88719903]
[ 4.27889154 -3.02767604  2.69947875  1.06811604  1.09885492]
[ 4.27889154 -3.02767604  2.69947875  1.06811604  1.09885492]
[ 1.26813018 -1.71188463  1.69768916  0.84097154  0.90655174]
[ 2.35534956 -2.63179587  2.08085592  1.40207338  1.04054332]
[ 1.51902696 -0.21097681  1.76217553  1.08367089  0.95235041]
[ 1.51902696 -1.04658297  2.00609605  1.13739701  1.00689412]
[-0.06998598  0.76787611  0.97458651  0.84623086  0.75760672]
[0.43180758 0.22879769 1.46555854 0.52084108 0.83759272]
[ 0.09727854 -1.927516    0.24633224  0.22043098  0.45653494]
[ 1.76992374 -3.21745365  2.02118317  1.27722293  1.01428195]
[ 2.18808504 -1.75780612  1.59897925  0.88906288  0.88329328]
[ 3.1080399  -1.927516    2.00245088  1.01319363  0.97939369]
[ 1.60265922 -1.00338156  0.31278106 -0.39798723  0.3434927 ]
[ 2.18808504 -1.75780612  1.91803661  1.21677755  0.98427877]
[ 2.2717173  -2.05992122  2.45067572  1.38574374  1.09874718]
[ 2.60624634 -3.12889077  2.46407639  1.34080032  1.09157263]
[-0.15361824 -1.29859117  0.31445432 -0.0017184   0.44823557]
[ 0.93360114 -1.9874136   1.20013985  0.73556932  0.7856766 ]
[-0.06998598  0.03853472  0.30161284  0.05539351  0.44934941]
[ 4.11162702 -2.00362119  2.61789141  1.43748755  1.12235479]
[0.26454306 0.76787611 0.74889048 0.73887181 0.67807122]
[ 0.84996888 -1.16943697  1.41067349  0.75820876  0.84702491]
[1.4353947  0.76787611 1.7283531  1.27497368 0.96463451]
[ 1.35176244 -0.5725351   1.55333515  0.37536612  0.82925396]
[ 1.10086566 -0.35928786  1.21989639  0.55664743  0.7748253 ]
[ 0.76633662 -0.11775272  1.16636631  0.6497888   0.76904143]
[ 0.09727854  0.1153075   0.04068612 -0.12389808  0.32548794]
[ 0.5990721  -0.18587802  0.9205187   0.95909286  0.74976969]
[ 2.10445278 -1.80546051  2.48009156  1.52713403  1.12403058]
[ 0.5990721  -0.60976874  0.46926492  0.00723421  0.4983879 ]
[0.09727854 0.76787611 0.80568862 0.66438606 0.67740992]
[ 1.93718826 -2.27333989  1.68248584  0.85241678  0.9004814 ]
[ 0.68270436 -0.15055379  0.95426183  0.70126731  0.71964412]
[1.18449792 0.01643346 1.3810826  0.91618575 0.84526495]
[ 0.26454306 -0.35928786 -0.47585321 -0.77610607 -0.08355572]
[-0.2372505  -1.42014807  0.15001818  0.21342148  0.40899808]
[ 1.51902696 -1.29859117  1.76192316  1.19296402  0.9514695 ]
[ 0.34817532 -0.31028073  0.09552727 -0.48570621  0.28726879]
[ 0.5990721  -0.18587802  0.70111799 -0.05840936  0.56396189]
[-0.2372505  -1.42014807 -0.15530109 -0.22848771  0.21497213]
[ 0.84996888 -0.47200426  1.50699365  1.06277752  0.89990787]
[ 1.60265922 -1.71188463  1.62959131  0.83704391  0.90176664]
[ 0.51543984 -0.66275508  0.4161499  -0.08162762  0.45766705]
[ 2.35534956 -2.77463923  1.72327832  1.06821909  0.921108  ]
[ 1.68629148 -0.16203416  1.96573338  1.39803173  1.0228457 ]
[ 1.0172334  -1.91294631  1.47708367  1.22447687  0.90942586]
[-0.06998598  0.03853472  0.6074902   0.41033137  0.60070775]
[0.51543984 0.25125929 1.30665377 0.93384542 0.84439039]
[ 1.51902696 -1.9874136   1.30403932  0.85830864  0.82272464]
[ 0.93360114 -0.43200812  1.32962595  0.99979841  0.83947183]
[ 3.86073024 -3.49421266  2.61244357  1.1907112   1.10271739]
[ 1.4353947  -1.34899281  1.65085853  0.86694142  0.89271756]
[ 2.10445278 -1.42014807  1.64464622  0.76400305  0.87742392]
[0.26454306 0.76787611 0.75173991 0.58891095 0.66753813]
[0.09727854 0.76787611 0.68415057 0.74636749 0.66553687]
[-0.15361824 -1.29859117  0.01750792  0.20433348  0.36375896]
[ 1.4353947  -1.09194444  1.73405659  0.66836659  0.89352346]
[ 0.93360114 -1.11073051  0.31100982  0.00597762  0.42878961]
[ 0.68270436 -1.29859117  1.24928286  0.8850766   0.82093388]
[ 0.43180758 -0.26535753  1.31014264  0.89030768  0.84871922]
[ 1.35176244 -1.40191454  1.37773014  0.76150795  0.8257331 ]
[0.68270436 0.29099905 1.15200601 0.70170965 0.78577917]
[ 0.43180758 -0.71998033  0.11433173 -0.2629199   0.29378887]
[ 2.6898786  -1.5052379   2.21316607  1.04256685  1.03394722]
[1.0172334  0.35458266 1.56505083 0.99928646 0.9100596 ]
[ 0.1809108  -2.20783678 -0.28398671 -0.62190214  0.07750851]
[ 0.26454306  0.76787611  0.20312031 -0.65972068  0.31400948]
[ 1.76992374 -1.38843758  1.55516364  0.9370243   0.89039739]
[0.1809108  0.14793593 0.18047269 0.17013314 0.42627445]
[ 1.0172334  -0.39451173  0.86389454  0.4479038   0.66379742]
[ 0.43180758 -0.26535753 -0.10733021 -0.42920135  0.19516193]
[ 1.68629148 -1.43635566  0.73266482  0.38648933  0.61362056]
[ 2.77351086 -1.29859117  2.55723208  1.25361029  1.10977273]
[ 2.02082052 -1.46390855  1.40626951  0.7530736   0.82551599]
[ 2.60624634 -1.18982974  2.67696902  1.46579109  1.141229  ]
[ 1.76992374 -1.81520799  2.80974451  1.6325442   1.19016076]
[ 0.68270436 -0.56056714  0.8907808   0.772205    0.71338148]
[ 0.1809108  -1.38843758  1.2258308   1.19234518  0.85976806]
[ 0.09727854 -0.47200426  0.27684691  0.28504434  0.46678541]
[ 2.85714312 -2.05003382  2.33533626  1.41239906  1.08124749]
[ 0.5990721  -0.18587802  1.38741794  0.90248632  0.85628592]
[-0.06998598  0.76787611  0.66087146  0.32839242  0.60831008]
[-0.15361824  0.76787611  0.28901604  0.03090249  0.44108592]
[0.51543984 0.25125929 1.1099818  0.38423323 0.73476559]
[ 0.84996888 -1.48645183  2.01911236  1.4320986   1.03806288]
[0.43180758 0.76787611 1.42128347 0.90915954 0.87404658]
[-0.32088276 -0.11775272  0.12951904 -0.13329578  0.35453593]
[ 0.09727854 -1.48645183  0.7056427   0.32786951  0.62354073]
[0.1809108  0.76787611 1.16751492 0.62771366 0.77843029]
[0.34817532 0.76787611 0.67342397 0.22968342 0.59512679]
[ 0.5990721  -0.60976874  0.95540271  0.47853499  0.71257837]
[0.93360114 0.76787611 1.63095466 1.02366073 0.91488993]
[ 3.02440764 -2.24326193  2.60756748  1.44610197  1.1237457 ]
[ 0.43180758 -1.52819865  0.70737192  0.13559708  0.59635184]
[ 0.09727854  0.76787611  0.45464145 -0.065392    0.48182938]
[ 2.6898786  -2.28413711  2.42572977  0.95733364  1.05563105]
[-0.32088276 -1.55689958  0.42312498  0.18964988  0.51832102]
[ 0.76633662 -1.55689958  0.98533596  0.30354868  0.686798  ]
[-0.48814728 -1.8890104  -0.43703219 -0.52928451  0.0180774 ]
[ 1.93718826 -4.4432153   1.51595782  0.34645744  0.82825418]
[ 0.1809108  -2.57026335  1.29577759  1.19594064  0.87467212]
[ 0.26454306 -0.84935915  0.53535873  0.59060056  0.59105379]
[ 0.09727854 -1.48645183 -0.01176095 -0.00868323  0.30835326]
[-0.06998598  0.76787611  0.11554463 -0.37105319  0.30839917]
[-0.2372505   0.76787611  0.27807627  0.0785482   0.44022357]
[ 7.70781419 -5.85541647  2.98591912  1.42231529  1.17333067]
[0.26454306 0.17745689 0.56613565 0.36068417 0.57512357]
[ 4.3625238  -4.5605354   3.1603046   1.59007422  1.22442447]
[ 1.10086566 -2.09338628  1.46830257  0.87538702  0.86037048]
[-0.15361824 -0.69080668  0.1392213   0.02697322  0.38767292]
[1.18449792 0.01643346 1.65429047 0.75908385 0.89452411]
[-0.15361824 -0.69080668  0.88985053  0.896444    0.74753632]
[ 2.52261408 -1.40735261  2.21456846  1.16316408  1.0291621 ]
[1.18449792 0.76787611 1.72730159 1.30683048 0.96462626]
[-0.15361824  0.76787611  0.04686806  0.0813823   0.36102418]
[ 0.43180758 -1.13963215  0.26112469 -0.04685559  0.42377793]
[0.09727854 0.1153075  0.10273988 0.19645547 0.38254791]
[ 0.26454306 -1.29859117  0.25021467  0.07754347  0.42854879]
[ 0.01364628 -1.09194444 -0.11142453 -0.1746473   0.24799653]
[ 0.93360114 -1.9874136   1.00950306  0.73568251  0.73915752]
[ 2.18808504 -4.42621733  2.40875916  1.35144036  1.08723024]
[ 0.68270436 -1.9443622   1.47593326  1.28624214  0.91588619]
[ 0.76633662  0.30866116  0.08263011 -0.19437589  0.30775414]
[0.09727854 0.1153075  0.74169899 0.49402817 0.64875841]
[ 0.93360114 -2.951765    0.49375803  0.04699944  0.48541409]
[ 0.09727854 -0.47200426  0.15159059  0.03931986  0.38434927]
[ 0.84996888 -2.33182481  1.50964728  0.9763831   0.89335049]
[ 0.09727854 -1.00338156  0.23126715  0.02107122  0.41791516]
[ 0.26454306 -2.09338628  1.25180516  0.72816983  0.81255032]
[ 0.84996888 -0.47200426  1.05975333  0.79375201  0.75785476]
[ 1.76992374 -4.80260092  1.72862812  0.80805795  0.91122232]
[ 0.5990721  -1.36984866  0.72577698  0.54590435  0.64474326]
[ 1.76992374 -1.38843758  2.10581848  0.99422941  1.01167215]
[-0.32088276  0.76787611  0.31144244  0.3456843   0.49813937]
[ 0.93360114 -1.9874136   0.91860745  0.32162219  0.67013172]
[-0.06998598 -1.18982974 -0.19568656 -0.6662766   0.10642065]
[-0.6554118   0.76787611 -0.00770117  0.00985866  0.3427753 ]
[-0.48814728  0.76787611 -0.45483558 -0.3554268   0.05005976]
[ 1.18449792 -1.2427407   1.69008117  0.87703826  0.92418272]
[ 0.93360114 -0.43200812  0.71127672  0.52607682  0.64616252]
[ 1.51902696 -1.04658297  1.79721015  1.3179367   0.98591637]
[ 1.18449792 -1.77546824  1.23942428  0.81970682  0.80566189]
[ 1.10086566 -1.84239835  1.83246532  1.28886851  0.98427322]
[ 1.51902696 -2.951765    1.3052255   0.80785514  0.81332498]
[-0.15361824 -0.69080668  0.20772922  0.08959166  0.42007453]
[ 2.10445278 -4.08382969  2.75556288  1.48482081  1.15466032]
[ 0.43180758 -0.71998033  0.56585355  0.58812246  0.59610725]
[ 0.01364628 -0.53726112 -0.34329022 -0.39299896  0.06857702]
[ 1.4353947  -0.82171411  1.67022974  0.94532711  0.91295466]
[ 1.10086566 -1.00338156  1.79952353  0.866296    0.94282642]
[ 2.60624634 -2.74820255  2.31093877  1.27392455  1.05898435]
[ 0.68270436 -1.63189235  0.27085895 -0.05455134  0.42155882]
[ 2.52261408 -1.75391447  2.36515098  1.50324622  1.10329896]
[ 3.69346572 -2.05716777  2.31833564  1.34581572  1.0690508 ]
[0.1809108  0.76787611 0.54220687 0.25171745 0.56178918]
[ 4.3625238  -2.43181517  3.31293982  1.61731028  1.24641277]
[ 1.51902696 -1.04658297  1.63402262  1.09516163  0.92774993]
[ 2.02082052 -2.38818301  2.45512797  1.47276523  1.11013083]
[ 1.10086566 -0.35928786  1.48504618  0.95604005  0.87967544]
[ 0.84996888 -2.33182481  1.08417981  0.64005674  0.75404051]
[ 1.853556   -1.9598607   1.69913141  1.08612131  0.92419892]
[ 0.76633662 -0.51475875  1.06068483  0.67202892  0.74018808]
[ 2.2717173  -0.49730794  2.03461768  0.97887079  0.99396527]
[ 4.52978832 -2.91493687  3.06147564  1.5406512   1.20166967]
[ 1.60265922 -3.04714041  2.0696848   1.33972105  1.03439338]
[ 1.76992374 -3.0644814   2.17387221  1.19913104  1.0397094 ]
[ 3.60983346 -3.45589218  3.14163105  1.60295228  1.22064036]
[ 1.60265922 -2.13397156  1.53710813  0.66610473  0.85309428]
[0.43180758 0.22879769 1.1150809  1.10567943 0.81730177]
[ 2.10445278 -1.61650922  2.43979693  1.34135805  1.09126548]
[ 5.70063996 -5.12538244  3.7862234   1.67435944  1.3070982 ]
[ 1.18449792 -2.02185472  1.76396866  1.36110335  0.98110353]
[ 1.10086566 -0.69080668  1.06862448  0.56621149  0.73794546]
[ 0.34817532 -1.9874136   1.08017005  0.96421843  0.79853601]
[ 1.93718826 -1.50945518  2.59383973  1.57208978  1.14672819]
[ 0.76633662 -0.11775272  0.91257022  0.57686797  0.70794953]
[ 1.26813018 -1.95381251  1.24726922  0.58607382  0.77896046]
[ 2.43898182 -3.36505846  2.4150264   1.24834193  1.08625375]
[ 0.93360114 -0.0587108   1.22681334  0.71520435  0.80216152]
[ 1.60265922 -2.52160242  1.81311079  0.9472146   0.94942215]
[0.68270436 0.29099905 1.25975021 0.94408587 0.83196413]
[ 0.1809108  -0.92286985  0.23299969 -0.19754491  0.38764092]
[ 0.68270436 -1.63189235  0.74839933  0.255667    0.61439993]
[ 0.93360114 -0.43200812  1.82096713  1.07579343  0.96148582]
[ 0.5990721  -0.18587802  1.48327781  1.1930509   0.9076343 ]
[ 4.61342058 -3.66026807  3.33057535  1.55175523  1.23862325]
[0.34817532 0.20429413 0.70921253 0.39191336 0.6347882 ]
[ 0.26454306 -0.35928786  0.9070572   0.75757375  0.71687806]
[-0.06998598  0.03853472  0.8680497   0.56565706  0.68779853]
[0.5990721  0.27192397 0.82920078 0.19837091 0.64076103]
[ 3.27530442 -1.9874136   2.23483413  1.38302392  1.05616529]
[ 1.18449792 -0.32613598  1.2839246   0.46953907  0.78482146]
[ 1.51902696 -3.28557895  1.71593969  1.09849536  0.92903364]
[ 1.51902696 -1.76824283  1.85281408  1.02856979  0.96025316]
[ 0.01364628  0.76787611 -0.18471786 -0.52447713  0.15624719]
[ 1.76992374 -1.81520799  2.16739879  1.27854173  1.04010022]
[ 1.26813018 -0.60976874  1.09647692  0.4523338   0.73373157]
[ 0.76633662 -2.67623603  1.44104995  0.73487347  0.84616844]
[-0.48814728  0.76787611 -0.61987782 -0.79716525 -0.1590692 ]
[ 0.1809108  -1.81520799 -0.08130977 -0.21912454  0.24555791]
[ 2.60624634 -1.36984866  2.25246443  1.03961572  1.03033796]
[ 1.4353947  -2.84844164  1.29592421  1.13824277  0.85655735]
[ 2.43898182 -2.43181517  2.05498147  0.99505654  0.98621953]
[-0.06998598  0.03853472 -0.08528621 -0.02859352  0.28807431]
[ 0.5990721  -0.60976874  0.92166562  0.56060905  0.70514162]
[1.26813018 0.39215479 1.45592569 1.01602555 0.88136972]
[ 3.19167216 -3.21198681  2.89803769  1.50209871  1.17906386]
[ 2.94077538 -2.55011361  2.41983549  1.01924718  1.04919319]
[ 5.86790448 -3.64058743  2.21880624  0.78588086  0.9837791 ]
[-0.15361824  0.76787611  0.62775588  0.74371701  0.65201288]
[-0.2372505  -1.9874136  -0.19909099 -0.16891221  0.22564555]
[ 2.77351086 -1.9443622   2.54452822  1.1464746   1.10756013]
[-0.15361824 -0.69080668 -0.30566713 -0.36209015  0.10917326]
[-0.82267632  0.76787611 -0.71679656 -0.75453549 -0.20564884]
[-0.06998598  0.03853472  0.16172718  0.15914148  0.42353525]
[0.09727854 0.1153075  1.09216347 0.5578662  0.76209772]
[ 0.84996888 -0.47200426  1.79534003  1.40027907  0.99762033]
[ 3.60983346 -4.47777161  2.74198955  1.40766952  1.14194843]
[-0.06998598  0.76787611 -0.13385616 -0.83240923  0.10295069]
[0.5990721  0.27192397 1.316782   0.80666515 0.83775249]
[ 0.84996888 -0.83196953  1.14586457  0.34852416  0.73819462]
[ 0.1809108   0.76787611 -0.11482976 -0.42796778  0.19693931]
[ 0.5990721  -2.33182481  1.25063479  1.19137088  0.8614656 ]
[-0.15361824  0.76787611  0.26541138 -0.12666258  0.42161693]
[0.26454306 0.17745689 0.29110516 0.14266468 0.45350084]
[0.09727854 0.1153075  0.30835118 0.07841363 0.45396335]
[ 0.09727854  0.1153075  -0.06615241 -0.1451439   0.26509334]
[ 0.5990721  -1.36984866  1.28699489  0.9806851   0.84273034]
[ 0.76633662 -0.88529771  1.56449241  0.99476027  0.90437555]
[ 0.09727854 -0.47200426  0.48512111  0.33875209  0.54488957]
[ 1.0172334  -0.03204671  1.45120323  0.63554398  0.8489181 ]
[ 1.51902696 -1.9874136   1.74503535  0.86175419  0.92781299]
[ 2.60624634 -1.87449189  2.27020221  1.34077127  1.06282961]
[ 0.76633662 -1.55689958  1.33463957  1.0018687   0.85514005]
[ 0.68270436 -0.56056714  0.8606689   0.31750134  0.6621347 ]
[ 1.76992374 -2.0155288   1.8863062   1.23355309  0.98319507]
[-0.06998598  0.03853472  0.9251893   0.80379842  0.73496934]
[ 0.51543984 -0.66275508  0.90172042  0.35865417  0.67029061]
[ 1.68629148 -1.87016723  1.24855398  0.21078306  0.73916286]
[ 1.0172334  -0.73500918  1.83661112  1.08872685  0.97241348]
[ 2.02082052 -1.66326187  1.4484548   0.55317092  0.81013506]
[0.09727854 0.1153075  0.16040955 0.15847413 0.42196955]
[ 3.77709798 -3.27521205  2.75471753  1.4433731   1.14076966]
[ 0.51543984 -0.22402818  1.28292288  0.79061067  0.8283089 ]
[0.68270436 0.29099905 1.14792712 0.87409508 0.79878166]
[ 0.93360114 -0.78197435  0.73477175  0.53808609  0.64119969]
[ 0.43180758 -1.13963215  1.41892889  1.12191533  0.88719903]
[0.93360114 0.34033116 1.44085709 0.60021368 0.83017416]
[ 0.84996888 -1.48645183  1.85709077  1.32891329  1.00169725]
[ 1.10086566 -0.00704912  1.92076685  1.39755651  1.01413511]
[ 2.35534956 -1.10364143  2.19087466  1.39997979  1.05681038]
[ 2.10445278 -1.9874136   2.46218539  1.40902778  1.10742932]
[ 2.94077538 -1.86217316  1.76848908  1.16471775  0.94521007]
[ 1.76992374 -0.67384525  2.07498298  1.35499554  1.03652254]
[ 0.26454306  0.76787611  0.05746579 -0.15077156  0.3203044 ]
[ 2.18808504 -1.57152081  1.98862206  0.5792929   0.93813415]
[ 0.5990721  -0.18587802  0.57217699 -0.0677295   0.5115775 ]
[0.68270436 0.29099905 1.08711107 0.80930467 0.76972164]
[28.7831437  -6.68510645  6.44223295  1.80340665  1.56865577]
[0.1809108  0.76787611 0.18921515 0.04372299 0.39711343]
[ 0.76633662 -0.88529771  1.38342411  0.84030721  0.85808482]
[ 1.51902696 -0.78197435  1.55443848  0.86224915  0.87416803]
[ 0.1809108  -0.92286985  0.28385045 -0.12679112  0.4258927 ]
[ 0.43180758  0.22879769  0.17747517 -0.11615327  0.3673639 ]
[ 0.43180758 -1.13963215  0.05328004 -0.25702722  0.29114136]
[ 1.18449792 -2.02185472  0.95905847  0.690573    0.71555411]
[0.51543984 0.25125929 1.24985184 0.4946144  0.78627478]
[ 0.09727854 -1.48645183 -0.01176095 -0.00868323  0.30835326]
[ 0.26454306 -0.84935915  0.65895613  0.45066912  0.61826645]
[ 1.0172334  -4.29286009  0.9841846   0.33569983  0.68235467]
[-0.2372505  -1.9874136   0.02967184 -0.29599218  0.2976988 ]
[ 1.93718826 -4.11650111  1.69977412  0.76698707  0.90450547]
[ 0.68270436 -2.77463923  0.70937953  0.1091865   0.5711767 ]
[ 1.60265922 -3.20909866  1.54335481  1.09135513  0.8970852 ]
[ 1.0172334  -2.41130433  1.48013154  0.76387286  0.86060746]
[ 0.43180758 -1.13963215 -0.01730626  0.05267013  0.3178615 ]
[ 2.94077538 -2.4203877   2.4070129   1.22002358  1.07990966]
[ 0.5990721  -1.36984866  0.60476461  0.29586361  0.57499004]
[-0.57177954 -0.35928786 -0.1867036   0.04491956  0.26110525]
[ 1.35176244 -1.40191454  1.43726334  1.0243289   0.86262752]
[-0.40451502 -0.18587802 -0.72140649 -0.81240849 -0.23096809]
[ 0.76633662 -0.88529771  0.95338513  0.65371533  0.72489127]
[-0.06998598  0.76787611  0.5989885   0.34988819  0.59271648]
[-0.15361824 -1.84239835 -0.22005955 -0.47512839  0.13893251]
[ 1.76992374 -0.92286985  2.02397687  1.27274333  1.0110743 ]
[ 3.35893668 -1.94966991  2.78399123  1.52294056  1.15904282]
[ 4.69705284 -3.89492186  3.373259    1.61743635  1.25308099]
[ 3.35893668 -2.45259238  1.95351294  0.97756103  0.96022802]
[ 6.95512385 -2.58070591  3.49296663  1.5419204   1.2582952 ]
[ 1.10086566 -2.09338628  1.76926377  0.90341677  0.93582046]
[ 2.43898182 -2.85638959  2.48417711  1.461434    1.11147324]
[ 1.35176244 -0.26535753  1.22266179  0.9797245   0.81336432]
[ 3.02440764 -2.37548257  2.05544259  0.91179824  0.98679053]
[ 3.44256894 -3.55080832  2.98370968  1.57463338  1.19990157]
[ 1.4353947  -1.59380078  1.80927662  1.26145047  0.97599892]
[ 1.51902696 -1.53887807  1.17244844  0.32306185  0.74027106]
[ 5.03158188 -2.53847154  2.73109738  1.53211544  1.15183117]
[ 1.60265922 -2.87883086  2.11718018  1.15969633  1.0266704 ]
[ 1.10086566 -1.00338156  1.65820484  1.20044326  0.93466092]
[ 4.19525928 -2.08242359  3.48536876  1.6712647   1.27545908]
[ 1.93718826 -1.07875423  2.17242211  1.0234508   1.02883455]
[ 0.93360114 -1.11073051  0.3116112  -0.16702582  0.39426926]
[ 7.70781419 -3.72759658  4.25822567  1.72566419  1.36810796]
[-0.06998598  0.76787611 -0.07503588 -0.22021313  0.2502198 ]
[ 0.93360114 -1.42014807  1.50570334  1.10465306  0.91209314]
[ 2.18808504 -1.17703427  2.39454499  1.50283019  1.10725322]
[ 1.853556   -0.88529771  2.11552468  1.38097309  1.04230702]
[1.26813018 0.03853472 2.18737558 1.50321114 1.07747882]
[-0.2372505   0.76787611  0.53529093  0.73336145  0.62592569]
[ 0.93360114 -1.42014807  1.26907604  0.88612462  0.82770418]
[ 0.84996888 -1.16943697  1.67112769  1.08864052  0.94297572]
[ 1.60265922 -1.71188463  1.59992769  0.65826153  0.87370904]
[ 0.51543984 -0.66275508  0.96500795  0.9228628   0.76351304]
[ 2.94077538 -2.67623603  2.53934603  1.45891945  1.11570761]
[ 0.43180758 -0.71998033  0.88378853  0.56791782  0.70232577]
[ 2.77351086 -3.36505846  2.04682072  1.24839263  1.00851928]
[-0.06998598  0.03853472  0.62610288  0.49572601  0.61917668]
[ 3.9443625  -3.61553934  2.94889078  1.54564467  1.18730111]
[ 5.28247866 -3.6316994   3.35161248  1.5995662   1.24555399]
[-0.15361824 -0.69080668  0.41403176  0.24386055  0.52220434]
[ 1.60265922 -1.25053379  2.14744988  1.19646192  1.03900576]
[1.68629148 0.44159181 2.33214134 1.20678541 1.06785546]
[ 0.76633662 -0.11775272  1.51059882  0.70825625  0.86290146]
[ 0.26454306 -0.84935915  0.72168418  0.12976771  0.5865107 ]
[ 0.26454306  0.76787611  0.24883532 -0.16519452  0.39943125]
[ 0.76633662 -0.88529771  1.79262497  1.19354696  0.96790994]
[ 0.76633662 -2.4203877   0.73265086  0.47303559  0.65092997]
[ 3.27530442 -3.9161164   2.94986833  1.59316842  1.19429411]
[ 5.70063996 -4.04892533  3.66366962  1.58782195  1.27910209]
[ 1.60265922 -2.13397156  1.76631182  0.53246336  0.89208977]
[0.43180758 0.22879769 1.5057933  0.95512056 0.88784165]
[ 1.93718826 -2.44662855  1.92723117  1.03699483  0.97160486]
[ 3.86073024 -2.54808302  3.03153089  1.58933041  1.2040833 ]
[ 1.76992374 -0.92286985  2.57156101  1.49086724  1.13048441]
[ 0.34817532 -0.78197435  0.07965339 -0.15234935  0.33043199]
[ 4.11162702 -2.11556661  3.52434303  1.63647211  1.2736403 ]
[ 2.35534956 -3.42583691  2.6724623   1.49933586  1.14433951]
[ 0.1809108  -0.41296233  0.44151029  0.07028485  0.49744718]
[ 2.35534956 -1.84239835  2.4228973   1.54183133  1.11551328]
[-0.2372505   0.76787611 -0.468075   -0.7800855  -0.06544712]
[0.01364628 0.76787611 0.40819458 0.02376501 0.4860298 ]
[ 1.10086566 -1.84239835  1.87529139  1.42015401  1.0117486 ]
[ 0.34817532 -1.61650922  0.26002435 -0.29576526  0.36675071]
[ 1.4353947  -1.34899281  1.27126491  0.82441608  0.80960435]
[ 0.5990721  -0.60976874  1.23680137  0.86944802  0.81840755]
[0.43180758 0.76787611 0.96687508 0.664912   0.74387264]
[ 1.10086566 -1.84239835  1.81538267  1.11473921  0.9705584 ]
[-0.2372505  -0.0587108  -0.11652714 -0.33022403  0.23145516]
[ 1.0172334  -0.73500918  0.49064695  0.16433721  0.51788351]
[-0.73904406  0.76787611 -0.28145247 -0.36260896  0.15052284]
[-0.2372505  -3.36505846  0.15956816 -0.06165457  0.38054917]
[-0.06998598  0.76787611  0.2763305   0.41351162  0.49850924]
[-0.2372505   0.76787611 -0.38396762 -0.66997429  0.01690733]
[-0.2372505   0.76787611  0.07912879 -0.18138328  0.33906189]
[0.5990721  0.27192397 1.10283592 0.66954452 0.76512583]
[-0.32088276 -0.88529771 -0.27164517 -0.30022238  0.1521398 ]
[ 0.43180758 -0.26535753  1.13501129  1.01855161  0.80692874]
[ 0.76633662 -1.23193094  0.99103877  0.50925798  0.71268008]
[ 2.18808504 -2.1104176   1.85216731  1.05904558  0.9441977 ]
[ 4.44615606 -2.951765    3.01371456  1.41631052  1.17807694]
[ 2.2717173  -3.94716192  2.62954845  1.44917369  1.13928107]
[ 1.60265922 -1.00338156  1.49959866  0.51199946  0.81291793]
[1.853556   0.16305642 1.98108744 0.92837754 0.96644067]
[ 2.52261408 -1.22478877  2.31547061  1.18209925  1.06507696]
[0.1809108  0.14793593 1.0900497  0.71155791 0.77224694]
[ 1.10086566 -1.00338156  1.10284214  0.79649184  0.7709925 ]
[ 0.76633662 -2.67623603  1.16079605  0.62224113  0.76932521]
[ 1.26813018 -1.18982974  1.70265671  0.75145113  0.90256095]
[ 0.68270436 -1.29859117  1.55884518  1.04152239  0.90783167]
[ 1.51902696 -0.21097681  1.79646457  1.02325621  0.95162026]
[ 1.51902696 -2.19705521  1.61013879  1.10072543  0.92516557]
[ 0.76633662 -0.11775272  1.26968705  0.93666884  0.83442348]
[ 2.2717173  -1.8890104   1.98241088  1.22592695  0.99703784]
[ 2.60624634 -1.18982974  1.9444583   0.88240282  0.96557974]
[ 0.84996888 -1.16943697  0.71722069  0.7453814   0.66972165]
[ 2.94077538 -1.06145558  2.55482789  1.51273711  1.12968972]
[ 3.69346572 -3.40998166  2.60088792  1.37221369  1.11914293]
[1.18449792 0.01643346 0.97644473 0.32700346 0.68368508]
[ 1.51902696 -0.78197435  2.17696303  1.20180153  1.04207142]
[0.51543984 0.25125929 0.83532788 0.50064356 0.66778084]
[ 0.68270436 -0.15055379  1.02153114  0.46518746  0.71901255]
[ 2.10445278 -1.61650922  2.65213385  1.56003283  1.15562013]
[0.09727854 0.1153075  0.18364441 0.17814955 0.4324605 ]
[ 5.11521414 -2.4203877   2.57956081  1.01577752  1.06883861]
[1.10086566 0.3679147  1.11317525 0.6275643  0.73606831]
[ 0.43180758 -0.71998033  1.58656113  1.31804359  0.94567725]
[ 1.51902696 -0.21097681  1.76217553  1.08367089  0.95235041]
[ 1.60265922 -1.25053379  1.96407611  1.19104529  0.99506101]
[0.93360114 0.76787611 1.45459691 1.01689981 0.86832415]
[ 1.10086566 -0.69080668  1.24850355  0.98436388  0.82296684]
[0.43180758 0.76787611 1.08810994 0.57069794 0.75092874]
[ 0.68270436 -1.29859117  0.60913168  0.15530402  0.55957132]
[-0.57177954  0.76787611 -0.16846732 -0.25681427  0.19854306]
[ 0.09727854 -1.48645183  0.42936446  0.57815197  0.55841081]
[ 2.2717173  -2.53847154  2.23094678  1.11584753  1.03791017]
[ 1.10086566 -1.29859117  1.14427223  0.42662318  0.73879893]
[1.10086566 0.3679147  1.14304895 0.52921268 0.74578365]
[ 0.5990721  -0.60976874  0.73296168  0.34105561  0.61879468]
[ 0.68270436 -0.56056714  1.24818829  0.8662875   0.81854502]
[ 0.01364628  0.76787611 -0.1384139  -0.14734793  0.23851023]
[ 1.26813018 -0.9076379   1.46546496  0.65260043  0.83926929]
[ 1.18449792 -0.32613598  1.18276957  0.59913934  0.76661837]
[ 0.09727854 -1.00338156  0.59446331  0.4561666   0.59623997]
[ 0.76633662 -1.23193094  0.8846246   0.09320603  0.62892258]
[0.26454306 0.17745689 0.70953497 0.3058892  0.61928024]
[ 0.1809108   0.76787611  0.2730635  -0.05681512  0.41539287]
[ 3.1080399  -2.93566266  2.1534882   1.27557963  1.0314887 ]
[ 9.29682713 -4.73072379  3.33280822  1.53287351  1.2353575 ]
[ 0.34817532 -0.78197435  1.28281806  0.79246774  0.83077197]
[ 1.0172334  -0.03204671  1.27346996  0.84065034  0.81929986]
[ 1.10086566 -3.36505846  1.11620062  0.2034762   0.71281661]
[ 2.02082052 -2.86625601  2.54246373  1.50753891  1.12884177]
[ 0.93360114 -1.11073051  1.24155588  0.9715442   0.83007452]
[ 1.51902696 -0.78197435  2.13634729  1.4006      1.05035962]
[ 0.01364628  0.76787611 -0.18703304 -0.60925101  0.13231659]
[ 0.51543984 -0.66275508  1.12191761  1.11208214  0.8214591 ]
