[-3.08632122  3.52930316 -4.1483365   2.76318551 -4.32212295]
[-0.2032147  -1.97978699  0.42443561  3.09095732  0.8432538 ]
[-0.24382183 -1.69816562  0.26820215  3.09134047  0.72385589]
[1.88805271 0.65901837 1.77786005 3.12002723 1.95892177]
[ 1.03530289 -0.06247374  0.62047564  3.09606899  1.00189843]
[ 0.99469576 -0.74446933  1.4749552   3.11509664  1.73896021]
[-0.34533967 -1.16424853  0.47106546  3.09659079  0.9162875 ]
[-0.18291113 -1.50763998  0.31714504  3.09367193  0.77524828]
[ 0.44649945 -0.44963321  0.6485442   3.10066079  1.04034565]
[-0.99505381 -2.1014319  -1.0145002   3.05885474 -0.45849048]
[ 1.0962136  -0.00357229  1.49763884  3.12529539  1.81390185]
[0.62923155 0.36106873 0.6814118  3.10286856 1.08602377]
[-0.40625037 -0.72286202  0.67455579  3.10637673  1.11763972]
[0.46680302 0.74289593 0.85269148 3.10949379 1.24808561]
[ 1.07591003 -0.08916963  1.61185421  3.12249903  1.87021091]
[ 0.28407091 -0.38067281  0.54808882  3.09871826  0.97344763]
[ 0.06073168 -0.20426621  0.0963509   3.00993951  0.39655373]
[ 0.18255308 -0.91447043  0.96926169  3.1105005   1.35722099]
[-1.79025228e-04  1.94538597e-01  4.41709860e-01  3.09879663e+00  8.90956055e-01]
[-0.28442896 -0.59603145  0.25895556  3.10002855  0.75922059]
[1.29924927 0.41806342 1.16050748 3.11013808 1.46982092]
[ 0.75105296 -0.33535324  1.75254481  3.11297761  1.94709107]
[-0.08139329 -0.52442765 -0.23356154  3.08438947  0.28375306]
[0.38558875 0.37473714 0.05557511 3.08137585 0.4924304 ]
[-1.79025228e-04  1.55081751e-01  4.34363431e-01  3.10316731e+00  9.14250206e-01]
[1.5834992  0.80495294 0.54265401 3.08917634 0.88483056]
[-0.42655393 -0.52577453  0.55205873  3.1147921   1.08583075]
[ 1.01499933 -0.21542026  1.73852321  3.10850517  1.92546856]
[0.50741015 0.21561495 0.82596414 3.08731773 1.14554499]
[0.75105296 1.01594123 1.15260952 3.11274347 1.49460828]
[-1.25900018 -1.38984512  0.07895638  3.05674366  0.54369042]
[-0.22351826 -0.85560638  1.32120639  3.12160661  1.69292018]
[0.34498161 0.12611649 0.41442699 3.1021553  0.86967553]
[0.34498161 0.86913994 0.70382885 3.1070883  1.14502945]
[-0.73110744  0.16556173 -0.47656934  3.08098571  0.11826984]
[0.69014225 1.96615458 0.5991447  3.09813112 1.00540251]
[0.83226722 0.99083542 0.81697814 3.10778299 1.20811795]
[-0.64989317 -1.53084436  0.09280157  3.09864472  0.6226305 ]
[-0.97475024 -0.78351882  0.22681309  3.09983541  0.76293515]
[-0.93414311 -0.88399494 -0.15369555  3.0893297   0.40574248]
[0.54801729 0.68207286 1.4819113  3.12203245 1.78900244]
[-0.71080387  0.86146645  0.22707733  3.1005301   0.75420408]
[-0.5077682  -0.18499235 -0.41305073  3.02432135 -0.01316946]
[-0.3250361  -0.09108159  0.24863559  3.1070121   0.79206321]
[ 0.32467805 -0.13669935  1.18971302  3.11181199  1.52181239]
[0.02012454 0.07224837 0.18366024 3.09208411 0.66789595]
[1.2789457  0.70631894 1.73744179 3.12660616 1.99542942]
[ 0.36528518 -0.0992979  -0.38284734  3.08728301  0.16671854]
[ 0.64953512 -0.11819491  1.03531057  3.10817747  1.37625372]
[-0.87323241 -0.30797173  0.22166006  3.09683095  0.7483039 ]
[0.44649945 0.24432719 1.10527001 3.12057435 1.51951614]
[-0.2641254   0.05430317  0.00388738  3.09386339  0.53305351]
[-0.36564323  0.67235397  0.27072831  3.10046234  0.78613959]
[0.64953512 0.23658439 1.52639199 3.12803123 1.84842572]
[ 0.04042811 -1.24484057  0.87611812  3.11508941  1.31279132]
[ 0.36528518 -0.05403882  0.71642421  3.10446386  1.12701788]
[ 1.03530289 -0.21824885  1.54517988  3.1218311   1.8351837 ]
[-0.97475024 -2.40321921  0.25045447  3.09972184  0.77462246]
[-0.87323241  0.52795339 -0.31655045  3.0900731   0.27316026]
[ 0.54801729 -0.66702474  0.12591307  3.08118946  0.54572022]
[-0.64989317 -1.02798967 -0.09322768  3.087854    0.42711884]
[-1.05596451 -0.79375958  0.34081201  3.10802677  0.8891976 ]
[1.38046353 1.30038584 0.64453343 3.09514161 0.99854958]
[0.87287436 0.09328875 0.68518567 3.08876619 1.01963093]
