[-0.10169686 -1.74870326  0.67470949 -0.2712393   0.66524674]
[-0.46716107 -2.18445728  0.75846734 -0.27070735  0.74047747]
[-1.92901789 -1.9919979  -0.97178307 -0.3191177  -0.85982708]
[ 0.08103524 -0.1375151   0.39602174 -0.27213082  0.41950793]
[-1.03566094 -2.05594558 -0.6195107  -0.30978364 -0.53555189]
[-3.10662478 -3.54340303 -3.12325793 -0.43253381 -3.31222153]
[-0.24382183 -0.33292548  0.44068011 -0.27870023  0.45581796]
[-0.10169686 -1.50514213  0.82292244 -0.26360939  0.80679692]
[-1.11687521 -1.69019558 -0.68040136 -0.29999231 -0.58374741]
[-0.93414311 -2.51905308 -0.51255473 -0.29456232 -0.40504137]
[-0.83262527 -1.54110771 -0.32738403 -0.27457347 -0.1625047 ]
[ 0.64953512  0.24825383  0.82940432 -0.25768276  0.82892575]
[-2.21326783 -2.75891414 -1.40494181 -0.29748047 -1.15412029]
[ 0.24346378 -1.12305042  0.9755724  -0.27109752  0.87976303]
[-0.83262527  0.25065901 -0.49248367 -0.29928536 -0.41095379]
[-0.12200043 -0.76562654 -0.02609549 -0.3046681  -0.06396912]
[-0.28442896 -0.24042228  0.0453774  -0.28669231  0.07534879]
[-1.48233942 -2.88622833 -0.39627057 -0.28571495 -0.24772244]
[-0.54837534 -0.33617495  0.86845191 -0.24712837  0.94550005]
[-2.27417853 -2.19803969 -1.31163232 -0.29508921 -1.08294117]
[-1.19808948 -2.85647708 -0.12256956 -0.28924078 -0.05258702]
[-2.70055344 -4.21897838 -1.54145249 -0.3054396  -1.29178769]
[-0.3250361  -1.51851965  0.25689661 -0.27954589  0.27334143]
[-0.42655393 -1.1207215   0.17340902 -0.27370666  0.25258156]
[-0.6905003  -2.13166502  0.9299808  -0.25243617  0.96690711]
[-1.56355369 -1.24660032 -0.95137575 -0.35763832 -0.95205536]
[-2.33508924 -1.83332557 -2.02222733 -0.4093931  -2.06949174]
[-0.36564323 -0.74661678  0.24565665 -0.27469194  0.31573161]
[ 0.52771372 -0.12890295  0.53665346 -0.27903402  0.48878134]
[ 0.34498161 -0.33556155  0.34200275 -0.27095523  0.37467032]
[-0.52807177 -1.42324564 -0.75139571 -0.36424873 -0.780853  ]
[ 1.01499933  0.00162553  1.17237267 -0.25355665  1.10883676]
[-0.2641254  -1.12164207  0.99803666 -0.24742615  1.03437079]
[-0.2641254  -1.52669877  0.54621842 -0.26465626  0.58392771]
[-2.25387497 -1.90131387 -1.68911833 -0.34017517 -1.5815811 ]
[-0.64989317  0.59357544 -0.73422039 -0.35781863 -0.86184806]
[-0.75141101 -1.60161341  0.16837725 -0.27294022  0.27158682]
[-0.34533967 -0.94762611  0.48269374 -0.28090774  0.47271487]
[-1.79025228e-04 -1.78126122e+00  8.95654565e-01 -2.52015814e-01  9.19303970e-01]
[ 0.95408863  0.42875057  0.25886011 -0.29238092  0.22062829]
[-0.06108973 -0.61224173  0.57936957 -0.26097324  0.60968352]
[-2.13205357 -2.57726485 -1.78643232 -0.39451387 -1.82574471]
[ 1.1571243  -0.14080606  1.19694298 -0.26126049  1.06189831]
[ 1.01499933 -0.30974681  0.41443615 -0.29629976  0.34213152]
[-1.19808948 -1.786089   -0.65157436 -0.30851566 -0.55819463]
[ 1.3398564   0.02981441  2.01266158 -0.24458809  1.77054259]
[ 0.60892799  0.21232126  1.3574164  -0.25267322  1.26054252]
[-2.59903561 -4.085109   -2.6236241  -0.49829074 -2.93113635]
[-0.97475024 -1.64224121 -0.2728601  -0.33656336 -0.27600557]
[-0.89353598  0.46599889 -1.10281052 -0.33306413 -1.05592272]
[-1.60416082 -1.78679305 -0.1079128  -0.27963143  0.02355517]
[-0.36564323 -1.95185197  0.40082458 -0.27029135  0.46046585]
[-0.3250361  -1.42506483  0.82903775 -0.25605363  0.86864005]
[-0.48746463 -0.91760542  0.61088886 -0.26015982  0.68154075]
[ 0.81196366  0.4490075   1.42893543 -0.2518398   1.32399367]
[-1.05596451 -0.87087875 -0.89292638 -0.32728769 -0.86750817]
[-2.80207128 -3.90548697 -3.5165567  -0.60434479 -4.22262653]
[ 0.66983869  0.15098639  1.27154022 -0.25015946  1.21984   ]
[-2.13205357 -3.74797752 -1.6081731  -0.37176864 -1.59006123]
[-1.50264299 -2.50165082 -0.30731599 -0.27753792 -0.12232811]
[ 0.56832085 -0.14661583  0.74240039 -0.26499757  0.70685628]
[ 1.38046353  0.8104214   0.78483172 -0.28928079  0.65479752]
[-1.50264299 -2.62591951 -1.0350161  -0.30707561 -0.8856065 ]
[ 0.02012454 -0.24399258  0.64831577 -0.26660924  0.64746478]
[-0.04078616 -1.17275905  0.17774926 -0.2817749   0.20370062]
[-2.49751777 -1.515733   -2.11392807 -0.4676936  -2.24322902]
[-1.78689293 -1.83987672 -1.26342911 -0.30755174 -1.07858615]
[ 0.97439219 -0.20969167  1.45598084 -0.25574456  1.30479995]
[-0.40625037 -0.8107098  -0.05256055 -0.28461331  0.02512804]
[-1.13717878  1.55327921 -0.39508692 -0.2776371  -0.22760285]
[ 0.64953512 -0.44979407  1.51173645 -0.24272042  1.43236996]
[-0.97475024 -0.09045372 -0.57518573 -0.30540044 -0.5303744 ]
[-6.90500305e-01  6.01675682e-05 -2.11693349e-01 -2.84413353e-01 -7.48375987e-02]
[-1.96962503 -1.3911811  -0.75006939 -0.32542065 -0.63685267]
[-0.06108973 -0.80765775  0.53899715 -0.26363366  0.57618029]
[-0.3250361   0.25480497  0.18148312 -0.28715654  0.21950071]
[ 0.10133881 -0.8109058   1.10446556 -0.26639509  0.99194407]
[-0.48746463 -0.91760542  0.04214712 -0.32731433 -0.01550035]
[-1.50264299 -0.47691207 -0.40161314 -0.27073294 -0.18483341]
[-0.02048259  0.0698226   0.29032531 -0.28029394  0.3090208 ]
[-1.94932146 -1.28339581 -2.08515202 -0.3667093  -2.06769548]
[-0.81232171  0.34296453 -0.20472757 -0.32215473 -0.19949764]
[-0.24382183 -0.2843876   0.5493677  -0.26556624  0.57325005]
[-0.06108973 -0.66483575  0.43365362 -0.30690434  0.36302745]
[ 0.34498161  0.07831555  0.20291162 -0.27644538  0.24030976]
[-0.36564323 -1.58251255  0.07417517 -0.2860445   0.14235815]
[-0.95444668 -1.48254197  0.03277906 -0.30174823  0.06556693]
[-0.10169686 -0.83687856  0.87784335 -0.27274582  0.82979151]
[ 0.16224951 -0.64680629  0.86780758 -0.25783123  0.85926307]
[-0.10169686 -1.37484047  0.97088259 -0.25590273  0.95290203]
[-1.34021445 -3.07446782 -0.20628491 -0.26276697  0.02614759]
[-1.29960732 -2.49797153 -0.73992242 -0.31343612 -0.66189353]
[-0.60928604 -0.89616715  1.01491311 -0.24817527  1.05555429]
[-1.29960732 -1.05503019  0.01397142 -0.2688923   0.16452379]
[-1.09657165 -2.37963467 -0.94312613 -0.33967655 -0.93399802]
[-0.30473253 -0.71642962  1.05323734 -0.25279795  1.05828718]
[-0.58898247 -2.09072576  0.42980186 -0.28092207  0.44687011]
[ 0.14194594 -0.96938025  1.07695776 -0.25104567  1.05845455]
[ 1.48198137 -0.50086134  0.5455227  -0.27781533  0.51480105]
[-0.60928604 -1.83775658  0.08050851 -0.2836909   0.159967  ]
[-0.46716107 -1.63172478  0.54247806 -0.27068342  0.59453056]
[ 0.44649945 -0.65266966  1.17241825 -0.26919464  1.06776644]
[ 0.44649945 -0.61495865  0.77313628 -0.25798757  0.78980016]
[ 0.46680302 -0.24700726  0.80447375 -0.27673699  0.74431945]
[ 0.28407091 -0.60471736  1.00562061 -0.25022978  1.01750561]
[ 0.28407091  0.55576711  0.50717985 -0.28988253  0.44717646]
[-1.48233942 -2.25921201 -0.60183589 -0.29871657 -0.46019702]
[ 0.58862442 -0.12881496  1.68735517 -0.2638013   1.47248884]
[ 0.97439219 -0.57527648  1.07890326 -0.2694844   0.9845489 ]
[ 0.14194594 -0.96938025  0.06333378 -0.30544544  0.03352571]
[-1.84780363 -1.52019031 -1.15961809 -0.32514691 -1.06973898]
[ 0.79166009 -0.73836888  1.06460709 -0.27750106  0.94225933]
[-2.45691064 -2.92729103 -1.86044405 -0.38063305 -1.8207752 ]
[ 0.79166009  0.1999878   2.02621295 -0.23938421  1.81668988]
[-0.54837534 -1.46211672  0.1377905  -0.30485039  0.08860553]
[ 0.56832085  0.23486581  0.46218384 -0.30225749  0.34535373]
[-0.54837534 -1.46211672  0.1377905  -0.30485039  0.08860553]
[ 1.29924927  0.80552356  1.72045591 -0.26897122  1.45569041]
[ 0.28407091 -1.29913681  1.60248767 -0.24716545  1.48184624]
[-0.3859468  -0.44639159  0.50891445 -0.26006689  0.58270986]
[-0.02048259 -0.58335704 -0.12894136 -0.29634268 -0.08467689]
[ 0.40589232  0.36825294  0.75495949 -0.28301378  0.67787434]
[-0.42655393 -1.70629783  0.07398983 -0.28849612  0.11787749]
[ 0.83226722  0.7390804   1.37927764 -0.25366764  1.26617377]
[-0.34533967 -0.00598634  0.26090679 -0.31283431  0.19206575]
[ 1.19773143 -0.62985567  1.11084271 -0.28188269  0.91533286]
[ 0.08103524 -0.92420181  1.14026789 -0.25467341  1.0957266 ]
[ 0.42619588 -1.06567901  1.26050651 -0.24712196  1.21659198]
[-0.81232171 -2.71256501 -0.35429783 -0.33454529 -0.39071714]
[ 0.30437448 -0.8238091   0.09017238 -0.33439797 -0.06996701]
[-2.07114286 -1.85993624 -1.91604739 -0.43694252 -2.05768469]
[ 0.22316021 -0.24240449  0.95259343 -0.25920237  0.92969303]
[ 0.79166009  0.45543349  0.44551245 -0.28723279  0.41786629]
[-0.02048259 -0.10546249  0.33390844 -0.30595632  0.23261429]
[ 0.20285665 -0.44521733  0.55475397 -0.27349133  0.58607823]
[ 0.42619588 -1.06567901  1.26050651 -0.24712196  1.21659198]
[ 0.87287436 -0.31150643  0.30667361 -0.2848476   0.28791839]
[-1.96962503 -1.2248493  -1.46659227 -0.34927823 -1.43430693]
[ 0.22316021 -1.35915793  0.79962222 -0.29421711  0.67674168]
[-0.60928604 -0.54414111  0.21438412 -0.28004809  0.27813976]
[ 0.28407091  0.52850297  0.90301832 -0.25563798  0.90410077]
[ 0.34498161 -0.43934441  0.20761118 -0.29745193  0.15631101]
[-0.4468575   0.17808008 -0.24554638 -0.32535579 -0.30531569]
[-2.74116058 -3.7085784  -2.58195999 -0.40604245 -2.63462692]
[ 0.48710658 -0.99773533 -0.02066328 -0.29870494 -0.04649611]
[-0.95444668 -0.5065031  -0.60719864 -0.29468714 -0.48126262]
[-2.25387497 -1.0868028  -3.2308298  -0.46735971 -3.55515278]
[-1.52294655 -1.34453717 -0.54295463 -0.27778171 -0.33250833]
[ 0.75105296 -0.58766964 -0.20174638 -0.31417651 -0.24644972]
[-1.21839305 -0.90937751 -0.78679635 -0.32183201 -0.69337207]
[ 0.18255308  0.52578724  0.19759476 -0.30568536  0.1293678 ]
[-1.86810719 -1.78126122 -1.49501629 -0.33399736 -1.43453118]
[-2.09144643 -1.1754081  -1.98489264 -0.3619435  -1.92283269]
[-1.29960732 -0.77142235 -0.61077952 -0.28481308 -0.42312501]
[-0.46716107 -0.24585949 -0.19290441 -0.30653931 -0.17829619]
[ 1.3398564   0.73134909  0.92525391 -0.25357814  0.9197946 ]
[-1.11687521 -0.09999609 -0.52292978 -0.3020811  -0.42074164]
[ 0.99469576  0.20528324  1.37696691 -0.24970155  1.29604125]
[ 1.03530289  0.13193337  0.86984    -0.27890657  0.75502201]
[-1.74628579 -1.18398503 -2.46167561 -0.47934747 -2.82043849]
[ 1.25864213  0.48468341  0.94134175 -0.28913253  0.8004889 ]
[-0.87323241 -1.04756482 -0.23690099 -0.28693199 -0.11065141]
[-0.3859468   1.24902666  0.1649237  -0.29971321  0.14123511]
[-0.81232171  0.01971279 -0.77855368 -0.33065456 -0.79318429]
[ 0.64953512  0.30716298  1.00524066 -0.26385903  0.93744377]
[-2.19296427 -1.48458164 -1.40009905 -0.28937012 -1.12010235]
[ 0.24346378  0.99563695  1.16925299 -0.2786509   1.05981869]
[-0.42655393  0.05701107  0.37028936 -0.26632346  0.45084833]
[ 0.06073168  0.474248    0.87388888 -0.26260202  0.84015752]
[ 0.14194594  0.95651518  0.29672235 -0.27475474  0.35561472]
[-0.91383954 -1.81213659 -0.70619176 -0.29931323 -0.61195232]
[-1.64476796 -0.70698674 -0.65448201 -0.34014845 -0.57574762]
[ 1.13682073  0.5221161   1.30808913 -0.24939572  1.23898048]
[-0.08139329  1.90460995  0.36380473 -0.2749443   0.41098928]
[-0.79201814  0.57692646 -0.2409246  -0.26840266 -0.05480448]
[-1.62446439 -0.59355145 -1.31308618 -0.30885427 -1.14495415]
[-1.88841076 -1.52930013 -2.21282653 -0.44974256 -2.42696435]
[-0.93414311 -1.06170001 -1.36321931 -0.33650533 -1.3181851 ]
[-0.83262527 -0.1117383  -0.73120632 -0.28704006 -0.58941974]
[-1.34021445 -0.10424089 -1.03503456 -0.29734573 -0.85637638]
[ 0.24346378 -0.84133832  1.2064773  -0.25626194  1.13132508]
[-1.48233942 -1.28846867 -0.59421598 -0.30758864 -0.5042448 ]
[-0.18291113  0.18133866 -0.29985919 -0.38698013 -0.46224475]
[-0.16260756  0.71845899 -0.03380723 -0.26989628  0.10341078]
[-1.66507152 -0.84958326 -1.63955739 -0.40357738 -1.73003972]
[-1.36051802  0.51657914 -1.45240219 -0.38165559 -1.51772643]
[-1.68537509 -0.60345888 -2.25368329 -0.41013763 -2.41315587]
[ 0.28407091  1.03555905  0.77656242 -0.28017304  0.70145134]
[-1.27930375 -0.46290433 -1.41736141 -0.31199747 -1.26958459]
[-0.40625037  0.31274181 -0.18780163 -0.28443352 -0.09974909]
[-1.23869662 -0.09915284 -0.36460978 -0.28221756 -0.22594706]
[-2.13205357 -1.28012345 -2.69376657 -0.46266281 -2.97176315]
[-0.77171457 -0.17031596 -0.4197255  -0.28375552 -0.29739186]
[-0.93414311  1.63686447 -0.52362581 -0.29150109 -0.39084983]
[-0.85292884  0.87402097 -0.85245418 -0.31881219 -0.75962492]
[-0.36564323  0.48064583 -0.21044645 -0.28732053 -0.09189481]
[-1.56355369 -0.74393967 -1.08609837 -0.31259883 -0.96805145]
[-1.62446439 -0.2782713  -1.17258872 -0.33945467 -1.14525147]
[-0.16260756  1.20450674  0.0987878  -0.27416018  0.16985282]
[-0.97475024  0.45071512 -1.29764834 -0.36905462 -1.38124401]
[-0.3859468   0.42693034  0.26788946 -0.27239241  0.3139357 ]
[-0.08139329  0.47139661  0.30953689 -0.26945504  0.36287272]
[-1.01535738  0.92229883 -0.37765657 -0.27430967 -0.18802313]
[-0.6295896   0.53254344  0.24164626 -0.27166086  0.32728807]
[ 1.50228494  0.11435468  1.65971842 -0.24706211  1.51374834]
[-2.0508393   0.46118558 -1.25099182 -0.29564806 -1.02113541]
[ 0.85257079  0.61788443  1.05050418 -0.25204812  1.02629538]
[-3.18783905 -1.19595708 -5.71199653 -1.11178677 -8.15169084]
[-1.09657165 -0.72588479 -1.20176993 -0.34420897 -1.18082368]
[-0.6905003  -0.35312139 -0.43207602 -0.28911626 -0.33723517]
[-2.21326783 -1.65792844 -1.97169365 -0.34683953 -1.90959943]
[ 1.01499933  0.44496623  1.08299255 -0.2554325   1.0190194 ]
[ 0.54801729  0.37368681  0.61641315 -0.33466034  0.43275815]
[-0.60928604  1.11999723 -0.16391466 -0.27401542 -0.02458494]
[-0.3250361   0.04328969 -0.73097033 -0.32840441 -0.703721  ]
[-1.13717878  0.73426928 -0.07796885 -0.26616243  0.10911038]
[-1.74628579 -0.63111225 -1.86719249 -0.38470633 -1.92143912]
[ 0.95408863  0.57020342  0.87803972 -0.26141975  0.84779834]
[-0.91383954 -0.25661532 -0.03626585 -0.27821531  0.08200581]
[-0.5077682  -0.21176302 -0.40557791 -0.30028794 -0.34710166]
[-1.42142872 -0.85343848 -0.95975936 -0.29533226 -0.77115696]
[-1.58385725 -0.17807197 -1.33624997 -0.32154539 -1.20992634]
[ 0.50741015 -0.83559507  0.32938752 -0.27640885  0.31754322]
[-0.4468575   0.40479231 -0.10406702 -0.28089581 -0.02894609]
[-0.77171457 -0.66758946 -0.77985439 -0.29836033 -0.64905277]
[-0.3250361   0.60464452 -0.26752805 -0.29056583 -0.18974395]
[-1.17778591 -0.35617857 -1.65829256 -0.32327561 -1.5491238 ]
[-1.46203585  1.24625679 -0.74580762 -0.27799779 -0.50658124]
[-1.25900018 -0.0241856  -0.80553945 -0.34136514 -0.79093746]
[ 0.89317792  0.18620691  0.85150262 -0.26545411  0.78367542]
[-1.96962503 -2.41560982 -1.64158905 -0.36339288 -1.59028143]
[-1.19808948 -0.04314172 -0.60608671 -0.29483226 -0.46611839]
[-0.58898247  0.33502138  0.28305673 -0.26268655  0.40863556]
[ 0.79166009  0.1999878   1.28932132 -0.26041169  1.16526567]
[ 0.14194594 -0.58492529  0.14800112 -0.28748386  0.16065732]
[-0.81232171  0.17774698  0.05614148 -0.26968159  0.17750469]
[-0.02048259 -0.17798529 -0.0818309  -0.27001172  0.06126642]
[-0.4468575  -1.13170458 -0.42515977 -0.29905078 -0.3737415 ]
[ 0.83226722  0.72626386  0.47271399 -0.28329176  0.42671996]
[ 0.95408863  0.90878735  1.09481837 -0.25361238  1.04636392]
[ 0.06073168  0.57398909  0.70883831 -0.26199178  0.73541256]
[ 0.04042811  0.09250175  0.28734058 -0.2826536   0.28616405]
[-0.77171457  1.01719795 -0.62771488 -0.36771211 -0.68694606]
[-2.31478567 -2.16748408 -2.62498883 -0.48883719 -2.96533246]
[ 0.36528518 -0.03118887  0.05824816 -0.28838791  0.0776865 ]
[ 0.54801729  0.94489149 -0.51926246 -0.30588776 -0.47605668]
[ 0.79166009  1.65296907  0.02045065 -0.2888376   0.0412943 ]
[-0.54837534 -0.17659265 -0.51264478 -0.30954457 -0.4854311 ]
[ 0.06073168 -0.36364775  0.23400137 -0.26554987  0.32796746]
[-1.31991088  0.31353924 -1.14042482 -0.32838634 -1.05612142]
[-0.2641254   0.48479286  0.06154159 -0.29289442  0.08289282]
[-1.79025228e-04  3.70603159e-01  1.45996328e-01 -2.88352282e-01  1.57242617e-01]
[ 0.85257079 -0.2509702   1.68525915 -0.24176237  1.5659944 ]
[ 0.14194594 -0.05465158  0.34099602 -0.27502093  0.39283486]
[-1.64476796 -0.25465484 -1.13923969 -0.31011819 -0.98439419]
[ 1.1571243   1.07926017  1.12713484 -0.26091651  1.02818672]
[ 0.34498161 -0.42910983  1.19182992 -0.2486855   1.16592729]
[ 0.87287436  0.02951554  1.0604208  -0.2498833   1.04682175]
[-0.2032147  -0.1928762   0.76903287 -0.25980296  0.78818175]
[ 0.81196366 -0.6091748   1.66913468 -0.25076641  1.49218083]
[ 0.18255308  0.42988204  0.96885764 -0.25476454  0.94845935]
[-2.33508924 -3.03721543 -1.74841116 -0.40342086 -1.82643932]
[-2.27417853 -3.01367067 -1.30246723 -0.32167765 -1.17942021]
[ 0.85257079 -0.29941818  1.86163588 -0.25970662  1.62203187]
[-1.11687521 -1.05855336  0.31431053 -0.26333821  0.43003346]
[-1.34021445 -0.95075445 -0.95038883 -0.36393872 -0.97434244]
[ 0.64953512 -0.52548673  1.44334292 -0.25288999  1.3126168 ]
[-0.48746463 -1.41821787  0.55117803 -0.26912641  0.56063639]
[-1.50264299 -2.62591951 -0.60926046 -0.28636499 -0.42854547]
[ 1.70532061  0.68515153  1.8933612  -0.24366484  1.69245877]
[-1.54325012 -1.50775576 -0.67143728 -0.29197983 -0.50582991]
[-1.01535738 -1.87993724 -0.51266101 -0.29394959 -0.37178271]
[-0.08139329 -0.08036871 -0.41764667 -0.30741101 -0.35702765]
[ 0.26376735 -0.58354219  1.04146042 -0.25554478  1.00800728]
[-1.01535738 -1.89748569 -0.46151715 -0.29160437 -0.36109517]
[-0.5686789  -0.04676237  0.31351341 -0.2852395   0.32135922]
[ 0.10133881  0.16563297  0.65276634 -0.30848727  0.52240407]
[-0.18291113 -0.74280927 -0.06833134 -0.3132933  -0.12178094]
[-1.29960732 -2.47545264 -0.66272457 -0.30560662 -0.54094351]
[-2.68024988 -3.07818568 -2.15136031 -0.36323576 -2.12688779]
[-2.98480338 -3.80336073 -2.90679425 -0.40599411 -3.019496  ]
[ 0.10133881 -0.41260357  0.2780164  -0.28627029  0.27890762]
[-0.14230399 -1.17907393  0.56423561 -0.30121179  0.4584474 ]
[-1.11687521 -0.72479788 -1.27125556 -0.33730795 -1.27341316]
[-0.06108973 -0.7063002   0.03809373 -0.29263321  0.05034166]
[-1.01535738 -0.92094979  0.61139478 -0.25376639  0.71787607]
[-2.07114286 -1.60240801 -1.03241958 -0.33622187 -0.91563483]
[-1.46203585  0.00770875 -0.64499084 -0.31185249 -0.58571299]
[-0.54837534  0.54499687  0.19867465 -0.26709286  0.29872367]
[ 0.10133881 -0.35785585  0.89196817 -0.25321502  0.92238533]
[-1.15748235 -0.69500941 -0.48512341 -0.2956788  -0.36997571]
[ 1.80683844  1.10041064  1.53152466 -0.25291267  1.35722193]
[-0.2032147   0.73827035  0.19272925 -0.28619496  0.21611206]
[-0.24382183 -1.01531443 -0.59425682 -0.29741766 -0.50888954]
[-0.79201814  0.04460528 -0.58804852 -0.29964342 -0.50072428]
[ 0.77135652  0.47402654  0.51435088 -0.28809072  0.41755757]
[-1.58385725 -0.53171666 -0.83211059 -0.30363    -0.68430608]
[-1.21839305  0.19352152 -0.35391874 -0.28973756 -0.2202147 ]
[ 0.16224951  0.23824918  0.28400575 -0.31092761  0.1926702 ]
[ 0.54801729  0.38604693  0.9494485  -0.26500965  0.86492841]
[-1.50264299 -0.67004823 -0.32061168 -0.27170355 -0.11864511]
[-0.24382183  0.10313259  1.00278668 -0.25370314  1.00149723]
[ 0.69014225 -0.31814654  1.41026914 -0.2468883   1.3256248 ]
[-1.9899286  -3.66485202 -1.45765481 -0.32370673 -1.32830028]
[-1.9899286  -0.5447716  -1.04272919 -0.28810696 -0.80966405]
[-0.5077682  -1.54477515 -0.15018015 -0.30847836 -0.16441449]
[-0.08139329 -1.14847904  0.43599613 -0.26196486  0.51402524]
[-0.02048259 -1.18901955  0.73121106 -0.25430112  0.79587614]
[-0.81232171 -1.57528654 -0.31068201 -0.33066036 -0.37692237]
[ 1.218035    0.15394445  1.71597402 -0.24326111  1.57649136]
[ 1.62410634 -0.41495096  1.99724653 -0.25037906  1.7247434 ]
[-1.79025228e-04 -1.25637985e+00  7.13026583e-01 -2.62381226e-01  7.24737598e-01]
[ 1.03530289  0.43886092  0.7100811  -0.28020024  0.64092682]
[-0.42655393 -1.10098231  0.76805142 -0.26000062  0.78842564]
[-0.18291113 -0.31805114  0.00277248 -0.31089071 -0.05640481]
[-0.08139329 -1.16635376  0.41674227 -0.27903228  0.43717855]
[ 1.19773143 -0.05130464  1.37158085 -0.2606865   1.21447086]
[-1.13717878 -0.68252376 -0.04728973 -0.29650539  0.00564906]
[-2.15235713 -2.23537124 -1.76424547 -0.38995586 -1.80031363]
[-0.24382183 -1.24938651  0.96270562 -0.27010065  0.91642221]
[-1.13717878 -2.33355991 -1.33568992 -0.32907057 -1.26968492]
[-1.29960732  0.09703    -0.73480114 -0.29584728 -0.5844748 ]
[-0.22351826 -1.6562622   0.75711811 -0.2546293   0.81892271]
[-1.96962503 -2.7032342  -0.87027655 -0.30393905 -0.69372968]
[-1.84780363 -1.52019031 -1.15961809 -0.32514691 -1.06973898]
[-0.02048259 -0.59393991  0.20991177 -0.30654829  0.15123962]
[ 0.71044582 -0.59415038  1.35000709 -0.26991641  1.21336699]
[ 0.36528518  0.52525361  1.05912262 -0.26948372  0.9944695 ]
[ 0.44649945 -0.51871991  1.13226982 -0.25435986  1.07746122]
[-0.04078616 -1.5826667   0.31221943 -0.30241144  0.25534073]
[ 0.91348149 -0.71705482  1.85863067 -0.2454897   1.66195741]
[-0.77171457  0.93846957 -0.05387831 -0.2898074   0.01522769]
[ 0.02012454 -0.30163427  0.32667676 -0.28604981  0.34477269]
[-0.3859468  -0.61105721 -0.4405645  -0.29238333 -0.34112791]
[-1.13717878 -0.97265676 -0.92860313 -0.33639828 -0.90245342]
[-1.58385725 -1.40445842 -1.478745   -0.32649997 -1.37720552]
[-1.40112515 -1.44660788 -1.13951476 -0.32605606 -1.07870311]
[-1.07626808 -1.13961149 -0.86407933 -0.31647581 -0.79416716]
[-0.89353598 -0.31860577 -0.76632683 -0.3412303  -0.79164041]
[-1.76658936 -0.26071501 -1.13240957 -0.29603171 -0.91360909]
[-1.36051802 -0.28725723 -1.65461729 -0.33450689 -1.6261298 ]
[-0.60928604  0.59079087  0.11015532 -0.29720818  0.14771735]
[-1.21839305  0.55875    -0.98174151 -0.31750156 -0.8897897 ]
[-0.77171457  0.0385227  -0.45620564 -0.28797095 -0.33837021]
[-0.99505381 -0.75708094 -0.51020278 -0.30830118 -0.44361565]
[-1.78689293 -0.3520725  -1.65265248 -0.34908966 -1.61310239]
[-0.3859468   0.53657886 -0.63240431 -0.30553477 -0.5703592 ]
[-1.58385725 -1.58752818 -0.80293463 -0.30373395 -0.68020412]
[ 0.34498161  0.41383342  0.82513945 -0.25693912  0.82988383]
[-1.05596451 -0.33292548 -0.55858288 -0.2769238  -0.35292235]
[-0.12200043 -0.61874961  0.83002563 -0.25392184  0.87877985]
[ 0.08103524  0.3700988   0.8612504  -0.25196755  0.89754623]
[-1.46203585 -1.65173526 -0.59367597 -0.29750905 -0.43346193]
[-0.93414311 -0.07007936 -0.66207388 -0.31577903 -0.60734567]
[ 0.66983869  0.79259835  0.8377233  -0.2713392   0.76682797]
[-0.46716107 -0.62824679 -0.2732169  -0.29212451 -0.16919988]
[-0.83262527  0.26727097 -0.46808583 -0.27715266 -0.29723945]
[ 0.48710658  0.54665741  0.49286261 -0.26863239  0.52143695]
[-1.42142872 -0.1691256  -1.03751448 -0.28787113 -0.82090255]
[-0.46716107  1.1170674   0.00220023 -0.26851134  0.12688469]
[-1.58385725 -0.6953104  -1.45277377 -0.32482846 -1.35778734]
[-1.29960732 -0.08135351 -1.17140976 -0.30764339 -1.02065917]
[ 0.12164238  0.3162687   1.27394683 -0.27517312  1.16967147]
[-0.18291113  0.02001154  0.71879237 -0.26279502  0.71960862]
[-0.75141101 -0.63149825 -0.4572776  -0.30543931 -0.40414038]
[ 0.93378506  1.58872259  0.78723365 -0.25943548  0.78788447]
[ 0.95408863 -0.1481118   1.25649808 -0.25362919  1.16405558]
