[-2.70055344  2.61080932 -3.5583564  -1.86576438 -4.32925262]
[ 1.66471347 -0.13338508  2.14525764 -1.59799905  1.67070315]
[ 2.74080253  0.44169443  1.85414706 -1.6271644   1.348208  ]
[ 0.30437448 -0.89616715  2.02209051 -1.58873585  1.67483835]
[-2.74116058 -3.67013241 -2.20703669 -1.85477267 -2.70022399]
[-2.72085701 -3.90326497 -2.19615493 -1.73352184 -2.46592334]
[ 1.76623131 -0.58853053  3.20776391 -1.57424357  2.57994311]
[ 0.87287436 -0.89616715  2.50817526 -1.58664095  2.02677328]
[-2.51782134 -2.28844995 -2.06148595 -1.75015987 -2.3666688 ]
[ 0.28407091 -1.0960271   0.95684232 -1.63188504  0.65481229]
[-0.2641254  -0.21904601  1.40395486 -1.60565922  1.13877516]
[-1.80719649 -3.6855545  -0.93324595 -1.67861458 -1.09252933]
[-0.6295896  -0.21464473  0.77698869 -1.62380818  0.57747935]
[-1.54325012 -0.83659352 -0.25527548 -1.63633676 -0.32690733]
[-0.2641254  -0.85520412  0.30491928 -1.63578553  0.0945507 ]
[-1.01535738 -2.20206664 -0.52906958 -1.65277659 -0.67232406]
[-0.34533967 -1.77744616  0.53137848 -1.6292678   0.31707859]
[ 0.44649945 -0.10335778  1.21486035 -1.61944007  0.89337936]
[ 0.95408863 -0.77609625  2.27595264 -1.58668976  1.85111518]
[-2.70055344 -4.33697032 -2.07283777 -1.80090288 -2.43112777]
[-2.65994631 -2.91221474 -2.26621655 -1.78316718 -2.62054725]
[-0.75141101 -1.25486317  0.12566755 -1.63929239 -0.05792334]
[ 0.30437448 -1.18592284  1.50084509 -1.60946328  1.17306796]
[ 1.17742786 -0.47775905  1.9060498  -1.60116341  1.51083297]
[ 0.24346378 -1.10618947  1.13864985 -1.60805311  0.88788072]
[ 1.50228494 -0.12771339  2.81334319 -1.57542978  2.30164476]
[-0.5686789  -1.4283712   0.51064701 -1.62228566  0.33952822]
[-1.38082158 -3.56506617 -0.59772816 -1.64789497 -0.69557761]
[-1.05596451 -2.46623538  0.14473383 -1.64270027 -0.01625865]
[-2.96449981 -5.21705863 -2.94101994 -1.85797078 -3.53787018]
[-2.2335714  -4.1555821  -1.69767479 -1.7546032  -2.03184329]
[-2.09144643 -4.20279092 -1.64962673 -1.71313403 -1.87974891]
[-3.55330326  6.04724317 -4.34606094 -1.90448541 -5.30733251]
[-2.03053573 -4.20162568 -0.74808531 -1.65575993 -0.82494422]
[-1.58385725 -3.46894057  0.446956   -1.62602275  0.33986558]
[-1.70567866 -3.88466123 -0.86425547 -1.6925714  -1.04695405]
[ 1.3398564  -0.17688227  2.36151167 -1.59648424  1.85480617]
[-2.2944821  -4.44022108 -1.99033369 -1.74603881 -2.30980955]
[-0.89353598 -2.95068602  0.2563457  -1.65123548  0.02694626]
[-1.15748235 -2.96427102 -0.41979728 -1.65877638 -0.58477334]
[-1.66507152 -3.91901707 -0.49230347 -1.66744005 -0.63646309]
[ 1.2789457  -0.85893363  2.56065892 -1.58419551  2.07164115]
[-1.70567866 -1.86052337 -0.63406779 -1.67836151 -0.74272648]
[-2.4772142  -3.09371191 -1.48942356 -1.79746521 -1.8605    ]
[-0.58898247 -1.38449491  0.56954327 -1.62029858  0.40931198]
[-1.96962503 -3.24512983 -1.17565325 -1.66320937 -1.24504851]
[-3.55330326 -5.315448   -4.90112172 -2.2749275  -6.76850167]
[-0.85292884 -0.53171666  0.42742656 -1.65166837  0.18867873]
[-0.93414311 -0.19272995 -0.47737026 -1.67430879 -0.64521287]
[-2.78176771 -4.14328935 -2.37292758 -1.82427651 -2.81965426]
[-0.81232171 -2.15772657  0.08813129 -1.63614255 -0.07465828]
[-1.44173229 -2.95186949  0.13572683 -1.67513448 -0.08905312]
[ 2.31442762  0.84310566  1.57747616 -1.62355818  1.18514244]
[-2.03053573 -4.24738082 -0.87307496 -1.66204394 -0.97636105]
[ 0.89317792 -0.57007987  1.4233515  -1.6049996   1.11909995]
[-0.36564323 -1.26869092  0.91002467 -1.62364687  0.69665532]
[-0.04078616 -1.33551196  0.89744077 -1.62075208  0.68514827]
[-3.47208899  3.10834379 -4.32238573 -1.89365501 -5.26305444]
[-2.74116058  1.56073188 -3.98103448 -1.96984623 -5.08450822]
[ 1.03530289 -0.50122478  1.75993775 -1.59797085  1.42981164]
[-2.1726607  -3.20318776 -1.16478726 -1.68216103 -1.30135325]
[ 0.66983869 -0.48960469  1.87538551 -1.6047277   1.47606128]
[-0.95444668 -2.20660191  0.22743515 -1.64359433  0.04096427]
[ 0.99469576 -0.86483639  2.3431362  -1.594745    1.86047121]
[-1.88841076  1.7012435  -1.60192979 -1.72925575 -1.86097044]
[-3.57360683 -5.02085341 -4.89439643 -1.99834255 -6.41097937]
[-0.46716107 -1.75360203  0.57048686 -1.63979369  0.32090072]
[-0.99505381 -1.78580016 -0.03997121 -1.65148084 -0.22294416]
[ 1.218035   -0.68732473  2.24724754 -1.59455134  1.79041169]
[-1.79025228e-04  5.19229276e-02  1.80605976e-01 -1.64399286e+00 -2.82430555e-02]
[-0.10169686 -0.21138385  1.31283002 -1.60527878  1.04217892]
[-2.2944821  -3.6547368  -1.60869941 -1.69969223 -1.79511453]
[-0.5686789  -3.1875224   1.28667238 -1.60325157  1.06158505]
[ 1.03530289 -0.55332439  2.02610114 -1.6041175   1.5835954 ]
[-3.10662478 -4.27697116 -2.88371354 -1.85744448 -3.46411612]
[-2.21326783 -2.53034312 -1.71637074 -1.82895403 -2.19170077]
[-2.37569637 -2.84214763 -2.12764793 -1.72238877 -2.38538634]
[ 0.73074939 -0.53171666  1.75747945 -1.60138013  1.39614138]
[ 0.24346378 -0.64155105  1.67106451 -1.62786138  1.25145949]
[-3.04571408 -3.85504361 -3.42539319 -1.84625666 -4.14594868]
[-1.60416082 -3.18628017 -0.6150376  -1.67997255 -0.82682563]
[-1.34021445 -2.44508176 -0.67477456 -1.67449946 -0.85341282]
[-2.1726607  -3.27642011 -1.91731723 -1.74333793 -2.25595431]
[ 1.03530289  0.0180919   1.4279866  -1.6245677   1.05193248]
[-0.83262527  0.52578724  0.07390326 -1.64359473 -0.09133864]
[ 0.20285665 -0.63920436  1.168071   -1.63890547  0.83191791]
[ 1.44137424 -0.3818106   2.5103681  -1.59650827  1.95825342]
[ 0.12164238 -1.47015186  1.43808616 -1.60294328  1.17620325]
[-0.93414311 -1.51901112  0.23185271 -1.63246252  0.11385283]
[-2.2335714  -2.16627713 -1.38570852 -1.69018907 -1.53927131]
[ 1.56319564 -0.28434588  1.8978198  -1.6051023   1.46341857]
[-1.05596451 -2.5285562   0.64353207 -1.62537523  0.479665  ]
[ 0.52771372 -0.70255283  1.22292622 -1.62338455  0.85958648]
[ 0.14194594 -0.00653415  0.6297459  -1.67173827  0.23322335]
[ 0.64953512 -0.16014156  1.93305227 -1.60691071  1.54351265]
[-2.03053573 -1.93371761 -1.59908743 -1.78702761 -2.02033765]
[-0.85292884 -1.84160854  0.67545471 -1.63178277  0.47336539]
[ 1.36015997 -0.0876791   1.83800593 -1.62579188  1.37376822]
[-3.30966045  4.63567074 -3.7796187  -1.90280816 -4.67269976]
[-2.43660707 -2.95180325 -2.55127563 -1.79388086 -3.0808275 ]
[ 0.04042811 -1.15923318  1.41499285 -1.62069552  1.08294319]
[ 0.99469576 -0.27917212  1.43008627 -1.61950636  1.09559684]
[-0.97475024 -1.66119628 -0.14548123 -1.65731405 -0.33143259]
[ 0.97439219 -0.2289424   1.48066002 -1.62905778  1.06757449]
[-1.48233942 -3.08287013 -0.54953068 -1.70620553 -0.78484951]
[ 0.30437448 -0.51664749  1.94923233 -1.58631649  1.63491098]
[-0.93414311 -2.73350035  0.29959864 -1.64004625  0.1155985 ]
[ 1.88805271  0.42568144  2.25600626 -1.59771105  1.78885559]
[-0.58898247 -1.27951057  0.4907704  -1.65755123  0.2320537 ]
[-1.19808948  0.25869109 -0.09097177 -1.72921252 -0.38632481]
[-2.65994631 -3.76573527 -2.15730094 -1.82811876 -2.63553181]
[ 0.06073168 -0.81011634  1.54129362 -1.60175401  1.25153454]
[-2.53812491 -3.83283763 -2.68095399 -1.88516483 -3.33529254]
[ 0.42619588 -1.17097458  0.42887886 -1.64078538  0.20155063]
[ 0.38558875 -1.18121775  1.08095464 -1.6489805   0.68567514]
[ 0.28407091 -1.02798967  1.05749036 -1.63214336  0.7288329 ]
[-2.2944821   5.10217732 -1.92188748 -1.73043205 -2.19398689]
[-1.34021445 -3.39904904  0.03947662 -1.62465268 -0.04498553]
[ 0.04042811 -1.98860063  1.41438586 -1.60774684  1.11645885]
[-3.22844619 -4.65067907 -4.06024782 -2.15948146 -5.31096019]
[-2.1726607  -3.01540646 -0.49676109 -1.64827869 -0.55500327]
[ 0.73074939 -0.24399258  1.49589352 -1.59966218  1.20918467]
[-0.34533967 -1.09699887  0.82604728 -1.63588679  0.56035163]
[-0.2032147  -1.67610153  0.55748465 -1.63132653  0.31670279]
[-2.19296427 -3.99876961 -1.28511426 -1.68135588 -1.40922945]
[ 0.14194594 -0.24075866  1.3041744  -1.60967099  1.01227738]
[ 0.75105296 -0.7966385   0.56144973 -1.6249485   0.34315148]
[-1.94932146 -4.09392635 -0.81871179 -1.65732853 -0.88663751]
[ 0.85257079 -0.46829019  1.77984143 -1.62418362  1.35240802]
[ 0.24346378 -0.32212851  1.78336995 -1.59327201  1.46928245]
[-0.4468575  -1.44883152 -0.32941628 -1.70239718 -0.65048783]
[ 0.64953512 -0.48785729  2.66096515 -1.58085194  2.18661323]
[ 1.78653487 -0.17574175  2.22783246 -1.59734217  1.72625655]
[-2.27417853 -4.33427148 -1.61025145 -1.69471702 -1.77708507]
[ 0.38558875 -0.93979855  2.26887181 -1.59046871  1.84404748]
[ 0.10133881 -0.48777166  1.03624312 -1.608082    0.8422987 ]
[-1.29960732 -3.02676049 -0.49953242 -1.65769489 -0.64752577]
[ 0.64953512  0.39124239  0.54626766 -1.63416023  0.29427733]
[-1.60416082 -2.1569116  -0.05867077 -1.65434371 -0.2075227 ]
[-0.60928604 -1.61293905  0.57144627 -1.62679394  0.38049773]
[-1.66507152 -3.63258297 -0.67543124 -1.65063263 -0.77035798]
[-0.89353598 -1.84230219 -0.07548811 -1.64127223 -0.22732166]
[ 0.36528518 -1.66192269  1.52227204 -1.60015659  1.23551794]
[-1.96962503 -1.09765198 -1.17892523 -1.66356113 -1.2359644 ]
[-2.09144643 -3.23801236 -1.66176278 -1.71858457 -1.9113035 ]
[-2.61933917  1.94206744 -1.9037504  -1.72359044 -2.12386373]
[ 0.44649945 -0.71761792  1.13315715 -1.61290318  0.86401868]
[ 1.4007671  -0.81541805  2.40351371 -1.59289513  1.90069939]
[ 0.38558875 -1.07538041  1.49499869 -1.61102345  1.14446561]
[-1.56355369  3.24253268 -0.60492411 -1.66790064 -0.72217268]
[-1.9899286  -4.13594542 -1.19244003 -1.70167755 -1.40333071]
[-1.96962503 -4.04939084 -1.11276109 -1.68669341 -1.30148933]
[-0.99505381 -1.2129906  -0.18848695 -1.6413195  -0.31827904]
[ 1.29924927 -0.31532418  2.58056918 -1.58295472  2.0904173 ]
[ 1.17742786 -0.669592    2.33055635 -1.58642074  1.89796957]
[-2.4772142  -2.51806727 -2.22441096 -1.72669305 -2.48702796]
[-0.93414311 -2.32593449 -0.2388291  -1.65955164 -0.43983034]
[-1.50264299 -2.56463778 -0.66101468 -1.709516   -0.89685811]
[ 0.77135652 -0.86347239  0.94502037 -1.62222579  0.66314793]
[ 0.38558875 -0.96568366  1.49911225 -1.62500142  1.1157141 ]
[ 0.75105296 -0.25678961  1.22867604 -1.6312726   0.88709931]
