[ 0.73074939 -0.05891601  2.51400704  1.24073285  2.50840562]
[ 0.50741015 -0.29446436  1.63952944  1.22459165  1.78383715]
[1.74592774 0.36271165 2.83477449 1.22722815 2.64611391]
[ 0.14194594 -0.28575746  2.02462646  1.2371697   2.14820946]
[1.0962136  0.51193704 2.40898436 1.20692406 2.30567831]
[ 0.10133881 -0.37986228  1.52742083  1.1965921   1.61492941]
[0.95408863 1.48427004 1.57539    1.20790716 1.67674935]
[ 0.64953512 -0.71621027  2.73931267  1.22664252  2.61207282]
[ 0.62923155 -0.62565249  2.8868669   1.23641473  2.75576637]
[1.54289207 0.33279382 2.62590598 1.23434505 2.52320055]
[1.23833856 0.20079787 1.84426043 1.20996509 1.84869246]
[1.56319564 0.74412227 2.73892017 1.21652693 2.53797355]
[0.62923155 0.53439185 2.48824519 1.24163128 2.49805518]
[ 0.12164238 -0.38238084  1.31247185  1.19562546  1.44367421]
[0.77135652 0.55986279 2.6722267  1.24308712 2.62661453]
[ 0.30437448 -0.07615354  2.14728308  1.22963651  2.193685  ]
[0.99469576 0.17299514 2.65754332 1.21342476 2.48642265]
[-1.50264299 -0.74723306 -0.60205774  1.13425458 -0.28357638]
[ 0.56832085 -0.17837746  2.61449587  1.22580524  2.52028756]
