[-0.32088276  0.76787611  0.43502623  1.02510583  0.58724018]
[0.26454306 0.17745689 1.67396224 1.84411644 0.98478332]
[0.34817532 0.20429413 1.72987562 1.6659887  0.97411019]
[ 0.1809108  -1.38843758  1.0595148   1.3787695   0.79645081]
[-0.32088276  0.76787611  0.21509417  0.43087546  0.43722063]
[-0.6554118   0.76787611 -0.75338528 -0.91497857 -0.29739036]
[-0.2372505  -0.0587108   0.04020117  0.36914336  0.36187523]
[ 0.51543984 -0.66275508  1.13959627  0.93345015  0.76983993]
[-1.53618241e-01 -7.04911817e-03 -3.06716009e-01 -8.18610522e-01 -3.72461322e-04]
[ 0.09727854 -0.47200426  1.21862092  1.14456451  0.82515186]
[0.1809108  0.76787611 0.89456379 0.79749816 0.6976517 ]
[0.09727854 0.1153075  1.43289527 1.18886083 0.88517088]
[0.09727854 0.1153075  0.66640178 1.09696953 0.65989813]
[-0.40451502  0.76787611  0.4601419   1.17166066  0.62089315]
[ 0.5990721  -0.60976874  0.93806206 -0.05567716  0.62377179]
[0.34817532 0.20429413 2.09100808 1.80264755 1.05864097]
[0.09727854 0.76787611 0.83703196 0.5611726  0.64648906]
[-0.2372505   0.76787611  0.42250322  0.54703548  0.5303314 ]
[-0.40451502  0.76787611  0.09597776  0.38304486  0.38934177]
[-0.2372505  -0.0587108  -0.13379029  0.25533953  0.26241665]
[0.26454306 0.17745689 1.36955738 1.60307851 0.89067052]
[-0.06998598  0.76787611  0.42140945  0.58402762  0.52581734]
[0.09727854 0.76787611 1.18554711 1.40515879 0.83135236]
[ 0.43180758 -1.13963215  0.83957639  0.62714584  0.64653555]
[ 0.84996888 -2.33182481  2.16467033  1.76259237  1.05933046]
[0.1809108  0.76787611 1.12323744 1.48197049 0.82403809]
[-0.32088276  0.76787611 -0.40752012 -0.73685083 -0.02706112]
[-0.2372505   0.76787611  0.33480854  0.583792    0.50153247]
[ 0.09727854 -1.00338156  1.39505947  1.48951029  0.89094475]
[ 0.51543984 -0.66275508  0.96915484  0.78760217  0.70617349]
[0.51543984 0.76787611 1.65081851 1.71970976 0.96194008]
[-0.2372505   0.76787611  0.24554713  0.61395119  0.48131557]
[-0.2372505  -0.0587108   0.03289808  0.26782732  0.32901759]
[0.43180758 0.76787611 1.90974375 1.7781432  1.02000118]
[-0.90630858  0.76787611 -1.04013627 -1.44676998 -0.75501538]
[-0.32088276 -0.11775272  0.17146893  0.53360521  0.4463115 ]
[0.09727854 0.76787611 1.08920451 1.18933206 0.78310676]
[0.09727854 0.1153075  1.35845202 1.33753623 0.86238586]
[-0.15361824  0.76787611 -0.83484262 -1.39705444 -0.57135772]
[ 0.43180758 -2.22493858  1.45475553  1.5903551   0.90385016]
[0.01364628 0.76787611 0.92956522 1.20346919 0.7459292 ]
[-0.15361824 -0.69080668  1.3584671   1.5828153   0.89668361]
[-0.32088276 -0.11775272  0.06424272  0.38681476  0.37827203]
[0.1809108  0.14793593 0.92532683 0.82270936 0.70931185]
[-0.40451502 -1.00338156 -0.62045166 -1.22034041 -0.27131441]
[ 0.09727854 -0.47200426  1.16258901  1.57197684  0.84411954]
[-0.32088276 -0.11775272  0.10797     0.46904569  0.40506688]
[0.51543984 0.76787611 1.35751445 1.4593511  0.87186073]
[-0.15361824 -0.00704912 -0.5792998  -1.23966114 -0.26976772]
[ 0.5990721  -0.60976874  1.88213195  1.77908568  1.01433697]
[0.1809108  0.14793593 1.36592606 1.63771445 0.8998299 ]
[-0.32088276  0.76787611  0.58307974  0.83260535  0.62674822]
[ 1.0172334  -1.05547737  2.3121597   1.74185792  1.08111321]
[0.34817532 0.20429413 1.32760884 1.43908789 0.8652116 ]
[0.76633662 0.30866116 2.14015023 1.90467044 1.07193705]
[-0.48814728  0.76787611  0.07325347  0.35477062  0.37843625]
[-0.2372505   0.76787611  0.47453233  0.6959465   0.56643339]
[-0.57177954  0.76787611  0.47590255  1.17825798  0.62925823]
[0.01364628 0.76787611 1.25072162 1.51495711 0.85798026]
[-0.2372505  -0.0587108   0.51234204  0.77535     0.58840286]
[-0.06998598  0.76787611  0.99853279  1.34389793  0.78198733]
[ 1.18449792 -2.02185472  1.91478749  1.51000912  0.98160968]
[-0.32088276 -0.11775272  0.6440553   1.18815397  0.67128305]
[-0.57177954  0.76787611  0.02455336  0.46998816  0.38277895]
[0.84996888 0.3250617  2.40093547 1.99938916 1.12868795]
[-0.40451502  0.76787611  0.37793885  0.55033414  0.52057358]
[-0.40451502  0.76787611  0.7329274   0.74919633  0.66080669]
