[ 1.35176244 -2.33182481  2.15801912  1.79314614  1.05434248]
[ 3.5262012  -2.48680986  2.5744418   1.76101598  1.10048429]
[ 6.11880125 -3.9351184   3.8469808   2.07766374  1.30552744]
[ 5.70063996 -3.64684945  4.35930754  2.19035595  1.38575969]
[ 6.20243351 -4.05850385  4.22008364  2.19758656  1.36937416]
[ 5.28247866 -1.71188463  3.40498005  1.94798619  1.2444148 ]
[ 5.36611092 -3.59650279  4.03541794  2.15407148  1.34345631]
[ 5.70063996 -2.77463923  4.20711009  2.16911113  1.36490845]
[ 4.02799476 -4.91490892  3.8938877   2.18898871  1.33732433]
[ 4.27889154 -3.82427341  2.99857818  1.77447805  1.16021092]
[ 5.44974318 -2.86625601  4.25940506  2.14823441  1.36776382]
[ 8.62776905 -3.96156448  4.7405293   2.15349303  1.41125038]
[ 4.44615606 -2.59013322  3.23117745  1.96139567  1.21710515]
[ 4.52978832 -4.10686723  3.83998507  2.11865468  1.3180545 ]
[ 5.78427222 -4.12179296  4.07717581  2.17105682  1.34885873]
[ 4.27889154 -2.26294257  3.039461    1.82180562  1.17442107]
[ 6.95512385 -4.38016519  4.88484976  2.24838482  1.44672453]
[ 6.62059481 -3.53374966  4.25530012  2.10130124  1.3570607 ]
[ 4.94794962 -3.36505846  3.76855322  2.13734907  1.31160462]
[ 3.60983346 -4.11650111  3.19333351  2.05778616  1.22988327]
[ 4.94794962 -4.03166081  3.59638557  2.05865383  1.27730017]
[ 4.3625238  -2.90115764  3.59001523  2.09630555  1.28409468]
[ 4.52978832 -1.95713569  3.57697535  1.95424395  1.26540246]
[ 9.63135617 -3.87433002  5.19323005  2.23084732  1.46740661]
[ 5.70063996 -2.99241682  4.66394528  2.24499301  1.42614738]
[ 3.5262012  -2.70983712  3.10939161  2.07261547  1.2234326 ]
[ 5.11521414 -3.4351082   3.57289321  2.07616504  1.27849913]
[ 2.77351086 -4.33751365  3.02672215  1.99549782  1.20145888]
[ 4.11162702 -3.60817225  3.64909723  2.11407968  1.29671739]
[ 5.1988464  -3.91828592  3.75966397  2.10921546  1.30489331]
[ 7.37328515 -1.9874136   4.42466368  2.14402752  1.37881887]
