[-1.48979368 -1.16473888 -0.67088191 -2.06265718 -1.00291338]
[-1.10589394  1.3057643  -1.08391557 -2.10540012 -1.43377381]
[-1.20186888 -0.38772578 -0.79969998 -2.17067737 -1.33769656]
[-1.10589394 -0.6924368  -0.58986169 -2.13925725 -1.08299574]
[-0.43406941 -0.41784257 -1.11735438 -2.19891995 -1.65192201]
[ 0.7176298  -0.09188028  1.16632334 -2.00406379  0.21938433]
[ 1.2934794   0.18390495  1.42978883 -1.96965675  0.37469697]
[ 0.14178019  0.13163193  0.27514538 -1.99226043 -0.2527737 ]
[ 0.81360473 -0.0420208   0.77471952 -1.91468739  0.13030776]
[-0.62601928  0.55579012 -0.48416619 -2.14210764 -1.03312165]
[ 0.7176298  -0.2121296  -0.00676117 -2.25278927 -0.95071822]
[ 1.19750446 -0.29591453  0.89482589 -2.0638341  -0.066047  ]
[ 0.14178019 -0.79977818  0.34525584 -1.97241599 -0.25746418]
[-1.58576861 -1.30317225 -0.94036403 -2.09072257 -1.26517257]
[ 1.77335407 -0.97356899  1.26864683 -1.91745059  0.35588799]
[ 0.52567993 -0.76986337  0.15165851 -2.11829545 -0.60533775]
[-0.43406941 -1.36546726 -0.4524144  -2.07111259 -0.89404005]
[ 0.7176298   0.4336538  -0.09889646 -2.23243941 -0.97835038]
[ 1.2934794   0.07051271  0.33860265 -2.03249548 -0.37278984]
[ 1.10152953  0.60028656  1.55922809 -1.88164075  0.57801843]
[-0.14614461 -0.35328371 -0.0922871  -2.08115954 -0.6859191 ]
[ 0.52567993 -0.87335897  0.66450618 -2.06334347 -0.18916398]
[-0.81796914  0.90729604 -0.07835524 -2.02512013 -0.56045094]
[-1.20186888  1.97709669 -0.64979849 -2.08582728 -1.06062486]
[-0.24211954 -0.11547688  0.41594572 -1.96340244 -0.1882398 ]
[-0.05016967 -1.27227194 -0.03046434 -2.0622709  -0.57067126]
[ 0.23775513  0.66799853  0.8241501  -1.89774181  0.18876822]
[-1.29784381  0.24779419 -1.50790691 -2.15492032 -1.86210439]
[-1.48979368  0.66799853 -1.6866668  -2.25573018 -2.22858596]
[-0.05016967 -0.6924368   0.06309422 -1.96416374 -0.3795992 ]
[-1.20186888  0.91974818 -1.31564558 -2.11950476 -1.65878409]
[-0.91394408 -0.67648065 -1.30240951 -2.18017195 -1.74678505]
[-0.81796914  1.17709226 -0.77030265 -2.12135269 -1.22197307]
[ 0.04580526 -0.98225853 -0.22431443 -2.11872514 -0.87526254]
[ 0.33373006 -0.1800336   0.85621749 -1.91097321  0.18591391]
[ 0.04580526  0.9381299   0.25357825 -2.01482365 -0.34435434]
[ 0.90957966 -0.44337125  1.29128525 -1.90149291  0.40823722]
[-0.81796914  1.46549511 -0.87835315 -2.21467397 -1.45589956]
[ 0.62165486  0.53373206  0.67344793 -1.92310292  0.03506528]
[ 1.2934794   0.07051271  1.07915154 -1.90997089  0.2784848 ]
[ 1.0055546   0.29819679  1.97176859 -1.84107409  0.88927881]
[ 1.5814042   0.30327467  1.48343252 -1.93694013  0.46863226]
[ 0.81360473  0.20866585  1.4450077  -1.87737377  0.53793654]
[ 0.52567993  0.06193457  0.36851399 -1.92720748 -0.14480765]
[ 1.5814042   0.77882166  1.48096385 -1.99801358  0.40052213]
[ 2.06127887  1.86264002  1.30695854 -2.07778014  0.12312245]
[ 0.52567993  0.34072399  0.49561414 -1.94567811 -0.08889052]
[-1.10589394 -0.49564427 -1.04245376 -2.21591609 -1.63100512]
[ 1.38945433  0.58354059  1.29973096 -1.98872215  0.307949  ]
[-1.39381874  0.14771593 -1.33321617 -2.18097926 -1.78331546]
[-0.24211954  0.40192167  0.00717848 -2.01965063 -0.49671571]
[ 1.19750446  0.77332827  1.68473911 -1.8585693   0.70052597]
[-1.20186888 -0.38772578 -1.29439213 -2.14591052 -1.66059421]
[-0.91394408  0.84254495 -1.25126687 -2.1829322  -1.74727887]
[ 1.2934794  -0.35018892  1.33612018 -1.8903599   0.47090072]
[ 1.38945433 -0.1020592   1.21722748 -1.89218129  0.39318283]
[ 0.7176298  -0.2121296  -0.19452508 -2.08386259 -0.80883072]
[ 1.48542926  0.15347737  0.77383297 -1.9328456   0.05081034]
[ 0.62165486 -0.81426075  0.15141394 -2.16853714 -0.68529977]
[ 0.81360473  0.20866585  0.13223245 -2.07733682 -0.54340909]
[-1.29784381 -0.49564427 -1.29106603 -2.17101344 -1.71027894]
[-0.81796914  0.1931296  -0.80213836 -2.14646852 -1.27870727]
[-0.81796914  1.17709226 -0.29552717 -2.0400447  -0.74574906]
[ 1.2934794   0.80852319  1.65990135 -1.87223934  0.66350566]
[ 0.81360473 -0.49564427  0.90850479 -2.01191628  0.04476832]
[-0.81796914  0.65436209 -1.06921916 -2.26975519 -1.76788195]
[ 1.96530393  0.03963142  2.22355946 -1.85737103  0.95015882]
[-0.72199421  0.72089139 -0.39883099 -2.04493804 -0.82929723]
[ 0.90957966  1.27548853  0.82100642 -1.93246487  0.08865196]
[-0.05016967  0.51577782  0.46412759 -1.96636412 -0.17272821]
[ 0.04580526 -0.07746014  0.0894364  -2.06370984 -0.53134222]
[ 1.2934794   0.18390495  1.57719638 -1.89733022  0.55319356]
[-0.24211954 -0.70473634  0.5677573  -1.9970753  -0.09830532]
[-1.10589394  2.01346052 -0.64298897 -2.0763071  -1.04061846]
[ 1.0055546  -0.06397033  1.57222878 -1.86953485  0.61739923]
[ 0.04580526  0.56882443  0.72013301 -2.01884217 -0.06965831]
[ 0.7176298   0.29510391  0.97295471 -1.98034081  0.14758845]
[ 1.0055546   1.14553119  1.43765038 -1.85228506  0.61852953]
[ 0.62165486 -1.01033243  0.55784878 -1.99403004 -0.13301158]
[ 0.42970499  2.59248471  0.57430849 -1.92915183 -0.02389909]
[ 1.0055546  -0.2865522   1.44706744 -1.86900484  0.56233384]
[ 1.0055546  -0.39270664  1.67934177 -1.85299018  0.70837847]
[ 0.90957966 -0.22584806  0.78000734 -1.95846792  0.07835798]
[ 0.7176298  -0.32837062  0.47269089 -1.96398596 -0.17202209]
[ 1.0055546   1.64545849  1.95992844 -1.84075879  0.88559781]
[ 0.04580526 -1.8547427   0.5248175  -1.94358576 -0.07909415]
[-0.24211954 -0.27261273 -0.1928837  -2.19113764 -0.91016806]
[ 0.90957966  0.25420314  1.16433603 -1.89043563  0.36687832]
[-1.68174355 -0.49564427 -1.32250865 -2.15331176 -1.69969041]
[ 0.90957966 -0.8400312   1.21287277 -1.90977119  0.36570877]
[-1.48979368 -0.73460663 -1.36883854 -2.24201225 -1.90367446]
[ 0.33373006 -1.0989263   1.1641782  -1.95269415  0.27498276]
[ 0.90957966 -0.11173753  1.3964248  -1.96666918  0.37703575]
[ 0.62165486 -0.60533191  0.53901847 -2.06873184 -0.2735462 ]
[ 1.2934794  -0.0394434   1.57717529 -1.98397854  0.44986818]
[ 0.14178019 -1.13013054  0.68522517 -1.94315954  0.02476264]
[-0.72199421  0.96800019  0.07882084 -1.94667856 -0.32577111]
[ 0.7176298   1.04327334  0.96145025 -1.92419827  0.1960273 ]
[ 0.42970499 -0.49564427  0.70050927 -1.9942601  -0.0024606 ]
[ 0.42970499 -0.49564427  0.60511211 -1.93418212 -0.00901429]
[-1.29784381  0.24779419 -0.58007379 -2.06118492 -0.95670429]
[ 1.0055546   0.69916754  1.05385627 -1.90296747  0.27696938]
[ 0.7176298   0.16150222  0.93162322 -1.98001353  0.11770486]
[ 1.38945433  0.97863199  2.03940145 -1.84803814  0.89446506]
[ 0.33373006 -0.78404712  0.57162576 -1.95742702 -0.08644077]
[ 0.42970499 -0.37616309  0.31173467 -1.94421797 -0.2155059 ]
[-1.29784381  0.53373206 -0.2353051  -2.04626209 -0.66369199]
[-1.20186888 -0.38772578 -1.1479384  -2.25905923 -1.7362894 ]
[-0.72199421 -1.63452871 -0.80756772 -2.0758588  -1.19812314]
[ 1.38945433  0.46020518  2.31292942 -1.82584792  1.07568143]
[ 0.90957966  0.25420314  0.60873952 -1.99903242 -0.08769882]
[ 1.19750446  1.69178042  1.58838167 -1.88333571  0.61713573]
[ 1.0055546   0.29819679  1.44055003 -1.88922618  0.50002337]
[-0.81796914  0.41675747 -0.28512611 -2.01967566 -0.68699579]
[ 0.62165486  0.53373206 -0.51625611 -2.20795636 -1.26022594]
[ 0.7176298  -0.09188028  1.05024377 -2.09428233  0.03618367]
[ 0.81360473  0.34072399  1.60404723 -1.87323474  0.63804125]
[-0.24211954  0.79107614 -0.3782613  -2.09648884 -0.91468892]
[ 0.23775513 -0.3694      0.86773468 -1.92566555  0.129709  ]
[-0.72199421  1.51163956  0.39565    -1.9939313  -0.18280462]
[-0.43406941 -0.99390621  0.42657681 -1.90767034 -0.04616022]
[ 0.62165486 -0.9138284   1.01196357 -1.89907675  0.26214069]
[-0.43406941 -0.41784257  0.16353798 -1.95407157 -0.30862966]
[ 1.0055546  -0.2865522   1.02654389 -2.01676194  0.08720999]
[-0.91394408  1.11941169 -0.6737154  -2.08251309 -1.06443956]
[ 0.7176298   0.03258832  0.8624052  -1.9138301   0.17192703]
[ 0.52567993 -0.4379637   0.78713102 -2.00289307  0.01491741]
[ 0.81360473  0.91974818  1.4471754  -1.87302985  0.56375339]
[ 0.52567993 -0.97356899  1.12617152 -1.96753441  0.25646864]
[ 0.81360473 -0.38772578  1.36121596 -1.89590758  0.47851696]
[ 0.81360473  0.20866585  1.064584   -1.90343221  0.30655744]
[-0.62601928  1.55480696  0.36754409 -1.96030583 -0.18369839]
[-1.20186888 -0.6001903  -1.12201663 -2.12200588 -1.46023431]
[ 0.23775513  1.41605462  0.1724292  -2.05058957 -0.46976479]
[-1.39381874 -0.83019157 -0.9377477  -2.08509491 -1.25405211]
[ 0.42970499  0.44108819 -0.40019216 -2.1635724  -1.04622047]
[ 1.10152953 -0.01771955  1.25650309 -1.91675564  0.35255408]
[ 0.7176298   0.72674012  0.88687621 -2.00051037  0.08948329]
[ 0.52567993 -0.06985679  1.36058616 -1.86271937  0.54518644]
[ 0.23775513 -0.1020592   0.31865018 -2.00084854 -0.26586901]
[ 1.5814042   0.77882166  1.06365747 -2.09610192 -0.01000393]
[ 1.19750446  0.50799765  0.86119685 -1.98624044  0.05664608]
[ 0.33373006  0.09473333  0.94615031 -1.89771512  0.254089  ]
[ 0.62165486 -1.19469834  0.67877682 -1.92614378  0.03837739]
[ 0.33373006  1.06557649  1.00303184 -1.916696    0.23876559]
[-0.14614461 -0.63219419  0.29624111 -2.03682902 -0.32188499]
[ 0.81360473 -0.16109696  1.1694719  -1.90505008  0.35774862]
[-0.91394408  1.11941169  0.35769013 -1.92630403 -0.10990261]
[ 2.25322873 -0.45628576  2.09557254 -1.86433731  0.86401133]
[-1.00991901  0.77332827 -0.19336237 -2.05705072 -0.66531469]
[-0.62601928 -0.23830019 -0.22987254 -2.11827677 -0.85549942]
[ 1.0055546   0.05279394  1.51640945 -1.86061087  0.62429223]
[-0.53004434  0.01904389 -0.64921031 -2.06329392 -1.06971944]
[-0.62601928  1.55480696 -0.64950094 -2.10840853 -1.10078228]
[ 0.52567993 -0.87335897  0.84570467 -1.97803571  0.07455353]
[-1.10589394 -0.87798405 -0.71302903 -2.10124796 -1.17319887]
[ 1.5814042   0.90729604  1.41337184 -1.89249097  0.48729744]
[-0.81796914 -0.75298835 -0.38995138 -2.04200968 -0.80868572]
[ 0.7176298   0.88190346  0.2957625  -2.01694606 -0.33743145]
[-0.81796914 -0.21685485 -0.55170436 -2.09267709 -0.99360649]
[ 1.38945433  0.34072399  1.78029071 -1.87702926  0.68926042]
[ 1.10152953 -0.44571184  0.79778904 -2.02783776 -0.04592336]
[ 1.869329    0.30538449  1.95137556 -1.9467224   0.68807184]
[-0.33809447 -0.49564427 -0.19837723 -2.17310334 -0.87204139]
[-0.72199421 -0.31956674 -0.449798   -2.13164766 -0.97930325]
[ 1.5814042   0.1931296   0.31852394 -2.10066495 -0.47812495]
[ 0.7176298  -0.32837062  0.13305048 -2.02552242 -0.45211153]
[ 0.90957966  0.128088    1.46815132 -1.88706345  0.53751774]
[ 1.0055546   0.42724485  1.51252732 -1.89231652  0.5201279 ]
[ 1.10152953 -0.12973315  0.90730272 -1.92332577  0.16601324]
[-0.72199421  1.81157853  0.61629937 -1.97982313 -0.02978689]
[ 1.2934794  -0.89710104  0.86788425 -1.91553602  0.13824412]
[ 1.41780194e-01 -1.13013054e+00 -1.72119197e-03 -1.98104903e+00 -4.86562288e-01]
[ 1.48542926 -0.54085336  1.13158614 -1.94184587  0.23320094]
[-0.05016967  0.8915031   0.38244463 -2.03819814 -0.27377753]
[-0.81796914  2.46381267 -0.40910194 -2.18201007 -1.04515366]
[ 1.67737913 -0.45162489  0.68646063 -1.99824263 -0.10814697]
[ 1.0055546  -0.06397033  0.9483764  -2.02004527  0.04091132]
[ 1.2934794   0.07051271  1.74679362 -1.85360514  0.75486853]
[ 1.10152953  1.0250253   1.31352435 -2.01615145  0.2801984 ]
[ 1.10152953  0.60028656  1.60250085 -1.87086171  0.63307799]
[ 1.2934794  -0.72478626  1.33554363 -1.87489537  0.51068276]
[-0.43406941  0.08981352 -0.03668751 -2.09201128 -0.66328905]
[ 1.10152953 -0.44571184  2.07679262 -1.86522229  0.87393387]
[-0.62601928 -0.88465276 -1.07750099 -2.26986582 -1.76164108]
[ 1.869329   -1.14192884  1.39085721 -1.93804119  0.35766533]
[-0.91394408  0.34072399 -0.72398732 -2.19313039 -1.33411858]
[ 1.10152953 -0.82547964  1.90799128 -1.95316048  0.66971395]
[-0.14614461 -1.45149371  0.83334328 -1.91660275  0.1290311 ]
[-0.24211954  0.40192167  0.50641665 -2.03019521 -0.20546216]
[-0.81796914  0.90729604  0.13437601 -1.99681949 -0.38146171]
[ 0.33373006  0.09473333  1.05299554 -1.88984295  0.31594338]
[ 0.33373006  0.09473333  0.1298293  -2.11032764 -0.57605404]
[-0.53004434  2.18073418 -0.25272927 -2.12570144 -0.86332546]
[ 0.62165486 -0.81426075  1.16383499 -1.91987505  0.30167129]
[-0.53004434  1.59527639  0.18316977 -2.01653318 -0.38320449]
[ 1.0055546  -0.06397033  1.164065   -1.91380515  0.32038515]
[ 1.38945433 -0.20473357  0.72355762 -2.10654805 -0.25741587]
[ 1.10152953 -0.44571184  0.81540657 -2.0541722  -0.09515343]
[-0.72199421 -0.13397151 -0.44023936 -2.15777584 -1.07284012]
[-1.00991901  0.77332827 -1.15688123 -2.23352395 -1.78657977]
[ 0.52567993 -0.19694132  1.76701309 -1.85231809  0.76574771]
[-0.53004434  1.32915922 -0.27825869 -2.1795885  -0.94820514]
[ 1.19750446 -0.49564427  1.82835356 -1.91611486  0.70621609]
[ 1.10152953 -0.44571184  0.47747573 -2.09846954 -0.34232662]
[ 0.81360473 -0.27626899  1.15105185 -1.91894052  0.30877511]
[-1.20186888  0.91974818 -1.05781113 -2.21501308 -1.60334972]
[-1.77771848 -1.61080195 -2.06620587 -2.35834419 -2.79979216]
[ 0.81360473  1.24400172  1.06684909 -2.00750283  0.10599441]
[-1.00991901  0.25978513 -1.4904244  -2.29858801 -2.16334633]
[ 0.81360473 -0.16109696  1.79395507 -1.84780569  0.78571345]
[ 0.90957966 -0.8400312   0.42704031 -1.95797484 -0.17229468]
[-0.53004434  0.40853764  0.61440992 -2.00203116 -0.06904023]
[-1.39381874 -1.5780032  -0.90363882 -2.09411934 -1.2641922 ]
[-1.58576861 -0.36182535 -2.40122889 -2.35341299 -3.20431119]
[-0.43406941 -0.41784257 -0.50366674 -2.05968872 -0.93962612]
[-1.39381874 -0.61100541 -2.40006341 -2.45488303 -3.46663043]
[-1.29784381  1.54073063 -1.74629246 -2.25820021 -2.30681115]
[ 1.67737913 -0.36182535  1.94359916 -1.89479456  0.75477708]
[-1.29784381 -1.1039121  -1.7575774  -2.31216271 -2.46831653]
[ 0.42970499 -0.61100541 -0.33697338 -2.24191611 -1.1663554 ]
[-0.72199421 -0.13397151  0.18477988 -2.03666776 -0.40363389]
[ 1.2934794  -0.0394434   1.98643579 -1.86638573  0.82681036]
[-0.14614461 -0.35328371  0.49119481 -2.02871935 -0.21666214]
[ 0.62165486 -0.01771955  0.89701098 -1.99312933  0.04598518]
[-1.10589394  0.42724485 -0.83450264 -2.14802897 -1.31579091]
[ 0.90957966  0.00617669  0.71438797 -2.00704213 -0.05899756]
[-0.72199421  1.51163956  0.19840637 -2.05931334 -0.41130904]
[-0.53004434  0.84254495 -1.14154777 -2.21679935 -1.74302873]
[ 0.33373006 -0.8925648   0.66135855 -1.91496772  0.0649041 ]
[ 1.67737913  0.23163248  2.48066714 -1.82891244  1.12656474]
[ 0.42970499  0.44108819  0.33266664 -1.94970269 -0.20082295]
[ 0.42970499 -0.12392504  0.84050805 -1.93063844  0.12149819]
[-0.62601928 -0.05545045  0.20295179 -1.95494948 -0.28262642]
[-1.00991901 -0.77443369  0.2515567  -2.01665809 -0.33263801]
[ 1.10152953 -0.82547964  0.67904682 -2.00264988 -0.11568836]
[ 1.19750446  0.0270859   0.84810692 -1.98967435 -0.01161558]
[-0.81796914  0.65436209 -0.64229613 -2.1375493  -1.16700201]
[-1.20186888 -0.9876256   0.1258712  -1.93921652 -0.25688793]
[-0.91394408 -0.49564427 -1.31852028 -2.29504555 -2.02049129]
[-0.81796914 -0.21685485 -1.44553772 -2.41273608 -2.3981786 ]
[-0.33809447 -0.01771955 -0.74004171 -2.19720545 -1.31755102]
[ 1.0055546  -0.17702779  1.48987725 -1.86339369  0.60302714]
[-0.91394408  0.34072399 -0.17900415 -1.96111624 -0.51709613]
[-0.43406941 -0.71867581 -0.34260764 -2.09689726 -0.86524991]
[-1.00991901  0.50799765 -0.90295474 -2.13147991 -1.32461279]
[-0.62601928  0.55579012 -0.90654924 -2.24711639 -1.57035265]
[-0.53004434  0.61951342 -0.23185526 -2.06949234 -0.76394256]
[-0.33809447 -1.04184395  0.28454799 -2.01248545 -0.2949953 ]
[-1.29784381 -0.01771955 -0.83718566 -2.18915694 -1.35246091]
[-0.72199421  0.96800019 -1.23660901 -2.26724419 -1.82893713]
[-0.53004434  0.84254495  0.41717432 -1.97925887 -0.17511665]
[-0.81796914 -1.0668226  -0.91450643 -2.2174195  -1.49541018]
[ 1.19750446  0.0270859   1.34874185 -1.88171366  0.47310506]
[-1.00991901 -0.59122921 -0.36587788 -2.10980629 -0.90629158]
[ 0.62165486  0.53373206  0.53452624 -2.08813858 -0.3264812 ]
[ 0.81360473 -1.49024437  1.78474255 -1.87854543  0.70989584]
[ 0.90957966 -0.74530644 -0.01896235 -2.13035866 -0.76530541]
[ 0.7176298  -0.32837062  1.79219643 -1.84844359  0.78258284]
[ 0.14178019  0.13163193  1.02857564 -1.90255228  0.29235427]
[ 0.14178019 -1.86424688  0.13885557 -2.11424404 -0.55814264]
[ 0.90957966  0.25420314  1.49071552 -1.89981071  0.53993866]
[ 1.5814042   0.08617713  0.67802188 -1.97387995 -0.0393322 ]
[ 0.62165486 -1.36837637  0.17182303 -2.04492058 -0.42545876]
[-1.20186888 -0.9876256  -0.48236537 -2.11843652 -0.96583461]
[-0.81796914 -0.75298835 -0.28438149 -2.05733804 -0.77544994]
[ 0.52567993  0.80157998 -0.00522722 -2.08233993 -0.61088679]
[ 1.38945433 -0.49564427  1.51295676 -1.880892    0.56956075]
[-1.00991901 -0.397248   -0.2856626  -2.11595451 -0.84830858]
[ 0.14178019 -0.43130825  1.09724157 -1.91438773  0.30490506]
[-0.91394408  1.7346711  -1.02233836 -2.27160968 -1.69488812]
[-1.29784381 -0.26492199 -0.72939295 -2.1844051  -1.25629122]
[-0.05016967  0.01344946  1.16817958 -1.88169534  0.42330599]
[ 1.5814042   0.1931296   1.47851496 -1.90775342  0.48049665]
[ 1.869329    0.75266657  2.54440402 -1.82613482  1.16345832]
[-0.72199421  1.2310515  -1.00340115 -2.23111587 -1.59038913]
[ 0.14178019 -0.01771955  1.35728745 -1.87206582  0.51923284]
[-1.10589394 -1.21898979 -1.49970843 -2.30282246 -2.20057082]
[-1.00991901  1.05761108  0.32733539 -1.91086193 -0.09432483]
[-0.91394408 -0.30447438 -1.30283718 -2.15257592 -1.7036916 ]
[ 1.2934794  -0.2496536   1.1360408  -2.0026488   0.17951257]
[ 1.5814042  -0.75298835  1.98208062 -1.90388599  0.75238921]
[ 0.7176298  -0.85592598  1.01044182 -1.97809096  0.13254621]
[ 1.38945433  0.97863199  1.37508771 -2.03454765  0.26999781]
[ 1.10152953 -0.5448424   0.92974323 -1.92737487  0.19121626]
[-0.81796914 -0.9138284  -1.22128664 -2.28556864 -1.91510446]
[ 2.1572538  -0.57436128  1.60796663 -1.98009135  0.47441208]
[ 0.23775513 -0.1020592   0.05002272 -2.17369623 -0.7737947 ]
[ 1.19750446  0.50799765  1.70075974 -1.86141818  0.70096635]
[ 1.38945433  0.34072399  1.74746863 -1.86056969  0.7109736 ]
[ 0.90957966 -0.22584806  0.30047276 -2.09360275 -0.47832609]
[-0.91394408  0.58354059 -0.94631793 -2.26148751 -1.60449711]
[ 0.7176298   1.04327334  1.14550717 -2.00307589  0.20731651]
[ 1.5814042   0.65436209  2.31133515 -1.85762424  0.99451328]
[ 1.67737913  0.12565787  1.56553445 -1.89373418  0.56499935]
[ 0.23775513 -1.0626736   1.21722041 -1.88098835  0.41854054]
[ 0.42970499  0.92796129  1.45874175 -1.94008261  0.48203625]
[-0.43406941  0.67979221 -1.17201988 -2.31799894 -1.94119493]
[ 0.14178019  0.61951342  0.61089565 -1.99539743 -0.1102289 ]
[-1.20186888  1.59527639 -1.34941989 -2.22300728 -1.85620606]
[-0.81796914 -1.0668226  -0.28416474 -2.016895   -0.63236279]
[-1.10589394  2.01346052 -0.19514513 -1.97775351 -0.56981301]
[ 1.0055546   0.69916754  1.00704271 -1.90896136  0.24080127]
[-0.43406941 -1.24666883  0.66861501 -1.9246615   0.05414448]
[ 1.0055546  -0.49564427  0.85818037 -1.96381576  0.0831593 ]
[-0.53004434  1.07869599  0.20805811 -2.00529127 -0.33999206]
[-1.20186888 -0.16109696 -0.04077967 -2.07299982 -0.59533877]
[-0.81796914  0.65436209 -0.64359153 -2.15272953 -1.18873662]
[ 1.19750446  0.63841439  1.03687865 -2.03299447  0.09570003]
[-0.43406941  0.47278214  0.44269314 -1.93325942 -0.09341887]
[-0.14614461  0.84254495  0.14688222 -2.05621319 -0.45943883]
[-1.77771848 -1.39634855 -1.1845107  -2.11135946 -1.52079628]
[-1.20186888  0.34072399 -1.60566181 -2.19874304 -2.08644552]
[-1.39381874  0.14771593 -1.26151793 -2.2132716  -1.77191269]
[-1.10589394  0.99123264 -1.7432831  -2.34733458 -2.54195746]
[ 2.1572538  -1.14315518  0.69244262 -2.00679475 -0.13063611]
[ 1.2934794   0.18390495  0.25438822 -2.13366536 -0.59547335]
[ 1.2934794  -0.2496536   1.76024089 -1.87423916  0.70088514]
[ 1.10152953 -0.12973315  0.85742284 -2.00682432  0.05021738]
[-0.81796914  2.46381267 -0.5849749  -2.1826766  -1.15398658]
[ 0.52567993  0.64181657  0.47334669 -1.96049493 -0.14834085]
[ 0.62165486  0.11262356  1.18050837 -1.87634066  0.42332083]
[-0.53004434  1.07869599  0.01982526 -1.99947235 -0.46249595]
[-0.72199421  2.84982879 -0.39741976 -2.04307229 -0.82646889]
[ 0.90957966 -0.22584806  1.98710211 -1.85863277  0.85090438]
[ 0.42970499  0.44108819  0.55784681 -2.05470639 -0.2107721 ]
[-0.43406941  0.67979221  0.11612575 -2.04541785 -0.46482343]
[ 0.04580526  0.07379795  0.03116968 -2.04549386 -0.52770258]
[ 0.62165486  0.53373206  0.8035128  -2.02257531 -0.03935682]
[ 1.0055546  -0.49564427  0.87383645 -2.03843708 -0.03791429]
[ 0.04580526 -0.36182535 -0.14260979 -2.07330438 -0.69043811]
[ 1.10152953  0.46830559  1.28926393 -1.8817128   0.46700145]
[-1.10589394 -0.2865522  -0.65270203 -2.14163598 -1.12871424]
[ 0.14178019  0.28733879  0.1978144  -2.17465709 -0.61130757]
[-0.05016967 -0.13974288 -0.26985571 -2.04351857 -0.75662831]
[ 0.23775513 -0.61729783  0.59490342 -1.91166701  0.02864431]
[ 0.90957966  0.128088    0.55592316 -1.92294548 -0.02049563]
[ 1.48542926 -0.88166039  0.90872081 -1.93879174  0.1344555 ]
[ 1.869329    0.4124127   2.2975436  -1.86246075  0.96706339]
[ 1.67737913  0.02266846  1.86827446 -1.8794302   0.73095901]
[-0.72199421 -0.82203188  0.26576316 -2.0472127  -0.38638136]
[-0.43406941  0.08981352 -0.10878817 -2.03060594 -0.59636521]
[ 0.62165486  0.11262356  0.81542583 -2.04456251 -0.03980269]
[-0.72199421  0.26903529 -1.20581155 -2.40156031 -2.15411289]
[-1.20186888 -0.6001903  -0.86026926 -2.23734429 -1.4770136 ]
[-1.10589394  1.64545849 -1.50471526 -2.23626321 -2.04288398]
[ 0.90957966 -0.54711309  0.69340872 -1.91232561  0.06710096]
[ 0.23775513 -0.95708883  1.0620342  -1.90114104  0.28961686]
[ 1.0055546   0.99123264  1.39884296 -1.89284321  0.4839715 ]
[-0.81796914 -0.75298835  0.34498076 -1.99205013 -0.21241392]
[ 0.33373006 -0.8925648   0.87582175 -1.99794607  0.07273983]
[ 0.52567993 -0.4379637   1.85700499 -1.86320185  0.78195206]
[ 0.90957966 -1.43237673  1.28188886 -1.9746106   0.3543587 ]
[ 0.62165486 -0.71148124  0.82171819 -1.98586866  0.02038824]
[-0.72199421  0.72089139  0.43385729 -2.00040471 -0.18605462]
[-1.48979368 -0.73460663 -1.13323459 -2.19748571 -1.59749946]
[ 1.10152953 -0.34357731  1.20440032 -1.89461361  0.36918215]
[ 0.7176298  -0.54960351  1.03130428 -2.01697578  0.13431025]
[-0.91394408  0.58354059  0.5223455  -1.98671369 -0.08044496]
[ 0.33373006 -0.55538486  0.81153865 -1.9813476   0.05938526]
[ 1.19750446  1.05761108 -0.32579591 -2.06906171 -0.89346882]
[ 1.5814042  -0.75298835  1.92254151 -1.84993475  0.83051627]
[ 1.0055546   0.29819679  1.49949539 -1.90631347  0.50784157]
[ 0.04580526 -0.7481328   0.50986471 -1.97375994 -0.11469845]
[ 1.5814042   0.53373206  1.85168685 -1.85122043  0.79278692]
[-1.20186888  0.61951342 -0.92048234 -2.10262762 -1.31315117]
[-0.53004434 -0.94170734 -0.41075715 -2.0553435  -0.84917707]
[ 1.48542926  0.37932561  0.78339505 -1.96982313  0.02944815]
[ 0.81360473 -0.49564427  0.84736963 -1.92175399  0.12250986]
[ 1.2934794   0.6752713   1.28877205 -1.89317085  0.43016006]
[-1.29784381  0.53373206 -0.82082712 -2.08697017 -1.21253131]
[-0.81796914  1.77449816  0.31235279 -1.92251218 -0.15399035]
[-1.29784381 -0.71148124 -0.68838938 -2.13792555 -1.18114699]
[-0.72199421 -0.13397151  0.03925097 -2.0573255  -0.51478761]
[-0.72199421  0.26903529 -0.46314123 -2.16851247 -1.07277658]
[-0.14614461  1.26513102  0.84750554 -1.89894095  0.20666011]
[ 0.04580526  0.74918291  0.69326052 -2.02120388 -0.05090073]
[-1.10589394 -0.49564427 -1.11041872 -2.16237413 -1.57945721]
[-0.53004434  0.84254495  0.19930888 -1.94094531 -0.24488416]
[-0.05016967 -0.81732437 -1.0191764  -2.34022615 -1.81431529]
[-0.43406941 -1.12292047  0.96312268 -1.86746169  0.34901647]
[ 0.04580526  1.79336361  0.48518979 -2.00677694 -0.1533016 ]
[-0.91394408  2.44837202 -1.05112879 -2.15233374 -1.48541839]
[ 0.7176298  -0.75700935  0.22595093 -1.93890663 -0.25060897]
[ 1.38945433 -0.30447438  1.09485018 -1.97903176  0.18324676]
[ 1.19750446 -0.68412162  1.09382811 -1.95130029  0.23469032]
[-1.00991901  0.77332827  0.19122005 -2.02882933 -0.36004253]
[ 1.10152953  0.60028656  0.53284459 -2.04178301 -0.26080495]
[ 0.52567993 -1.16473888  0.54344149 -1.97679121 -0.1180502 ]
[ 0.23775513  0.34072399  1.21105892 -1.87324671  0.44323055]
[-1.39381874  1.10436458 -0.9339012  -2.22914534 -1.53085911]
[-1.10589394  2.84982879 -1.10217468 -2.16286873 -1.5315625 ]
[ 1.0055546  -0.78655497  0.76166295 -1.92577323  0.08172766]
[-0.62601928  0.78350719  0.32696366 -2.01737611 -0.26562776]
[ 1.869329    0.10012491  1.96550015 -1.86533855  0.81739774]
[ 0.90957966  0.95616479  1.20844983 -1.89591458  0.39696531]
[-0.05016967  1.09345543  0.64997732 -2.00003056 -0.07270195]
[-0.62601928  1.84618687 -0.60285053 -2.19870965 -1.25622356]
[ 1.2934794   1.08905349  1.52373721 -1.9090223   0.50638449]
[-1.29784381 -0.01771955 -0.45432095 -2.03996371 -0.83181354]
[ 0.04580526  0.39648188  0.77226514 -1.90609207  0.13912074]
[ 1.2934794  -0.35018892  2.14613799 -1.83679947  0.96503367]
[-0.24211954 -0.11547688  0.59107501 -1.91403499  0.02220512]
[-0.72199421 -1.96765241  0.01412892 -1.95419085 -0.40768306]
[ 1.38945433 -0.1020592   0.80549277 -1.96410345  0.03803217]
[-0.05016967  0.01344946 -0.72549053 -2.26808958 -1.47242765]
[-0.91394408  1.11941169 -0.23529583 -2.04227703 -0.66725891]
[ 1.5814042  -0.01771955  2.13290677 -1.84162055  0.93878187]
[-0.62601928 -1.2956487  -0.13471058 -2.0922849  -0.69649817]
[ 0.7176298  -1.13522     1.26549918 -1.86716607  0.49313458]
[ 0.81360473  0.47758426  1.0775824  -1.9128347   0.26147779]
[-0.91394408  0.84254495 -0.48812444 -2.07028999 -0.91131978]
[-0.14614461 -1.01033243  0.85321056 -1.90125325  0.20378278]
[ 0.62165486 -1.01033243  0.74739616 -1.97489244  0.00380728]
[ 0.62165486 -1.01033243  0.74739616 -1.97489244  0.00380728]
[ 0.62165486 -0.3822384   0.56679115 -2.01414687 -0.18249734]
[ 1.0055546   0.29819679  1.2280456  -1.88673328  0.41885721]
[-0.33809447  1.66907359  0.28673073 -1.96732223 -0.22173324]
[ 0.52567993  0.06193457  1.05081827 -1.94351314  0.25495189]
[-0.43406941 -0.25668191  1.19506353 -1.87208183  0.45223218]
[-0.43406941  1.12929979  0.91923411 -1.95826361  0.1574822 ]
[-0.81796914 -1.61080195 -0.36753811 -2.08234858 -0.84899749]
[ 0.90957966 -1.19261782  1.12033568 -1.91725652  0.29136644]
[ 0.90957966 -0.33633603  0.37795587 -2.04737554 -0.36213961]
[ 1.48542926  0.61951342  0.76505105 -2.00439965 -0.03418421]
[ 0.7176298  -0.44080045 -0.66915782 -2.33553699 -1.61454511]
[ 0.81360473  0.08116143  0.82009485 -1.9295883   0.09874676]
[ 1.38945433  0.11262356  1.45834089 -2.00636672  0.34772724]
[ 1.19750446  0.25978513  1.71006576 -1.88689706  0.65193083]
[ 0.81360473 -1.91747032  0.85339772 -1.98357907  0.05325494]
[-0.53004434 -0.33245046  0.01295006 -2.02937088 -0.53269769]
[-1.10589394  0.17345034 -0.74592498 -2.16054755 -1.25193486]
[ 1.0055546   0.56082091  0.97705115 -1.93251399  0.18272645]
[-1.00991901 -1.69045608 -0.78269532 -2.04670945 -1.11418177]
[-0.53004434  1.07869599  0.15359999 -2.06449147 -0.45965778]
[ 0.42970499  0.75890813  0.63714009 -1.91569361  0.04021265]
[ 2.34920367  0.57490711  3.02340419 -1.81328024  1.39094758]
[-0.72199421  1.51163956 -0.32585917 -2.09834434 -0.84468336]
[-0.72199421  2.1329417  -0.15184893 -2.07280813 -0.71017137]
[-1.39381874 -0.37616309 -1.73995523 -2.27339725 -2.31199829]
[-0.91394408  2.07779654 -0.57419243 -1.99949211 -0.86822529]
[ 0.7176298  -1.39091171  1.47329136 -1.86343307  0.59262774]
[-0.91394408 -0.1020592  -1.16494487 -2.24080806 -1.74519367]
[-0.72199421  0.96800019 -0.09509358 -1.97963144 -0.52027899]
[ 0.62165486  0.68511093  0.84581625 -1.99934643  0.0092824 ]
[ 0.42970499 -0.61100541 -0.07108166 -2.08072855 -0.72214598]
[ 1.5814042   1.03998271  1.1149265  -1.97293691  0.16932015]
[ 1.19750446 -0.59122921 -0.26135569 -2.24441709 -1.10958082]
[-0.91394408 -1.58486806 -1.18579547 -2.18521205 -1.7105885 ]
[ 0.14178019 -0.9138284   0.58946094 -1.93737364 -0.05133696]
[-0.72199421  0.48831839 -0.68191964 -2.14623802 -1.20014183]
[-0.53004434 -0.33245046 -0.03593632 -2.11846962 -0.68034547]
[-1.00991901  0.0270859  -1.13748283 -2.28524309 -1.83842867]
[-0.43406941  0.27638797  0.3598713  -1.99455355 -0.21686158]
[ 0.7176298  -1.22292102  1.02692641 -2.01510463  0.1283824 ]
[-0.91394408  1.41605462 -1.04938657 -2.27161747 -1.73087513]
[ 0.23775513 -0.49564427 -0.06930484 -1.98385666 -0.54033171]
[ 1.10152953  0.0979074   1.42010544 -1.87696673  0.53937055]
[ 0.42970499  0.14771593  0.630595   -1.91592396  0.03843167]
[-1.48979368 -0.49564427 -0.88786174 -2.14301073 -1.32200694]
[-0.91394408  1.41605462  0.01559768 -2.03519154 -0.49515338]
[ 0.7176298   0.16150222  0.29641843 -2.00434023 -0.33570688]
[-0.14614461  0.64671238  0.13254755 -1.98661632 -0.42545962]
[-0.81796914  1.17709226 -0.5953991  -2.15820134 -1.14897686]
[ 0.81360473  0.76679839  1.89638878 -1.87789318  0.76964702]
[ 1.2934794   0.30089693  0.67174012 -2.02058437 -0.14923254]
[-0.81796914  0.1931296  -0.16099494 -2.00139521 -0.57171142]
[-0.81796914  1.46549511 -0.48239108 -2.06128466 -0.88676365]
[-0.72199421 -1.38777042 -0.87628946 -2.14103118 -1.36111201]
[ 0.23775513 -0.61729783  0.47459425 -2.07356351 -0.33565397]
[ 0.23775513  0.18710533 -0.93221861 -2.21088018 -1.5523464 ]
[-0.05016967  0.34072399  0.63679007 -1.92325516  0.02009729]
[-1.00991901 -0.397248   -0.52579663 -2.10859503 -0.98169995]
[ 0.81360473  0.91974818  1.21847727 -1.93925756  0.30254291]
[-0.43406941  0.67979221  0.01573082 -2.05294811 -0.52170308]
[-1.10589394  0.69916754 -1.66091121 -2.32090681 -2.44100946]
[ 1.2934794   0.30089693  1.1330522  -1.92443973  0.28386017]
[-0.81796914  1.77449816 -0.91950135 -2.16245187 -1.3879612 ]
[-1.39381874 -2.03275351 -2.21679141 -2.41750862 -3.12625333]
[-1.00991901  0.25978513 -0.86233078 -2.2343296  -1.46201107]
[ 1.0055546   0.84254495  0.27849816 -2.00363915 -0.33168433]
[-1.10589394  0.42724485 -1.30874264 -2.21433083 -1.81209445]
[ 1.10152953  0.34072399  0.80717241 -1.94851249  0.0526272 ]
[-1.10589394  2.01346052 -1.88255644 -2.3357281  -2.61099627]
[ 0.7176298  -0.32837062 -0.39218148 -2.14269217 -1.03866829]
[ 1.5814042   0.77882166  2.14872385 -1.83255197  0.97735186]
[ 0.81360473 -0.70151953  1.01023831 -1.89370028  0.29181622]
[ 2.1572538   0.84254495  2.3218324  -1.8622366   0.97367025]
[ 0.62165486 -0.3822384   2.23592607 -1.82330728  1.05545025]
[-0.81796914  1.46549511 -0.5753702  -2.06418871 -0.98210839]
[-0.81796914 -0.21685485  0.51074111 -1.91607209  0.00541176]
[ 1.10152953 -0.44571184  1.46700586 -1.88079752  0.55538822]
[ 1.0055546  -0.49564427  1.34086723 -1.8961168   0.46231715]
[-0.81796914  0.1931296  -0.02951855 -2.01188361 -0.51278883]
[-0.62601928  0.34072399 -0.22108081 -2.13306993 -0.83989721]
[-0.62601928  0.34072399  0.26241563 -1.99378649 -0.3024197 ]
[-0.81796914 -0.01771955 -0.16674459 -2.1389216  -0.80743872]
[-0.53004434  0.40853764  1.05524973 -1.87556724  0.3665872 ]
[-1.00991901  1.69178042  0.16022269 -2.02014826 -0.35939218]
[-1.29784381 -1.1039121  -1.11403635 -2.24824716 -1.71732879]
[-1.39381874 -1.5780032  -0.78472951 -2.1860904  -1.30876459]
[-0.91394408  0.34072399 -0.00833346 -2.08751063 -0.62612328]
[-0.72199421  1.2310515  -0.69072848 -2.17750662 -1.26824236]
[-0.81796914  0.90729604 -0.41557506 -2.14259387 -0.94864659]
[-0.14614461 -1.34721923  0.51492739 -1.95473471 -0.10885563]
[ 1.19750446  0.50799765  1.43338859 -1.89125022  0.49077822]
[-0.91394408  0.58354059 -0.7286287  -2.224572   -1.34399576]
[-1.00991901  0.25978513 -0.46663208 -2.25219565 -1.22990266]
[ 0.90957966 -0.64771123  0.7980389  -2.10604285 -0.15333532]
[-1.39381874 -1.2274665  -0.57368974 -2.14190852 -1.08624464]
[-0.62601928  0.78350719 -0.44801244 -2.16419141 -1.06687199]
[-0.24211954 -0.27261273 -0.69204505 -2.16868585 -1.28683293]
[ 1.0055546  -1.52502059  1.37174783 -1.92822372  0.44789697]
[-1.39381874 -1.88959138 -0.07059025 -1.94393886 -0.396086  ]
[-1.20186888  0.61951342 -1.53643464 -2.25683736 -2.13009463]
[-1.00991901 -0.19151036 -0.88335319 -2.13976064 -1.36598528]
[-1.68174355  2.84982879 -1.60868458 -2.32239688 -2.30021442]
[-0.72199421  0.06193457 -0.13190262 -1.98289782 -0.56053618]
[ 2.34920367  0.18191989  1.72170338 -1.88669455  0.64102627]
[-0.72199421  0.26903529 -0.65514644 -2.14526    -1.17884471]
[ 1.10152953 -1.67879937  1.41625022 -1.85706986  0.58141591]
[-0.43406941  0.67979221  0.03208017 -2.05159643 -0.5622947 ]
[-0.43406941 -0.25668191 -0.54890087 -2.18713232 -1.19490469]
[-0.72199421  0.72089139 -0.00211269 -2.07689624 -0.58998723]
[-0.43406941  0.27638797  0.93508995 -1.87165106  0.32621863]
[ 1.2934794   0.6752713   0.84216204 -1.96809673  0.01079205]
[-0.24211954  1.96426239  0.94156545 -1.9037975   0.23690193]
[-1.39381874 -0.83019157 -1.90059166 -2.25026645 -2.41871739]
[-0.53004434  0.84254495 -0.55716386 -2.10329566 -1.0076584 ]
[-1.00991901  0.77332827 -1.04819454 -2.08978508 -1.41833975]
[-0.91394408  0.58354059 -0.89358472 -2.13541333 -1.34857964]
[-1.29784381  0.84254495 -1.85983058 -2.28579444 -2.47779112]
[-0.91394408  0.34072399 -0.7768753  -2.08682809 -1.160459  ]
[ 0.7176298  -2.34549408  1.35466741 -1.90064427  0.44560716]
[-0.62601928  0.13728307  0.54913988 -1.91177     0.0050715 ]
[-0.62601928  1.55480696 -1.48930785 -2.29565807 -2.18104512]
[-0.33809447  0.34072399  0.8279642  -1.94364361  0.1492801 ]
[-0.43406941 -0.85928264 -0.53138502 -2.13580818 -1.12539206]
[-0.72199421  0.96800019 -0.23204274 -2.04673772 -0.71259903]
[-0.53004434  1.32915922  0.19940293 -2.02628898 -0.37077951]
[-0.43406941  0.08981352  0.0063152  -1.98515727 -0.43282309]
[-0.24211954 -0.83701907  0.28750701 -2.04849485 -0.35762518]
[-0.62601928  1.55480696 -0.39905916 -2.07100296 -0.88736683]
[ 1.0055546  -1.59668603  1.22248573 -1.98964038  0.26353521]
[-0.72199421  0.26903529 -0.87891805 -2.12751685 -1.32615345]
[ 1.96530393 -0.41200744  1.5025059  -1.97719198  0.44221059]
[-1.10589394 -0.87798405 -0.57514204 -2.04564387 -0.94185025]
[ 1.67737913 -0.78837316  0.99196477 -2.03111943  0.06737628]
[-0.81796914 -0.21685485 -1.20392552 -2.37545932 -2.07605199]
[ 0.62165486 -0.9138284   0.36721019 -1.94276324 -0.19103804]
[-0.62601928  0.78350719 -0.48545536 -2.09929084 -0.96685047]
[-0.14614461 -0.20473357  0.02706906 -2.06105626 -0.54404576]
[ 0.04580526  0.56882443 -0.04119035 -1.98280753 -0.49880034]
[ 1.19750446 -0.29591453  1.21225655 -1.89350289  0.40516831]
[ 0.90957966 -0.44337125  0.93268543 -1.90955938  0.21574729]
[ 0.81360473 -0.27626899  1.57956437 -1.87920937  0.602388  ]
[ 0.23775513 -1.35899215  0.25902201 -2.01540407 -0.37211065]
[-1.77771848 -0.9138284  -1.63665593 -2.2423673  -2.15307911]
[ 0.52567993 -1.4304088   1.2885481  -1.95644813  0.3207143 ]
[ 1.38945433 -0.84779933  1.04113676 -1.92037484  0.22325081]
[-1.29784381 -0.26492199 -2.07934227 -2.3472538  -2.89238128]
[ 1.38945433  0.58354059  2.14839379 -1.83920597  0.96442601]
[ 1.2934794  -0.35018892  2.43134864 -1.82349991  1.1275394 ]
[ 1.0055546  -0.17702779  0.94865398 -1.93372582  0.16305233]
[-0.62601928 -0.88465276 -1.21881656 -2.24962364 -1.80868637]
[ 1.38945433  0.46020518  1.47972526 -1.86797908  0.59564575]
[ 0.90957966  0.6600646   0.32431303 -1.95582336 -0.22004652]
[-1.10589394 -0.06397033 -0.82513445 -2.15747921 -1.3048137 ]
[ 1.0055546  -0.39270664  0.85635145 -2.01644231  0.03091736]
[ 0.14178019  1.38108452  0.32631715 -1.99297348 -0.23986487]
[ 0.81360473 -0.49564427  0.89703556 -1.92968862  0.14721941]
[-0.53004434  1.32915922 -0.54586884 -2.17496013 -1.14018956]
[-0.43406941 -0.85928264 -0.13188347 -2.09285184 -0.71128178]
[ 0.81360473 -0.6001903   0.81978218 -1.93458866  0.09095256]
[ 1.96530393 -0.73460663  1.73589434 -1.89143809  0.63403479]
[ 1.19750446  0.25978513  1.20668824 -2.00056936  0.24527417]
[ 1.10152953  0.34072399  0.51926783 -2.13000181 -0.35446567]
[ 0.42970499 -1.40804601  0.9394839  -1.9324679   0.17888128]
[ 0.62165486 -0.26492199  1.2100381  -1.96686874  0.2996428 ]
[ 0.42970499 -0.49564427  1.3241028  -1.86451602  0.51468851]
[ 0.81360473 -0.38772578  0.85672131 -2.0650892  -0.06610178]
[-1.10589394  2.41346274 -0.57094857 -1.99957952 -0.87089387]
[ 1.48542926  0.26469052  1.76755137 -1.90754283  0.6310283 ]
[ 0.52567993 -0.06985679  0.76222547 -1.98390087  0.00783812]
[ 1.10152953  0.0979074   1.17239897 -1.88931503  0.36712469]
[ 0.81360473 -0.0420208   0.81079696 -1.92666463  0.10817085]
[ 0.81360473  0.08116143  1.28683373 -1.89531281  0.44032547]
[ 0.81360473  0.08116143  1.85080699 -1.84102368  0.82753974]
[ 0.90957966  0.00617669  0.93305742 -1.94234963  0.14253945]
[ 0.7176298   0.29510391  0.250199   -2.07527931 -0.46578486]
[ 0.90957966 -0.74530644  1.28038567 -1.95835607  0.36618454]
[-0.05016967  1.09345543 -0.03938099 -2.06249642 -0.58466071]
[ 0.81360473 -0.38772578  1.18131683 -1.87811401  0.41198084]
[-0.81796914  2.46381267 -0.10927495 -1.99981701 -0.54134172]
[-0.43406941  0.27638797  0.08684421 -2.05246988 -0.50571267]
[-0.62601928  0.55579012 -0.5109636  -2.15960761 -1.09932439]
[-0.24211954  1.00101473  0.55209935 -2.02645825 -0.19489932]
[-1.00991901  1.36295187 -0.12819404 -1.97800355 -0.53104663]
[ 0.42970499 -0.61100541  1.11061463 -1.89325782  0.3400381 ]
[-1.20186888  1.97709669 -0.84529879 -2.17133553 -1.31221367]
[-0.81796914  0.90729604 -0.09965198 -1.99006431 -0.56160638]
[-0.14614461  0.84254495  1.00396245 -1.90266781  0.2682883 ]
[-0.62601928  0.78350719 -0.62968289 -2.19958634 -1.23334564]
[ 0.81360473 -0.16109696  0.51161229 -1.95011435 -0.12796463]
[-0.14614461 -0.20473357 -0.06960893 -2.15023757 -0.74852011]
[ 0.14178019 -2.37460859  0.64170471 -1.95629135 -0.06448608]
[ 0.7176298  -1.04490104  0.77302392 -1.9805822  -0.00607574]
[-1.29784381  0.53373206 -1.78504238 -2.38115045 -2.56067754]
[ 1.5814042  -0.31233068  1.56870749 -1.89309757  0.53971093]
[ 0.7176298  -0.09188028  0.42726213 -2.12516112 -0.40093322]
[-0.91394408 -0.30447438 -0.08881522 -2.083883   -0.67458342]
[-1.00991901 -0.397248   -1.52102756 -2.39346701 -2.36434017]
[-1.20186888 -1.33201253 -1.46108422 -2.2945666  -2.1219021 ]
[ 1.869329    0.10012491  1.17540045 -1.98055407  0.20560248]
[ 0.14178019 -0.43130825  0.15895067 -1.9436105  -0.28825797]
[ 1.67737913 -0.17484548  2.24934495 -1.85395233  0.96644602]
[-0.53004434  0.20866585 -0.26331147 -2.03922224 -0.7372891 ]
[-0.91394408  1.41605462 -0.50753615 -2.09968217 -0.96675738]
[-0.05016967  1.09345543  0.12885621 -2.01628833 -0.41021679]
[ 1.96530393 -0.32625323  2.73990778 -1.81950289  1.2686829 ]
[ 1.77335407 -0.03736029  1.87865194 -1.94123199  0.6373184 ]
[ 1.0055546   0.42724485  0.25521386 -2.05462554 -0.41446071]
[-1.39381874 -0.61100541 -0.54363526 -2.06555236 -0.93832828]
[ 0.42970499 -1.81498576 -0.46914213 -2.19193983 -1.10452227]
[ 1.2934794   0.54638832  1.52551973 -1.9580611   0.52437988]
[-0.72199421 -0.66291792 -0.88737957 -2.2668691  -1.60410085]
[-0.91394408  0.11262356 -0.89698053 -2.12311421 -1.33398037]
[-1.58576861 -1.49928619 -1.56500233 -2.22900607 -2.03182963]
[-1.29784381 -0.26492199 -0.17259395 -2.09184244 -0.69201885]
[-0.53004434 -0.79977818  0.96852297 -1.86822695  0.35622468]
[ 2.54115354 -0.26492199  1.34536883 -2.04243858  0.20923608]
[-1.00991901  0.77332827 -1.17350845 -2.27506069 -1.87298229]
[-0.53004434  1.59527639  0.10699566 -2.04426977 -0.46123827]
[-0.62601928  1.55480696 -0.41672344 -2.15277057 -1.00471523]
[-1.39381874 -1.0352367  -1.89725828 -2.36817146 -2.67190181]
[-0.14614461 -0.49564427  0.21979883 -1.94820468 -0.25125076]
[-0.72199421  1.51163956 -0.43468114 -2.12112075 -0.94368087]
[-0.62601928 -0.05545045 -0.80643178 -2.18208775 -1.36850105]
[-1.29784381 -0.01771955 -1.23478264 -2.20231565 -1.73074064]
[-0.05016967  0.01344946 -0.60191346 -2.14093353 -1.19347786]
[-1.20186888  0.61951342 -0.85235921 -2.11867235 -1.26465787]
[-0.05016967 -0.13974288  0.99049517 -1.96877025  0.18845413]
[-1.20186888 -0.16109696 -0.50578585 -2.07088353 -0.92043867]
[ 1.19750446 -0.397248    1.60099723 -1.91729063  0.57917699]
[ 0.62165486 -0.9138284   0.69042522 -2.02484911 -0.08306154]
[ 0.81360473 -0.38772578  0.96698745 -1.91835606  0.20650824]
[-0.05016967 -1.05322311  0.37031957 -1.99535026 -0.22682517]
[-0.72199421  0.96800019 -0.48606466 -2.15333765 -1.04426218]
[ 0.62165486 -0.01771955  0.81871123 -1.93159569  0.09947728]
[-0.33809447 -0.34357731  0.33982348 -1.9300239  -0.14983459]
[ 0.14178019 -0.68150388  0.69880727 -2.0115119  -0.0447128 ]
[ 0.33373006 -0.99746523 -0.33120863 -2.20505318 -1.06285244]
[-0.53004434  1.32915922  0.53479099 -1.96781582 -0.0711813 ]
[ 0.42970499  0.44108819  0.0174034  -2.11611591 -0.70000497]
[ 1.2934794  -0.72478626  1.21626454 -1.94056091  0.33013027]
[ 0.90957966  0.00617669  1.08321508 -1.90347693  0.28087229]
[-0.91394408  1.11941169  0.01195006 -2.03837765 -0.48574086]
[-0.62601928  2.49138525 -0.01534523 -2.03123388 -0.51362631]
[ 1.5814042  -0.40522608  1.68876969 -1.85692064  0.69368731]
[ 0.33373006 -0.04529213  1.20087877 -1.91823208  0.35235983]
[ 1.67737913 -0.07746014  1.81233834 -1.91405584  0.62877427]
[-0.24211954 -0.27261273  1.0953742  -1.8909603   0.37552693]
[ 1.0055546  -0.49564427  1.77443414 -1.86170601  0.73872618]
[ 1.10152953 -0.23830019  1.25840823 -1.8881037   0.42268556]
[ 0.90957966  0.25420314  1.79187772 -1.87743587  0.7381531 ]
[ 0.90957966  0.38474338  0.19485085 -1.95119716 -0.30923216]
[ 0.42970499  1.6828033   0.96296887 -1.89780946  0.25989032]
[-1.29784381 -0.01771955 -1.76222292 -2.28355094 -2.3809983 ]
[ 1.48542926  0.26469052  0.83597319 -2.11383166 -0.19215901]
[-0.81796914  1.17709226 -0.79037331 -2.26452008 -1.49393085]
[-0.72199421  1.51163956 -0.10181384 -2.02156441 -0.58727338]
[ 1.48542926 -0.62946319  1.4456949  -1.87989011  0.53688283]
[-1.20186888  0.34072399 -1.3043391  -2.24446397 -1.90244173]
[-0.72199421  1.51163956  0.07448428 -2.02879883 -0.42409882]
[ 0.62165486  1.00640486  0.42471035 -2.00830069 -0.27147705]
[ 1.2934794  -0.54276361  1.1015885  -1.89664119  0.32002499]
[-0.05016967  1.52924732 -0.38075782 -2.16837573 -1.02340175]
[-0.62601928 -0.57724117 -0.94300339 -2.1589498  -1.44297591]
[ 0.14178019 -0.29885174  0.1504958  -2.06248459 -0.51132717]
[-0.33809447  0.73689844  0.0660959  -2.1052812  -0.58404874]
[-1.00991901 -0.19151036 -0.88335319 -2.13976064 -1.36598528]
[-1.10589394  1.64545849 -0.52362478 -1.99918113 -0.84127856]
[ 0.52567993 -1.67362774 -0.24169304 -2.14468759 -0.92837846]
[-1.77771848 -1.16473888 -1.70476281 -2.30811209 -2.32312275]
[ 1.67737913 -0.70738307  1.1912252  -2.01712629  0.21023947]
[-0.33809447 -0.49564427  0.00614803 -2.10492399 -0.65863495]
[ 1.2934794  -0.35018892  1.3333108  -1.90062538  0.43694997]
[ 0.33373006 -0.1800336   1.43390593 -1.85972495  0.58866305]
[-1.00991901  0.50799765 -1.7244983  -2.24447608 -2.26099371]
[ 1.10152953  0.46830559  0.89372145 -1.99135583  0.07994755]
[-0.91394408 -0.49564427 -1.0067593  -2.18991737 -1.53334875]
[-1.10589394  0.17345034 -0.70788001 -2.11844834 -1.18435383]
[ 0.62165486 -0.3822384   0.88470444 -1.93489705  0.11861881]
[-1.10589394  0.42724485 -2.33311724 -2.35630528 -3.18320438]
[ 1.10152953  0.0979074   1.12040673 -1.90785771  0.31160551]
[-1.39381874  0.14771593 -0.97418231 -2.1766975  -1.45155669]
[-1.58576861 -0.8673635  -2.01112062 -2.34831822 -2.74918359]
[ 0.7176298   0.03258832  1.12297426 -1.92323043  0.27678372]
[ 1.2934794   0.6752713   0.87576047 -2.02429321 -0.00679255]
[ 0.7176298  -0.2121296   1.39949676 -1.89584873  0.48904987]
[ 0.7176298  -0.2121296  -0.19452508 -2.08386259 -0.80883072]
[ 1.77335407  0.96800019  1.45100469 -1.87792369  0.54707134]
[-0.05016967 -0.56255373  0.80966391 -2.01144685  0.01838463]
[ 1.19750446  0.38185686  1.57384922 -1.8769901   0.59584641]
[ 1.5814042   0.08617713  1.572634   -1.90680555  0.54051738]
[ 1.0055546  -0.49564427  1.20719947 -1.88842197  0.40686131]
[ 1.2934794   0.42166286  1.90731024 -1.84525481  0.84061971]
[ 0.14178019  0.44981551  0.70040158 -1.92053754  0.07393959]
[ 0.52567993  0.06193457  0.53395429 -2.02563276 -0.16435773]
[ 0.62165486  0.11262356  0.38322213 -2.01493882 -0.25332384]
[ 0.33373006 -1.0989263   1.11947131 -1.97036987  0.25398849]
[ 0.14178019 -0.16109696  0.181497   -2.04788175 -0.48414865]
[ 0.7176298   0.57743199  1.15154269 -1.89671742  0.34943462]
[ 1.10152953  0.2173254   1.29551369 -1.98021366  0.34547659]
[ 0.81360473  0.20866585  0.46337104 -2.03998794 -0.29734921]
[ 0.62165486 -0.3822384   0.87588478 -1.92773943  0.15310796]
[ 1.38945433 -1.08851291  0.92884576 -1.97382196  0.09393575]
[-0.33809447 -1.39634855  0.30747078 -1.98779044 -0.21365109]
[ 0.90957966  1.11275624  1.49911059 -1.86734774  0.60470449]
[ 0.7176298  -0.65495251  1.07375813 -1.91655948  0.26625565]
[-0.14614461 -0.20473357  1.20027348 -1.86190716  0.47711342]
[-1.10589394  0.17345034 -0.82999697 -2.09618096 -1.22929986]
[ 0.7176298  -0.85592598  0.79689125 -1.93347059  0.09451259]
[-0.81796914 -0.21685485  0.20982815 -1.97430964 -0.26659338]
[ 0.52567993 -0.5523472   0.41041315 -2.12603911 -0.43403606]
[-0.91394408  0.84254495 -0.63308421 -2.06348987 -1.00622849]
[ 0.7176298  -0.09188028  1.10995259 -1.89144653  0.32773797]
[-0.91394408  0.11262356 -0.92564707 -2.1343179  -1.34735673]
[ 1.10152953  0.2173254   1.39517649 -1.89584303  0.4849541 ]
[ 0.42970499 -1.0352367   0.40069758 -2.03356905 -0.29067477]
[ 0.33373006 -0.43481749  0.9652866  -1.89197402  0.26789041]
[ 1.0055546   0.17345034  1.53345228 -1.86781933  0.60250176]
[-0.53004434 -0.79977818 -0.55661792 -2.18774317 -1.18434665]
[ 1.96530393  0.34072399  2.09861316 -1.84732292  0.90847264]
[ 1.5814042   0.77882166  2.16777633 -1.94015257  0.82218458]
[-0.62601928  1.28163829  0.41572368 -2.05512353 -0.27435077]
[-0.14614461  0.64671238  0.52654415 -2.01782088 -0.1801342 ]
[-1.10589394  0.99123264 -1.29128227 -2.30463793 -1.95515441]
[-0.72199421 -0.13397151  0.61858549 -1.93303743  0.0175274 ]
[ 1.19750446 -0.29591453 -0.37654206 -2.07374035 -0.87717117]
[ 1.10152953 -0.23830019  1.44624959 -1.89548914  0.50775452]
[ 1.19750446 -0.94773522  0.94606294 -2.04418222  0.00215924]
[ 1.77335407  0.37708783  2.28221358 -1.87556537  0.94340463]
[ 0.23775513 -1.0626736  -0.16071173 -2.05484832 -0.7045864 ]
[ 1.2934794   0.07051271  1.75338439 -1.87596621  0.69824925]
[ 1.19750446 -0.19151036  1.43112567 -1.89587621  0.47658279]
[ 1.19750446  0.14158869  1.69901203 -1.86724057  0.67581435]
[-0.62601928 -0.23830019 -0.03542751 -2.08540863 -0.62531163]
[ 1.96530393  0.2376101   2.25416411 -1.85253287  0.94934029]
[ 0.42970499 -1.13287723  1.00943427 -1.95720705  0.17641892]
[-0.81796914  0.41675747 -0.86660069 -2.23196696 -1.49969724]
[ 1.38945433 -0.76328211  1.76201802 -1.85090483  0.75323533]
[-1.68174355 -0.20473357 -2.35867867 -2.45483853 -3.39909496]
[-1.10589394 -0.06397033 -0.77092347 -2.23852222 -1.4158307 ]
[ 0.04580526  0.39648188  0.97509179 -1.87588363  0.32518573]
[-1.20186888 -0.6001903  -1.69338607 -2.35597844 -2.48017286]
[ 0.62165486 -1.2828144   0.67548466 -1.93870974 -0.00874973]
[-0.91394408 -1.58486806 -0.09424176 -2.01854525 -0.55925845]
[-0.91394408  0.84254495 -0.44498663 -2.08151754 -0.85699151]
[ 0.14178019 -0.29885174  0.88876636 -1.94818161  0.15848198]
[-1.77771848 -0.01771955 -1.98966284 -2.32685281 -2.64684358]
[ 0.7176298   0.4336538   0.08862125 -2.07422579 -0.57615984]
[-0.62601928  0.13728307  0.17951779 -1.95347492 -0.2884247 ]
[-0.72199421  0.48831839  0.19197108 -2.02805426 -0.37910329]
[-1.48979368 -0.23830019 -1.36730393 -2.13550254 -1.70323718]
[-1.68174355  0.11262356 -2.30257307 -2.43420813 -3.2542162 ]
[-0.33809447 -0.01771955  0.09222387 -2.04469038 -0.50245751]
[-0.72199421  1.51163956  0.07171785 -2.07901577 -0.53681914]
[-0.24211954  0.59163447 -0.30749499 -2.11860665 -0.89286598]
[-1.10589394  2.01346052 -0.19514513 -1.97775351 -0.56981301]
[ 0.04580526  0.74918291  0.97843563 -1.89926873  0.2694022 ]
[ 1.10152953 -0.44571184  0.72848807 -1.96415364 -0.03890342]
[ 1.67737913  0.23163248  0.96557655 -2.04516521 -0.01944535]
[ 1.38945433 -0.93012129  2.16007761 -1.85589034  0.94147861]
[ 2.06127887 -0.19920995  2.10518418 -2.00727075  0.63029439]
[ 2.06127887  1.71668469  1.72655162 -1.95938457  0.52625312]
[ 1.869329    0.10012491  1.46036572 -1.93985781  0.45849711]
[ 1.38945433 -0.58730107  0.61606656 -2.00599069 -0.15795728]
[-0.24211954 -0.27261273 -0.20596311 -2.0323821  -0.68458745]
[-0.43406941 -0.41784257  0.21070441 -2.07903366 -0.46243735]
[ 1.10152953  0.60028656  1.23741282 -2.0394963   0.19330299]
[-0.24211954  0.04896762  0.57276188 -1.99811758 -0.10621196]
[ 0.33373006 -0.1800336   0.78871822 -2.00368956  0.01575627]
[ 0.62165486 -0.26492199  0.96104928 -1.97241714  0.16646371]
[-0.05016967  0.51577782  0.19758696 -2.01971403 -0.37549163]
[ 1.10152953  0.0979074   1.05471624 -1.92619729  0.23769326]
[ 1.77335407  0.37708783  0.73551147 -2.09672179 -0.19463591]
[-0.53004434  0.20866585 -0.88891869 -2.08398361 -1.23760959]
[ 0.81360473  0.34072399  1.10609937 -1.89115192  0.33693408]
[-0.53004434  1.32915922 -0.06036415 -2.0625301  -0.6150667 ]
[ 0.33373006  1.25312574 -0.24319596 -2.14074054 -0.88952843]
[ 1.96530393  0.2376101   2.81189122 -1.81728505  1.29299882]
[-0.62601928  1.28163829 -0.45890061 -2.10094463 -0.95970041]
[-0.72199421  0.06193457 -0.45017332 -2.12575157 -0.9945202 ]
[ 0.81360473  0.47758426  1.92329859 -1.83825399  0.87821427]
[-1.20186888  0.34072399 -1.41971688 -2.21551604 -1.90086324]
[ 1.67737913  0.45307197  0.77983952 -2.10950403 -0.20222858]
[-0.24211954  2.24156096 -0.01307588 -2.0596073  -0.65836747]
[-0.53004434  0.61951342  0.09982446 -1.99646012 -0.41204892]
[ 0.7176298   0.88190346  0.91349325 -1.95368688  0.14423191]
[ 0.7176298   0.29510391  0.99025253 -1.92960193  0.21139276]
[ 0.52567993 -0.5523472   1.04851114 -1.9359267   0.20860495]
[-0.14614461 -0.0495812   0.54752125 -1.96159439 -0.09207379]
[-1.10589394  0.69916754 -0.28915636 -2.09271416 -0.80501454]
[-0.05016967 -0.81732437 -0.54958504 -2.18493785 -1.21968152]
[ 0.04580526 -0.8673635   0.00989629 -2.03027022 -0.54855889]
[-1.29784381 -0.9138284  -0.98098565 -2.10466558 -1.36332622]
[ 1.10152953  0.0979074   1.3562226  -1.94320216  0.40275906]
[-0.62601928  1.55480696 -0.98006843 -2.27256268 -1.69304794]
[ 0.04580526  0.74918291 -0.20883209 -2.12077616 -0.85564048]
[-0.91394408  1.11941169 -0.81802021 -2.17615177 -1.35826973]
[ 0.81360473  0.76679839  0.16803203 -2.01301409 -0.43454369]
[ 1.10152953 -0.99975665  0.70949223 -1.90232243  0.11435309]
[-0.05016967  0.17345034  0.21527461 -2.08100787 -0.47177611]
[ 1.869329    0.30538449  0.91049652 -2.07624255 -0.09329586]
[-1.29784381 -1.61080195 -0.87192273 -2.1362536  -1.32285882]
[-0.53004434  0.61951342 -0.70545949 -2.23498099 -1.38231508]
[-0.81796914  1.17709226 -0.70148437 -2.18792225 -1.26417777]
[-1.00991901  1.36295187 -1.465674   -2.27848148 -2.11563672]
[ 1.96530393 -0.14806265  1.00521767 -1.9256944   0.1970022 ]
[ 1.38945433  0.46020518  0.52757207 -2.09734    -0.31452353]
[-0.24211954  0.04896762  0.49850038 -2.01997467 -0.15817895]
[-0.24211954 -1.20334049  0.16280556 -2.01330545 -0.39966298]
[ 1.0055546  -1.92941844  0.20635469 -2.18204368 -0.65328886]
[ 1.38945433 -1.08851291  1.8086312  -1.86229062  0.73623255]
[-0.62601928  1.0250253   0.03863758 -2.01839986 -0.4657475 ]
[ 2.06127887  0.0766077   2.11929736 -1.86810766  0.87172897]
[-1.20186888 -0.16109696 -0.67943416 -2.12471809 -1.13952461]
[-1.00991901  0.77332827 -0.26619799 -1.96295248 -0.56527229]
