[ 0.32467805 -0.46789583  0.259785    4.93781063  0.8329393 ]
[1.3398564  0.10807419 2.11078947 4.96798034 2.34144319]
[2.35503475 1.22471862 2.81381785 4.96875098 2.82583731]
[1.5834992  0.21375027 2.09103918 4.9702496  2.33836377]
[0.93378506 0.65028495 1.33793712 4.95782053 1.72892387]
[2.53776686 2.78069557 1.18528447 4.94061546 1.49685242]
[2.53776686 0.94132851 1.53740485 4.95979462 1.85579441]
[1.56319564 0.39921123 2.24294954 4.9652836  2.41633061]
[1.86774914 1.24119973 2.12706451 4.96402053 2.32576598]
[1.54289207 0.39423895 1.99653169 4.96553902 2.24123344]
[2.9438382  1.4340932  2.83172903 4.97521657 2.85088762]
[2.03017768 0.69794125 1.58555223 4.94006244 1.83917435]
[2.07078481 1.40049934 1.54570139 4.96279284 1.89651227]
[2.25351692 0.33842004 1.89379821 4.96100486 2.1139055 ]
[2.29412405 0.11939478 2.44978644 4.97176761 2.58059993]
[1.78653487 1.03830462 2.34683935 4.9750765  2.54571626]
[-2.19296427  1.52359644 -2.43641605  4.86444357 -1.72478758]
[1.68501704 0.64843293 1.6561482  4.95046022 1.90764992]
[1.92865984 0.87036356 1.84931252 4.95444282 2.07277001]
[1.66471347 0.77595657 2.00639385 4.96466563 2.25212755]
[1.48198137 0.53833899 1.47807187 4.95376766 1.82174091]
[2.09108838 1.04156964 2.13481445 4.96181331 2.30134861]
[2.9438382  0.87717451 1.42626628 4.94738252 1.70162751]
[2.17230265 0.50765925 2.24275287 4.95757092 2.36997426]
[1.50228494 0.37385701 0.98709806 4.93858611 1.36528897]
[2.05048125 0.5602149  1.90038316 4.96343213 2.15394672]
[1.60380277 0.33792741 2.43982749 4.97115692 2.58617108]
[0.83226722 2.36728858 0.80865253 4.93984579 1.27119343]
[2.00987411 0.73557711 1.75158267 4.96148809 2.0340325 ]
[1.218035   0.84935891 1.59777222 4.96339675 1.95634446]
[1.88805271 0.35742911 2.53550704 4.97305588 2.65412885]
[1.56319564 0.26761193 1.37650393 4.95557696 1.74916816]
[2.13169551 0.76906911 1.94756717 4.96246132 2.18457632]
[1.5225885  1.0662586  1.49119406 4.9559584  1.8309667 ]
[ 1.17742786 -0.03804272  1.81406619  4.96577263  2.13371082]
[2.63928469 1.01800223 2.12846916 4.96198149 2.28964885]
[1.5225885  0.3789062  2.14562982 4.96013584 2.32360827]
[1.5834992  1.18782705 2.02646564 4.96336815 2.25006147]
