[ 1.48542926 -0.71574118  1.28162212  0.12458624  0.81618854]
[ 0.14178019 -0.16109696  1.78797402  0.32728908  1.35712531]
[-0.81796914  0.65436209 -0.533266    0.06835614 -0.22613928]
[ 1.19750446 -0.397248    0.94910212  0.26181046  0.8136209 ]
[-1.20186888  0.91974818 -1.47286537 -0.07424093 -1.11913027]
[-0.62601928  1.0250253  -0.00195272  0.08117642  0.09130063]
[ 1.869329   -0.61955068  1.84742859  0.29574463  1.27822494]
[ 0.23775513 -2.09770179  1.24599001  0.00235607  0.68520487]
[ 0.23775513 -1.0626736   0.54560633  0.1619706   0.46747194]
[ 0.33373006 -0.43481749  1.44060798  0.29732817  1.12446434]
[-0.81796914 -0.01771955  0.24307578  0.24532084  0.46383318]
[-0.91394408  0.34072399 -1.10059944 -0.08217943 -0.80842403]
[-1.39381874  1.89397934 -0.88074703  0.00628773 -0.52604461]
[ 0.23775513 -1.16473888 -0.39589978  0.10792227 -0.15968528]
[ 1.869329   -0.69963653  1.56396787  0.20953761  1.03444763]
[ 1.77335407 -0.40874887  2.83756544  0.34976577  1.79714725]
[-0.43406941  1.12929979  0.5050714   0.13754248  0.48334084]
[-1.48979368  0.66799853 -1.07923021 -0.01219012 -0.67912397]
[-1.96966835  2.84982879 -1.90646698 -0.1381856  -1.5202212 ]
[-1.29784381  0.84254495 -1.12410056  0.01877691 -0.70190792]
[-0.81796914  0.41675747 -0.15267515  0.1009067   0.07004161]
[-0.72199421 -0.82203188  0.02654449  0.08371648  0.13238565]
[ 1.67737913 -0.70738307  1.37068647  0.26825819  1.01551544]
[ 0.7176298  -1.62587165  1.7498093   0.31159603  1.29340825]
[ 1.10152953 -1.5411046   2.60426374  0.34091234  1.70950327]
[-1.29784381  0.84254495 -0.71222349 -0.00283283 -0.42647642]
[-0.43406941 -0.08765975 -0.2815829  -0.07001656 -0.27652156]
[-1.68174355  1.26513102 -1.04035412 -0.00885029 -0.65661644]
[-0.81796914  1.46549511 -0.77792469 -0.07432091 -0.58244257]
[-0.91394408 -1.95019777 -0.96691665 -0.03354553 -0.68989895]
[ 0.81360473 -0.89510374  0.56686867  0.09386874  0.39571525]
[-0.72199421  1.2310515   0.49551145  0.12767014  0.45911398]
[-0.81796914  0.65436209 -0.45914303  0.08006954 -0.15220554]
[ 1.2934794  -1.0604644   2.04782701  0.3054922   1.40542241]
[-1.20186888  0.34072399 -0.7425153  -0.0074395  -0.47619791]
[-0.72199421  1.81157853 -0.08490022  0.10108425  0.09972117]
[-0.91394408  0.58354059  0.13175539  0.0967575   0.19896488]
[ 1.869329   -0.85408781  2.69066358  0.3400054   1.73727542]
[-0.72199421 -0.49564427 -1.11186728 -0.05086531 -0.83268806]
[-0.91394408 -1.01033243  0.316351    0.25019943  0.51367971]
[-0.53004434  0.84254495 -0.25245388  0.05975383 -0.10155765]
[-0.53004434 -0.16109696  0.45418315  0.26051004  0.60844654]
[-1.29784381  0.84254495 -1.75569285 -0.2092514  -1.5710355 ]
[-0.62601928  1.55480696 -0.45220963 -0.04597872 -0.31375237]
[-0.33809447 -0.01771955 -0.03515626  0.11035836  0.13778236]
[-1.10589394  0.69916754 -1.44265543 -0.04528133 -1.03367077]
[ 1.38945433 -1.08851291  1.56039272  0.17105917  1.05276726]
[1.38945433 0.00368007 1.42013026 0.2147681  1.00593796]
[-1.00991901  0.77332827 -0.95462849 -0.0288269  -0.66829549]
[-1.48979368  1.0250253  -1.8134834  -0.19524746 -1.55106283]
[ 1.77335407 -0.03736029  2.60473376  0.35234262  1.71768671]
[ 0.62165486 -0.01771955  0.31644629  0.21169379  0.38840848]
[-1.68174355 -1.64925567 -1.24341063 -0.02696344 -0.83539403]
[-0.91394408  0.58354059  0.64249759  0.27632146  0.74702342]
[-0.91394408  0.34072399  0.56200051  0.27586079  0.69253533]
[ 0.33373006 -0.43481749  0.67698488  0.16657567  0.56788278]
[-0.72199421  0.48831839 -0.7252604  -0.08967966 -0.60557184]
[-0.81796914 -0.40522608 -0.30417622  0.07439439 -0.07477866]
[-0.62601928  1.84618687  0.15010236  0.1581861   0.28165917]
[-1.96966835  0.96800019 -0.97810615  0.05097877 -0.50888765]
[-0.72199421 -1.63452871  0.58875673  0.17033778  0.53501702]
[-0.53004434 -0.49564427  0.15996073  0.16065258  0.28550523]
[-0.72199421  0.48831839  0.03993744  0.08339498  0.1163968 ]
[1.96530393 0.13728307 2.63037962 0.33648482 1.70195986]
[ 0.23775513  0.18710533 -0.61272597 -0.0250232  -0.48186756]
[-0.72199421  0.96800019 -0.48867815  0.0736522  -0.1955628 ]
[-1.20186888  1.59527639 -0.79590723 -0.00550246 -0.49642878]
[ 0.33373006 -0.43481749  0.59461342  0.1305653   0.51316519]
[-0.43406941 -0.71867581 -0.37955907  0.0767681  -0.1457532 ]
[ 0.42970499 -1.0352367   1.20529684  0.27743313  0.9738852 ]
[-1.00991901  2.04691525 -1.72319234 -0.22159822 -1.6122334 ]
[ 0.62165486 -0.3822384   2.22861552  0.33176459  1.53065189]
[0.62165486 0.53373206 1.67499073 0.29787521 1.23541863]
[ 0.42970499 -0.49564427  0.48261984  0.09754288  0.38800298]
[-1.10589394  1.3057643  -1.41909568 -0.18827028 -1.24014658]
[ 1.5814042  -0.83442635  2.14961064  0.22740124  1.33987544]
[-0.72199421 -0.13397151 -0.19688116  0.07661614 -0.02799981]
[ 0.33373006 -0.1800336   0.6439134   0.16481298  0.53662178]
[-0.62601928  1.28163829 -0.84530611 -0.09727586 -0.70891537]
[ 1.10152953 -1.08336251  1.11513931  0.19218584  0.82129801]
[ 1.67737913 -0.45162489  1.98192246  0.31310919  1.38941078]
[-1.00991901  1.05761108  0.24191322  0.18080834  0.40173922]
[-0.43406941  0.47278214  0.17134846  0.15833006  0.28584885]
[ 0.42970499 -0.722456    0.44573237  0.16172747  0.41641674]
[-0.05016967 -1.05322311  0.12126363  0.15237978  0.2345532 ]
[-0.91394408  1.7346711  -0.26684405  0.15765825  0.06650649]
[ 1.67737913 -0.78837316  2.50639247  0.34825101  1.66081866]
[ 0.7176298  -1.54969742  0.53556131  0.16604622  0.46376713]
[-0.91394408 -0.67648065  0.22258396  0.13512718  0.34717296]
[-0.62601928  0.13728307 -0.78979303  0.09933596 -0.39680306]
[ 1.19750446 -0.68412162  0.45745922  0.15046194  0.40119188]
[ 1.48542926 -1.72231772  2.4995288   0.31729998  1.61378325]
[-0.53004434  1.32915922 -0.44353937  0.01107834 -0.25637574]
[-0.91394408  0.34072399 -0.00482683  0.10218793  0.13870482]
[-0.43406941  2.20231787 -0.0799595   0.00979551 -0.04874941]
[-0.81796914  1.46549511 -0.80562597 -0.08142605 -0.62934794]
[-0.81796914  0.41675747  0.14690249  0.11440999  0.25311774]
[-0.72199421  1.51163956  1.0480987   0.29427465  0.96813713]
[-0.53004434  1.32915922  0.09563588  0.08374527  0.1454396 ]
[-0.62601928 -0.23830019  0.09829909  0.20503652  0.2872243 ]
[ 1.96530393 -0.49564427  1.4462107   0.17579379  0.92234005]
[ 0.23775513 -1.26345776  1.05114896  0.26032129  0.87541337]
[-0.72199421  0.06193457  0.1283281   0.12079214  0.25612177]
[ 1.2934794  -1.13900447  1.27078686  0.26016934  0.96158989]
[ 1.38945433 -1.58486806  1.04962456  0.18413218  0.75014287]
[ 1.869329   -1.20984638  2.81499784  0.35446681  1.79797242]
[-0.81796914 -0.01771955  0.47476027  0.12014752  0.43273123]
[-1.29784381  2.37190406 -2.07188043 -0.21503053 -1.82232201]
[ 1.10152953 -0.73460663  1.22642727  0.27105578  0.96977353]
[-0.72199421 -0.97356899 -0.43605941  0.10693375 -0.16102414]
[ 1.2934794  -0.4478518   1.15174026  0.27162362  0.93180708]
[-0.91394408  0.58354059 -0.09351671  0.10276696  0.09578453]
[-1.00991901 -0.19151036  0.12802796  0.11578879  0.24185154]
[-0.91394408  0.84254495 -0.45532784  0.07616667 -0.17900752]
[ 0.52567993 -1.25597905  1.66796514  0.30400623  1.24562387]
[ 1.67737913 -0.70738307  0.97166985  0.25663436  0.81744322]
[-0.81796914  0.65436209 -0.2980204   0.09964947 -0.0199767 ]
[-0.43406941  0.67979221  1.14021439  0.2937628   0.99547713]
[-1.00991901  0.0270859   0.68347833 -0.00244734  0.42496337]
[ 1.67737913 -1.43538389  2.1706622   0.32631017  1.48694051]
[ 1.0055546  -0.78655497  0.79686611  0.16731145  0.60813193]
[-0.53004434  1.59527639  0.06481775  0.22037287  0.31094002]
[-0.81796914  0.1931296  -0.63701162  0.12420395 -0.24707291]
[1.48542926 0.0455352  1.05210273 0.16250645 0.70454004]
[ 1.869329   -0.92858784  1.52534308  0.2968595   1.16138552]
[-6.26019276e-01  5.55790120e-01  9.52129789e-01  8.09313790e-04  5.58808107e-01]
[ 1.0055546  -1.21898979  1.39866147  0.28320746  1.06242903]
[-1.00991901  1.36295187 -0.35918657  0.07927457 -0.10120688]
[-0.62601928  1.28163829 -0.31535452 -0.04886269 -0.24044428]
[ 1.10152953 -0.73460663  0.89783174  0.16065418  0.63095752]
[ 0.42970499  0.14771593 -0.03916292  0.12560994  0.08101046]
[-0.72199421  0.72089139 -0.67507814 -0.06340087 -0.49430584]
[-1.00991901  1.36295187 -0.63221596  0.06181083 -0.31576476]
[ 0.81360473 -0.27626899  1.76549585  0.30381909  1.27615584]
[-0.53004434 -0.65124767  0.80142302  0.20320825  0.71717075]
[-0.62601928  1.28163829  0.54215689  0.14509549  0.52858389]
[ 0.04580526 -0.49564427 -0.12765127  0.12877702  0.0413353 ]
[-0.43406941  0.27638797  0.2422577   0.09900645  0.25600605]
[1.2934794  0.18390495 1.15580719 0.11661735 0.75464237]
[ 0.62165486 -1.01033243  1.2999116   0.29059252  1.04602956]
[ 0.52567993 -0.4379637   1.71479871  0.32809365  1.31890948]
[-0.72199421 -1.11805786  0.57753405  0.2609995   0.66828925]
[-0.53004434  1.07869599 -0.40146258  0.11555206 -0.1253964 ]
[ 1.38945433 -0.93012129  1.56073771  0.27430764  1.11847173]
[ 1.19750446 -0.77443369  1.51124707  0.30365913  1.16253032]
[-0.81796914  0.90729604 -0.19509302  0.09268029  0.00757698]
[-0.91394408  0.84254495 -0.08752295  0.11272088  0.13432845]
[ 0.14178019 -0.43130825 -0.43026113 -0.00654855 -0.31888928]
[ 1.869329   -0.7777926   2.45512082  0.34268142  1.65137132]
[ 1.869329   -0.45329651  1.4647368   0.29966189  1.12965081]
[ 0.33373006 -0.8925648   0.69528764  0.25874895  0.71264282]
[0.90957966 0.00617669 1.52702854 0.29709304 1.1403234 ]
[-1.29784381  1.17709226  0.11211638  0.22396223  0.35444687]
[-0.43406941 -0.41784257  0.71737504  0.25360004  0.71814279]
[-0.81796914  1.46549511 -0.71747437 -0.0591685  -0.52037259]
[-0.91394408  0.84254495 -0.54261029  0.0101858  -0.32665033]
[-0.81796914  1.17709226 -0.74190639 -0.01093928 -0.50477464]
[-0.81796914  0.41675747  0.3598344   0.11966766  0.38089155]
[-1.48979368 -0.49564427 -1.77755114 -0.20227102 -1.56198531]
[-0.62601928  0.78350719 -0.38839658 -0.04748709 -0.28990951]
[-1.10589394 -0.6924368  -0.37802388  0.13481527 -0.05444728]
[-0.72199421  1.2310515   0.22977598  0.20359534  0.35619459]
[-0.62601928  0.78350719  1.26643349  0.29737935  1.08037433]
[ 1.5814042  -0.99126991  2.159326    0.30453888  1.42825261]
[ 1.10152953 -1.5411046   2.0070823   0.30958542  1.39722669]
[-1.00991901  1.36295187 -0.61696608  0.13616528 -0.18813705]
[-0.81796914  1.77449816 -0.13670808  0.11054551  0.09260787]
[-1.20186888  0.34072399 -0.60132926  0.07720637 -0.2342429 ]
[ 1.19750446 -0.68412162  0.88948937  0.15039796  0.61075249]
[ 0.33373006 -0.78404712  1.66082313  0.2979136   1.23802177]
[-0.53004434  1.59527639  0.22604346  0.11805213  0.31744124]
[-1.20186888  0.91974818 -0.88622924  0.00546237 -0.53858394]
[-0.72199421  0.48831839  0.05564197  0.23352106  0.33527884]
[ 1.5814042  -0.83442635  1.86681455  0.28229892  1.27574403]
[ 0.42970499 -1.81498576  0.71529103  0.25490686  0.70665763]
[ 1.96530393 -0.73460663  3.09783471  0.38068001  1.97016869]
[ 0.7176298  -1.04490104  0.98851166  0.28041467  0.8927491 ]
[ 0.42970499 -0.25233714  1.00098317  0.19605032  0.77309531]
[ 0.81360473 -1.64014821 -0.19363869  0.11106376 -0.05039138]
[-0.91394408  0.58354059 -0.38735466 -0.0374452  -0.26237949]
[-0.62601928 -0.23830019 -0.30245044  0.07931936 -0.06526265]
