[ 0.76633662 -0.51475875  0.26611262  0.48609236  0.43760217]
[0.68270436 0.29099905 0.95662835 0.62635796 0.6869234 ]
[ 0.01364628  0.76787611 -0.18886616  0.16367584  0.21618856]
[0.26454306 0.76787611 0.35493731 0.58657825 0.48965988]
[-0.15361824 -0.00704912  0.21119395  0.60125269  0.45972185]
[ 0.93360114 -1.42014807  1.54139058  0.98803589  0.87183604]
[-0.40451502  0.76787611  0.03220633  0.30267808  0.34894458]
[0.01364628 0.76787611 0.19268429 0.31762787 0.40320987]
[ 1.18449792 -0.32613598  1.57453105  1.04459565  0.88041886]
[-0.06998598  0.03853472 -0.09753917  0.18824662  0.26133694]
[ 0.76633662 -2.14948947  0.92509879  0.79655553  0.69248526]
[-0.48814728  0.76787611 -0.49788183 -0.05140348  0.0060986 ]
[ 0.51543984 -0.66275508  0.96230784  0.81595948  0.70875493]
[ 0.5990721  -2.61361581  0.49732015  0.49090286  0.50545042]
[-0.15361824  0.76787611  0.42103935  0.68191351  0.54099094]
[-0.2372505   0.76787611  0.19525127  0.54266831  0.44280305]
[-0.06998598  0.03853472  0.24038138  0.57967835  0.46276153]
[ 0.51543984 -0.22402818  0.60973281  0.75497796  0.60365422]
[ 1.51902696 -1.76824283  0.62289068  0.2483859   0.50872793]
[ 0.43180758 -1.8890104   0.5665508   0.41020964  0.53981067]
[-0.32088276 -0.11775272 -0.11797171  0.18429456  0.25776594]
[-0.06998598 -1.71188463  0.28430551  0.52214678  0.46099062]
[ 0.51543984 -0.66275508  1.12899685  0.88178389  0.76224198]
[ 0.51543984 -1.79739362  0.35255676  0.39098386  0.46470304]
[ 0.1809108  -2.57026335  0.36779459  0.61994397  0.50692493]
[-0.32088276 -0.11775272 -0.34061041  0.15967519  0.15349088]
[0.01364628 0.76787611 0.31230153 0.59687951 0.4864709 ]
[0.51543984 0.76787611 0.42659696 0.52689248 0.49941992]
[ 0.84996888 -0.83196953  1.20673702  0.8992928   0.77698063]
[-0.2372505  -0.78197435  0.40772244  0.54436899  0.50516134]
[ 0.76633662 -0.51475875  0.40521053  0.24028742  0.44522386]
[-0.32088276  0.76787611 -0.41810783  0.05611189  0.08266446]
[-0.6554118   0.76787611 -0.36163325  0.32797772  0.17886504]
[-0.73904406 -2.61361581 -0.79496057 -0.10166262 -0.18034112]
[ 0.5990721  -0.18587802  0.89541567  0.75306672  0.67905921]
[ 0.76633662 -0.88529771  0.80228882  0.7467661   0.65219465]
[ 1.0172334  -1.91294631  1.07795904  0.79731679  0.7248363 ]
[ 0.93360114 -0.0587108   0.98521221  0.64148592  0.69528041]
[0.26454306 0.17745689 1.13628662 0.87412273 0.76509859]
[ 0.1809108   0.14793593 -0.21733938  0.16387021  0.1990371 ]
[0.5990721  0.27192397 0.44343168 0.58029383 0.51299243]
[-0.32088276  0.76787611 -0.49912255  0.04561626  0.04208638]
[-0.15361824 -0.00704912  0.02389129  0.28766351  0.33588042]
[ 0.01364628 -0.53726112  0.26668287  0.30727802  0.42714682]
[-0.2372505   0.76787611  0.57936035  0.71341658  0.59661713]
[-0.48814728  0.76787611 -0.50237112  0.0608252   0.04786864]
[-0.57177954 -2.77463923  0.09544073  0.59802949  0.42275453]
[0.1809108  0.76787611 0.13263355 0.37924107 0.37200596]
[ 0.01364628  0.76787611 -0.42605335  0.03115238  0.05768152]
[0.43180758 0.22879769 0.27342216 0.17684396 0.3911673 ]
[-0.57177954 -0.35928786 -0.29440156  0.41741729  0.23331271]
[-0.48814728  0.76787611 -1.44469674 -1.67809573 -1.84360879]
[-0.40451502 -0.18587802  0.17019316  0.61663979  0.45136084]
[0.93360114 0.34033116 1.4862212  0.97122346 0.85457882]
[1.26813018 0.03853472 0.9626304  0.71848622 0.68501511]
[0.51543984 0.25125929 0.8090215  0.74768933 0.65745718]
[0.01364628 0.07905369 0.68272707 0.77209813 0.63371809]
[ 1.26813018 -0.9076379   1.08955017  0.87953252  0.7477776 ]
[0.1809108  0.76787611 0.15504174 0.2085252  0.35842223]
[-0.06998598  0.76787611  0.32464592  0.59224718  0.48914309]
[-0.06998598  0.76787611  0.25731784  0.49577814  0.44776309]
[ 0.5990721  -0.18587802  0.67431025  0.58256141  0.58590472]
[0.09727854 0.1153075  0.21772699 0.38529873 0.43020211]
[ 1.26813018 -1.45755019  1.14307577  0.8402711   0.75033941]
[ 1.10086566 -2.33182481  0.32258064  0.22055954  0.40963312]
[0.34817532 0.20429413 0.18293146 0.36385397 0.37850821]
[0.5990721  0.27192397 0.87208305 0.49734924 0.64380078]
[0.09727854 0.76787611 0.21414815 0.58110368 0.44957768]
[0.34817532 0.20429413 0.08128546 0.44968161 0.36405379]
[ 1.10086566 -0.35928786  1.26989266  0.97203331  0.80378247]
[0.68270436 0.29099905 0.50451069 0.36524691 0.51037704]
[0.5990721  0.76787611 0.51092778 0.23767971 0.47868735]
[-0.06998598  0.03853472  0.18487885  0.51644545  0.42831216]
[-0.15361824  0.76787611 -0.14261181  0.17387992  0.23664243]
[ 0.43180758 -1.8890104   0.56768004  0.45635476  0.54332664]
[0.1809108  0.14793593 0.49497154 0.71254194 0.56856585]
[ 0.26454306 -0.35928786  0.52916372  0.38262623  0.52391556]
[0.01364628 0.76787611 0.30962537 0.63346843 0.49502217]
[-0.06998598  0.03853472  0.38250528  0.58959088  0.51197621]
[ 0.09727854 -0.47200426  0.36221439  0.66433982  0.52239718]
[0.09727854 0.76787611 0.13364969 0.153245   0.33660501]
[-0.6554118   0.76787611 -0.62001488  0.00784497 -0.03063325]
[-0.32088276 -0.88529771  0.19501281  0.57927342  0.45051486]
[-0.32088276 -0.11775272 -0.43585942 -0.04429302  0.03788339]
[-0.48814728 -1.13963215 -0.47231636  0.0427332   0.05450438]
[ 0.09727854 -2.33182481  0.23238149  0.33784166  0.41198343]
[0.01364628 0.07905369 0.15499803 0.28544452 0.38484452]
[ 0.09727854 -2.33182481  0.23238149  0.33784166  0.41198343]
[ 0.43180758 -0.26535753  0.57514081  0.36009627  0.52821396]
[-0.40451502  0.76787611 -0.23945392  0.09848311  0.17999955]
[0.34817532 0.76787611 0.35689128 0.25363371 0.4391941 ]
[-0.2372505   0.76787611  0.17263141  0.30068586  0.40013676]
[ 4.69705284 -3.89492186  3.12143135  1.30750457  1.16459423]
[-0.32088276  0.76787611  0.18190507  0.58265859  0.44386101]
[-0.40451502 -0.18587802 -0.55736268  0.03591429  0.01054833]
[-0.15361824  0.76787611 -0.42003665 -0.98634012 -0.06142378]
[-0.32088276 -0.11775272 -0.51943404 -1.42414373 -0.27476896]
[ 0.5990721  -2.03185376  1.25264912  1.00117162  0.8079849 ]
[-0.90630858  0.76787611 -1.65002249 -1.71434451 -3.59433549]
[-0.06998598  0.76787611 -0.57087069 -0.06886379 -0.04627464]
[-0.40451502  0.76787611 -0.57595872  0.01463149 -0.0063542 ]
[-0.48814728  0.76787611 -0.64576129  0.02386375 -0.04203602]
[-0.06998598  0.76787611  0.26311055  0.30531818  0.42839078]
[0.26454306 0.76787611 0.39565634 0.43818178 0.49767178]
[ 0.84996888 -0.47200426  0.99459927  0.87214671  0.72373604]
[-0.98994084  0.76787611 -1.59361196 -1.70862699 -2.73552219]
[-0.32088276  0.76787611  0.19628585  0.35583648  0.42060444]
[-0.48814728 -1.13963215 -0.75959644 -0.09863379 -0.16196395]
[ 0.01364628 -0.53726112 -0.17586778  0.15588511  0.22137389]
[-0.48814728  0.76787611 -1.55992497 -1.7128058  -2.65073369]
[-0.6554118   0.76787611 -0.89593913 -1.47456484 -0.60536217]
[-0.2372505   0.76787611 -0.54639547 -0.01076533 -0.00964755]
[-0.32088276  0.76787611 -0.33626179  0.15026477  0.15533761]
[-0.32088276 -2.67623603 -0.28286602  0.0905628   0.15661188]
[ 0.09727854 -0.47200426  0.88539884  0.84289501  0.70281345]
[-0.57177954  0.76787611 -0.42655368  0.16594341  0.1247867 ]
[-0.06998598 -1.71188463 -0.84131819 -1.42552047 -0.55726173]
[-0.32088276  0.76787611 -0.86144238 -1.42718875 -0.56939121]
[-0.40451502  0.76787611 -1.22320544 -1.57106627 -1.15754821]
[-0.15361824  0.76787611 -0.75250183 -1.3913125  -0.44888259]
[-0.73904406  0.76787611 -1.19326199 -1.53519003 -1.02039589]
[-0.2372505  -0.0587108  -0.93118621 -1.47503455 -0.65080556]
[-0.82267632  0.76787611 -0.51605917  0.3025809   0.10067893]
[-0.32088276 -0.11775272 -0.9806856  -1.59842293 -0.81246779]
[-0.48814728  0.76787611 -1.22082514 -1.56593184 -1.13688951]
[-0.48814728  0.76787611 -0.2704523   0.20778014  0.20941401]
[-0.6554118   0.76787611 -0.84317182 -0.10618157 -0.2148049 ]
[-0.90630858  0.76787611 -1.4914223  -1.69905459 -2.0767377 ]
[-0.57177954  0.76787611 -0.93199193 -0.1161103  -0.27913935]
[-0.57177954  0.76787611 -1.12869738 -1.53611325 -0.94090439]
[-0.48814728  0.76787611 -0.65005217  0.02697357 -0.04216306]
[-0.57177954  0.76787611 -1.18152027 -1.5379921  -1.01348239]
[ 0.01364628  0.76787611 -0.13227132  0.11221813  0.22234454]
[-0.82267632  0.76787611 -1.35352503 -1.67087189 -1.54053362]
[-0.32088276 -0.11775272 -0.19133483  0.04696061  0.19292375]
[0.01364628 0.76787611 0.30005343 0.62378265 0.48995789]
[-0.48814728  0.76787611 -0.28593033  0.18925083  0.19578277]
[-0.73904406  0.76787611 -1.28662389 -1.56589945 -1.22813048]
[-0.48814728  0.76787611 -1.232134   -1.56593184 -1.15153603]
[-0.40451502  0.76787611 -0.55890855 -0.06719551 -0.03522405]
[-0.40451502  0.76787611 -0.72498134 -0.07409541 -0.12975268]
[-0.2372505   0.76787611 -0.07537098  0.38800362  0.30900234]
[-0.32088276  0.76787611 -0.11548185  0.28646493  0.28865608]
[-0.32088276  0.76787611 -0.1037297   0.23996348  0.28128356]
[-0.73904406  0.76787611 -1.46735455 -1.67841967 -1.90655815]
[ 0.5990721  -0.18587802  0.68102696  0.73618949  0.61770982]
[0.43180758 0.22879769 0.81785604 0.70011888 0.65654442]
[-0.57177954  0.76787611 -0.37386068  0.14828874  0.14036613]
[-0.15361824 -0.00704912 -0.08110792  0.4311523   0.31185865]
[-0.48814728 -1.13963215 -0.39110778 -0.0013711   0.08522805]
[0.26454306 0.76787611 0.42692179 0.67167703 0.54108682]
[0.43180758 0.22879769 0.54288861 0.43243186 0.537097  ]
[-0.2372505   0.76787611 -0.11687901  0.45645194  0.30220355]
[-0.06998598  0.76787611  0.44886915  0.72093196  0.55645565]
[-0.40451502  0.76787611 -1.06366554 -1.43101123 -0.76165919]
[ 0.26454306  0.76787611 -0.15194027  0.15638721  0.22353987]
[-0.2372505   0.76787611 -0.16174413  0.17851225  0.23621887]
[-0.2372505  -0.0587108   0.17360212  0.5757101   0.44500058]
[-0.57177954  0.76787611 -0.34362209  0.1463775   0.15166393]
[-0.40451502  0.76787611 -0.24370444  0.18257768  0.21001951]
[-0.40451502 -0.18587802  0.24265274  0.59112959  0.46658327]
[-0.48814728  0.76787611 -1.33050074 -1.67220004 -1.51696569]
[-0.32088276  0.76787611 -0.65121267  0.00523726 -0.05081428]
[0.01364628 0.76787611 0.24813858 0.46166736 0.43466929]
[-0.15361824 -0.00704912  0.39019945  0.60606318  0.51569975]
[-0.15361824  0.76787611 -0.74213588 -1.22636275 -0.39109334]
[ 0.01364628 -0.53726112 -0.06793153  0.09490358  0.24147141]
[0.51543984 0.76787611 0.54420976 0.4263904  0.53125531]
[-0.15361824 -0.69080668 -0.13084142  0.44215003  0.29440666]
[ 0.76633662 -0.51475875  0.88965861  0.77421994  0.68300523]
[-0.2372505   0.76787611 -0.01217934  0.45661391  0.34809325]
[-0.40451502 -1.00338156  0.13946625  0.6128983   0.44181727]
[ 0.43180758 -2.53847154  0.76673427  0.69610204  0.63493779]
[ 1.0172334  -0.03204671  0.89213956  0.53908879  0.65138882]
[0.43180758 0.76787611 0.55720224 0.52055948 0.53616625]
[ 0.84996888 -1.48645183  1.08577874  0.82605018  0.73639848]
[-0.2372505  -0.78197435 -0.111771    0.34271695  0.27191448]
[ 0.5990721  -0.60976874  0.87467346  0.77583963  0.67675415]
[ 0.84996888 -1.16943697  0.86519715  0.78434303  0.67561398]
[ 0.93360114 -0.43200812  0.63684865  0.61459898  0.57640226]
[0.1809108  0.14793593 0.37345985 0.65873567 0.52020611]
[-0.57177954  0.76787611 -0.20825695  0.24354301  0.24635581]
[-0.40451502  0.76787611 -0.3972853   0.30486467  0.14512191]
[0.26454306 0.17745689 0.06909944 0.47828543 0.37496827]
[0.01364628 0.07905369 0.28427412 0.60356885 0.47980799]
[ 0.26454306  0.76787611  0.28121871 -1.02028893  0.27395555]
[ 0.26454306 -0.35928786  0.04887255  0.39998937  0.34929015]
[0.68270436 0.29099905 0.31676785 0.22107784 0.40952211]
[0.43180758 0.76787611 0.11564706 0.18520159 0.32901704]
[-0.48814728  0.76787611 -0.7168112  -0.09223599 -0.13420427]
[ 6.53696255 -4.3148633   2.92808734  1.14705757  1.10668419]
[-0.48814728 -0.26535753 -0.26072108  0.35457311  0.22436819]
[-0.40451502  0.76787611  0.05489601  0.48824656  0.38159416]
[-0.73904406  0.76787611 -1.05226792 -1.50896716 -0.80282775]
[-0.73904406  0.76787611 -1.41841214 -1.67642745 -1.74493274]
[ 0.26454306  0.17745689 -0.40037479 -1.3243867  -0.16470911]
[-0.57177954  0.76787611 -0.52301922  0.04726835  0.03354643]
[-0.2372505  -0.78197435 -0.70852647 -1.12422477 -0.30696791]
[-0.32088276  0.76787611 -0.25233754  0.1899149   0.20155683]
[-0.15361824  0.76787611  0.40337793  0.71579753  0.54767347]
[-0.48814728  0.76787611 -0.38319217  0.14700918  0.13481011]
[-0.2372505   0.76787611 -0.53677196 -0.03650228 -0.007311  ]
[-0.32088276  0.76787611 -0.50918564  0.01229913  0.01996332]
[-0.15361824  0.76787611  0.16709217  0.16286599  0.35723417]
[-0.06998598  0.03853472 -0.1216496   0.18800366  0.25298062]
[-0.40451502  0.76787611 -0.35677264  0.05753722  0.1174745 ]
[-0.2372505   0.76787611 -0.11056685  0.21892364  0.27653987]
[0.34817532 0.76787611 0.1178127  0.19668523 0.33630127]
[-1.53618241e-01  7.67876114e-01 -1.82992944e-04  2.02143602e-01  3.00087942e-01]
[ 0.93360114 -1.11073051  0.98215226  0.8152954   0.71195145]
[-0.48814728  0.76787611 -0.36840742  0.03615724  0.10622816]
[-0.06998598 -0.60976874  0.4802575   0.75575541  0.57510509]
[-0.32088276  0.76787611  0.00364329  0.27924109  0.32968095]
[ 1.0172334  -1.64300239  0.55859379  0.65512375  0.56616291]
[0.43180758 0.76787611 0.07679451 0.16357866 0.30913092]
[0.43180758 0.76787611 0.36962409 0.32179048 0.45739333]
[ 0.51543984 -1.0689837   0.42710975  0.23170304  0.45329692]
[-0.57177954  0.76787611 -0.52802983  0.01825961  0.01943757]
[-0.06998598  0.76787611  0.19999448  0.59618304  0.45316428]
[-0.82267632  0.76787611 -0.56624212  0.29866124  0.07695473]
[-0.06998598  0.03853472  0.40487529  0.68539585  0.53489142]
[-0.40451502 -0.18587802 -0.41431397  0.14592398  0.12148393]
[0.01364628 0.76787611 0.23968033 0.52117496 0.45001879]
[ 0.84996888 -0.0872138   0.48667402  0.31822715  0.49186416]
[ 1.10086566 -1.29859117  1.38093179  0.94927659  0.82868799]
[ 1.10086566 -0.35928786  0.56962112  0.52862556  0.53637377]
[-0.48814728  0.76787611 -0.193315    0.15761818  0.22260128]
[-0.32088276 -0.11775272 -0.14229698  0.19226346  0.25410109]
[ 0.51543984 -1.79739362  0.61983098  0.73035859  0.59943325]
[-0.48814728  0.76787611 -1.2081525  -1.56040868 -1.10262794]
[-0.57177954 -0.35928786 -0.40283975  0.31892362  0.15550114]
[ 0.26454306 -2.09338628 -0.55144624 -0.07738339 -0.05000498]
[0.76633662 0.30866116 0.95465657 0.77285939 0.6958627 ]
[-0.57177954  0.76787611 -0.6937816  -0.0528774  -0.09191094]
[-0.40451502  0.76787611 -1.3806264  -1.6702726  -1.64210488]
[-0.40451502  0.76787611 -0.23163286  0.22349118  0.22662026]
[-0.73904406 -0.60976874 -0.7361948  -0.06261177 -0.12309585]
[-0.32088276  0.76787611 -0.6429268  -0.06264416 -0.07467242]
[-0.6554118   0.76787611 -0.83643576 -0.10504778 -0.20944506]
[-0.2372505   0.76787611 -1.1151707  -1.54403356 -0.94536961]
[-0.06998598 -0.60976874 -0.03884886  0.2000056   0.29326944]
[-0.57177954  0.76787611 -1.23521491 -1.56071642 -1.1382333 ]
[-0.98994084  0.76787611 -0.99251492 -0.11700113 -0.31222589]
[-0.48814728  0.76787611 -0.16766537  0.35337454  0.26140506]
[ 0.09727854 -1.00338156 -0.25948265  0.16570046  0.18632364]
[-0.32088276  0.76787611 -0.57951041 -0.04550779 -0.02945846]
[-0.40451502  0.76787611 -0.37365439  0.05154435  0.10610043]
[-0.32088276  0.76787611 -0.38424842  0.05316404  0.09475424]
[-0.2372505   0.76787611 -0.08676514  0.4492443   0.31911706]
[-0.40451502  0.76787611 -0.3406395   0.07490035  0.12869861]
