[-0.48814728  0.76787611 -0.36607463 -1.12568659 -0.06764456]
[-0.06998598 -1.18982974 -0.48001926 -1.16220519 -0.17297959]
[-0.40451502  0.76787611 -1.08897442 -1.62270277 -0.997295  ]
[-0.40451502  0.76787611 -0.58751435 -1.19308348 -0.24497787]
[-0.6554118   0.76787611 -1.07774549 -1.34699693 -0.7706804 ]
[-0.2372505  -0.0587108  -0.80526839 -1.42290207 -0.52113583]
[-0.57177954 -0.35928786 -1.26138807 -1.68426815 -1.3948017 ]
[-0.48814728  0.76787611 -1.01817934 -1.44871365 -0.74496361]
[-0.06998598  0.03853472 -0.42314068 -1.22396177 -0.15922264]
[-0.6554118   0.76787611 -1.17657407 -1.49842483 -1.00429785]
[-0.2372505   0.76787611 -0.86471078 -1.61438571 -0.72490277]
[-0.57177954 -0.35928786 -0.47281576 -1.13429045 -0.13757294]
[-0.2372505   0.76787611 -1.17209671 -1.66677364 -1.20993281]
[-0.2372505  -0.0587108  -0.76396802 -1.5784407  -0.58120402]
[-0.2372505  -0.0587108  -0.84791646 -1.35292403 -0.52319245]
[-0.32088276  0.76787611 -0.77578787 -1.48637942 -0.537045  ]
[-0.48814728  0.76787611 -1.06392654 -1.61256934 -0.94041013]
[ 1.35176244  0.05937304  0.69731047 -0.95141067  0.40740622]
[-0.2372505   0.76787611 -0.72972069 -1.47739317 -0.48381631]
[-0.57177954  0.76787611 -1.32839884 -1.68933487 -1.56787509]
[-0.40451502  0.76787611 -0.58728433 -1.16927947 -0.22583874]
[-0.40451502  0.76787611 -0.78872346 -1.34518056 -0.46199281]
[-0.57177954  0.76787611 -0.95688975 -1.55693106 -0.7412407 ]
[-0.2372505   0.76787611 -0.87245842 -1.44622809 -0.61483843]
[-0.15361824  0.76787611 -0.88638938 -1.54794481 -0.67434045]
[-0.2372505   0.76787611 -0.56593221 -1.39938486 -0.32474842]
[-0.48814728  0.76787611 -0.53592928 -1.18639159 -0.20529173]
[-0.2372505  -0.0587108  -0.7439116  -1.38992062 -0.44395691]
[-0.73904406  0.76787611 -1.22601209 -1.66237611 -1.25163092]
[-0.2372505   0.76787611 -0.52173077 -1.23428639 -0.22350591]
[-0.6554118   0.76787611 -0.63978711 -1.17874371 -0.25988794]
[-0.57177954 -0.35928786 -0.57624549 -1.52356721 -0.36088266]
[-0.73904406  0.76787611 -1.10372093 -1.58388981 -0.9434236 ]
[-0.6554118   0.76787611 -0.7408449  -1.51544134 -0.4843685 ]
[-0.73904406  0.76787611 -1.228283   -1.65989055 -1.25186659]
[-0.2372505   0.76787611 -1.10650442 -1.68579773 -1.152114  ]
[-0.57177954  0.76787611 -0.50289415 -1.05647334 -0.11576777]
[-0.48814728  0.76787611 -1.08394954 -1.65272067 -1.02562966]
[-0.57177954 -0.35928786 -1.08087423 -1.60941459 -0.95513972]
[ 0.01364628  0.76787611  0.28584737 -1.18218526  0.23552022]
[-0.40451502  0.76787611 -0.72605243 -1.379118   -0.41967435]
[-0.40451502 -1.00338156 -0.81747175 -1.46573017 -0.53911418]
[-0.2372505   0.76787611 -0.27852047 -1.34460697 -0.0866092 ]
[-0.40451502  0.76787611 -0.59356047 -1.30818397 -0.28467769]
[-0.32088276 -0.11775272 -0.18259998 -1.28351958 -0.01541739]
[-0.40451502  0.76787611 -0.98900541 -1.42672601 -0.70072338]
[-0.40451502  0.76787611 -0.89281634 -1.54698882 -0.67471807]
[-0.32088276  0.76787611 -0.73315663 -1.27099619 -0.39703076]
[-0.15361824 -0.00704912 -0.25526141 -1.20713644 -0.05369663]
[-0.57177954  0.76787611 -1.13026055 -1.62184238 -1.04420379]
[-0.48814728  0.76787611 -0.53039428 -1.04739149 -0.14521627]
[-0.32088276 -0.11775272 -0.23136527 -0.90227309  0.07044227]
[ 0.09727854  0.76787611  0.20336118 -0.92148837  0.2530514 ]
[-0.40451502 -0.18587802 -0.38312247 -1.03343412 -0.05221932]
[-0.32088276  0.76787611 -0.70108108 -1.42538763 -0.43416372]
[-0.15361824  0.76787611 -0.86342766 -1.55645307 -0.66300236]
[-0.57177954 -0.35928786 -0.84501925 -1.28313719 -0.48919267]
[-0.32088276  0.76787611 -1.0255309  -1.59918556 -0.88574923]
[-0.73904406  0.76787611 -1.13724869 -1.62031281 -1.04480208]
[-0.06998598  0.76787611  0.17734062 -0.92014999  0.25248421]
[-0.82267632 -1.9874136  -1.25412731 -1.63541736 -1.25456481]
[-0.40451502  0.76787611 -0.89308001 -1.48867379 -0.63515458]
[-0.32088276  0.76787611 -1.21938539 -1.63149782 -1.23260062]
[-0.82267632  0.76787611 -1.53560661 -1.71103571 -2.43550193]
[-0.06998598 -1.71188463 -0.70484318 -1.41009189 -0.43431681]
[-0.40451502  0.76787611 -0.42874503 -1.05513496 -0.08031006]
[ 0.1809108   0.14793593  0.13395658 -1.05915009  0.18818896]
[-0.40451502  0.76787611 -1.24712351 -1.63541736 -1.29154077]
[-0.15361824  0.76787611 -1.01938682 -1.61276053 -0.9108154 ]
[-0.40451502  0.76787611 -0.61245307 -1.20235652 -0.26542805]
[-0.57177954  0.76787611 -1.35934079 -1.67336993 -1.59857138]
[-0.57177954  0.76787611 -0.54324709 -1.13639361 -0.17513129]
[-0.2372505  -0.0587108  -0.58266637 -1.3667858  -0.30461911]
[-0.2372505  -0.0587108  -0.42345261 -1.18266325 -0.135965  ]
[-0.40451502  0.76787611 -1.13764283 -1.59746479 -1.03004302]
[-0.32088276 -3.95547768 -0.16047274 -0.94863832  0.09511955]
[-0.40451502  0.76787611 -0.84762987 -1.53943655 -0.62306569]
[-0.2372505   0.76787611 -1.01850762 -1.47720198 -0.78947034]
[-0.40451502  0.76787611 -0.5119683  -1.18094248 -0.18610957]
[-0.40451502  0.76787611 -1.0499933  -1.6145769  -0.92612652]
[-0.32088276 -0.11775272 -0.78721179 -1.31181671 -0.47003024]
[-0.32088276  0.76787611 -1.39280405 -1.7056822  -1.84526729]
[-0.15361824  0.76787611 -0.20058582 -0.95255785  0.06194886]
[-0.48814728  0.76787611 -0.51107508 -1.17491978 -0.18004453]
[-0.40451502  0.76787611 -0.93352195 -1.6089366  -0.78406095]
[-0.6554118  -0.47200426 -0.84813598 -1.2578992  -0.47284521]
[-0.32088276  0.76787611 -0.61801244 -1.32606088 -0.31981285]
[-0.2372505  -0.0587108  -0.68119945 -1.31411107 -0.3578724 ]
[-0.40451502  0.76787611 -0.87029938 -1.53207547 -0.63392108]
[-0.48814728  0.76787611 -0.63890151 -1.21832146 -0.28638857]
[-0.57177954 -0.35928786 -0.94358919 -1.26573827 -0.56314442]
[-0.2372505   0.76787611 -0.40615548 -1.06249604 -0.08504588]
[-0.57177954  0.76787611 -1.22605376 -1.67623788 -1.30869141]
[-0.48814728  0.76787611 -0.53921242 -1.11211162 -0.17498563]
[-0.06998598 -0.60976874 -0.36086882 -1.33323076 -0.13970332]
[-0.48814728  0.76787611 -0.57883166 -1.18247205 -0.22554214]
[-0.73904406  0.76787611 -1.26181202 -1.5662997  -1.20125909]
[ 2.10445278 -1.9874136   1.41248079 -0.77149445  0.64795258]
[-0.06998598  0.03853472 -0.75129545 -1.54364288 -0.54461518]
[-0.06998598  0.76787611 -0.91986384 -1.62576192 -0.80606675]
[-0.40451502  0.76787611 -0.53653716 -1.36783739 -0.26922267]
[-0.2372505   0.76787611 -0.87948321 -1.5783451  -0.69435316]
[-0.40451502  0.76787611 -0.93376727 -1.55664426 -0.72906612]
[-0.57177954 -0.35928786 -0.86532272 -1.40751073 -0.55030443]
[-0.40451502  0.76787611 -1.01648005 -1.58073506 -0.84807883]
[-0.32088276  0.76787611 -0.95744584 -1.60090633 -0.80854263]
[-0.48814728  0.76787611 -0.81527375 -1.4213725  -0.52163254]
[-0.40451502  0.76787611 -1.0163494  -1.53848056 -0.8241395 ]
[-0.2372505   0.76787611 -1.00424276 -1.53762018 -0.81159955]
[-0.57177954  0.76787611 -1.15988558 -1.65147789 -1.14059212]
[-0.32088276  0.76787611 -0.2476281  -1.34412898 -0.08022043]
[-0.48814728  0.76787611 -1.03861821 -1.61037057 -0.89939003]
[-0.73904406  0.76787611 -1.44294777 -1.70463061 -1.96545871]
[-0.40451502  0.76787611 -0.36150172 -1.125113   -0.06750354]
[-0.2372505   0.76787611 -1.21250978 -1.68493734 -1.32693838]
[-0.48814728 -1.13963215 -1.01463003 -1.51047023 -0.78924312]
[-0.57177954  0.76787611 -1.34973081 -1.68971726 -1.62402283]
[-0.57177954  0.76787611 -0.80862875 -1.52939871 -0.55638129]
[-0.48814728  0.76787611 -0.49364925 -1.21612269 -0.1854926 ]
[-0.06998598  0.76787611  0.12505057 -0.93697531  0.22807919]
[-0.15361824  0.76787611 -0.09481426 -0.98123738  0.10129093]
[ 0.01364628  0.76787611  0.0025959  -1.11784752  0.12584205]
[-0.40451502  0.76787611 -1.03672677 -1.60463467 -0.89924305]
[-0.2372505   0.76787611 -0.59154921 -1.43389589 -0.33281124]
[-0.32088276  0.76787611 -0.25288685 -1.02549945  0.02722754]
[-0.32088276  0.76787611 -0.51370924 -1.16899267 -0.19223884]
[-0.6554118   0.76787611 -1.30581014 -1.66744283 -1.44436407]
[-0.48814728  0.76787611 -1.21515992 -1.65071311 -1.25045768]
[-0.57177954  0.76787611 -1.01169574 -1.62404115 -0.88478883]
[-0.48814728  0.76787611 -1.11132036 -1.60645104 -0.99908767]
[-0.6554118   0.76787611 -1.07618574 -1.60004594 -0.92808694]
[ 0.1809108  -0.41296233 -0.51767833 -1.31535385 -0.26190413]
[-0.32088276  0.76787611 -0.93447672 -1.44670608 -0.66699524]
[-0.57177954  0.76787611 -1.20219724 -1.67174476 -1.24912763]
[-0.40451502  0.76787611 -1.20550691 -1.6392413  -1.21328278]
[-0.40451502  0.76787611 -0.82089928 -1.49861602 -0.57500346]
[-0.32088276  0.76787611 -0.45661175 -1.17004426 -0.14861835]
[-0.15361824 -0.00704912 -0.20603227 -1.29040267 -0.03657769]
[-0.32088276  0.76787611 -0.70728284 -1.37357329 -0.40352102]
[-0.40451502  0.76787611 -0.84314673 -1.32414891 -0.53161119]
[ 0.01364628  0.76787611  0.03478916 -1.02798501  0.15248915]
[-0.06998598  0.76787611 -0.27946246 -1.14509307 -0.03870789]
[-0.40451502  0.76787611 -0.9650178  -1.47395163 -0.72028098]
[-0.32088276 -0.11775272 -0.35382125 -1.24967774 -0.10547398]
[-0.40451502  0.76787611 -1.28999914 -1.68962166 -1.48851933]
[-0.32088276 -0.88529771  0.01021341 -0.86565889  0.19350842]
[-0.73904406  0.76787611 -1.28478145 -1.64927913 -1.35555094]
[-0.57177954  0.76787611 -1.09359045 -1.60931899 -0.96976859]
[-0.57177954  0.76787611 -0.12813343 -0.92024559  0.12698868]
