[ 0.5990721  -1.36984866  0.55782662  0.40186392  0.5450659 ]
[ 0.51543984  0.76787611  0.49711922 -0.03784781  0.45492566]
[ 0.1809108  -0.92286985  0.8090242   0.6815182   0.65656908]
[ 0.43180758 -2.83177658  1.31689691  0.93293079  0.82430518]
[-0.48814728  0.76787611 -0.27555951 -0.09526618  0.16503326]
[ 4.86431736 -6.25572368  3.15878597  1.14940785  1.15273456]
[ 4.11162702 -4.05388089  3.68416199  1.84609975  1.28967433]
[-0.32088276  0.76787611  0.21178     0.27249194  0.43513701]
[ 1.26813018 -0.9076379   1.06333013  0.41214908  0.67186838]
[-0.57177954  0.76787611 -0.61077818 -0.39965584 -0.11307899]
[ 0.68270436 -1.29859117  0.62966444  0.40560398  0.56461011]
[ 0.1809108  -1.81520799  0.73265526  0.96229874  0.67309107]
[ 1.26813018 -0.9076379   1.57740624  1.03667488  0.88682309]
[ 0.09727854 -1.48645183  0.39264955  0.61421842  0.53306923]
[ 1.853556   -2.14948947  0.93610801 -0.40469217  0.56804725]
[ 2.35534956 -1.48645183  1.55631275  0.52874961  0.80108501]
[ 2.02082052 -1.25641837  1.98939197  0.89268267  0.95229133]
[ 0.51543984 -1.0689837   1.06371437  0.88705134  0.76281929]
[ 2.35534956 -1.84239835  2.51568723  1.55601157  1.10090925]
[ 1.35176244 -1.13963215  1.67365227  1.09345574  0.91172736]
[ 5.6170077  -3.2989315   4.24045365  1.99157948  1.37178906]
[ 3.86073024 -4.3982921   3.67932159  1.92247342  1.30295267]
[ 1.0172334  -0.73500918  1.32299421  1.27153347  0.84791437]
[ 4.19525928 -3.86719069  3.70009137  1.91643833  1.30069896]
[ 5.28247866 -4.39075025  3.36041724  1.72624792  1.23067192]
[ 0.01364628 -2.05003382  0.65203166  0.58176917  0.60820714]
[-0.15361824 -1.84239835  0.93408093  0.90630413  0.73756779]
[0.5990721  0.76787611 0.86291326 0.61268839 0.67256225]
[ 0.76633662 -0.51475875  0.96778727  0.38246237  0.6693587 ]
[-0.6554118   0.76787611 -0.80020576 -1.0579059  -0.360152  ]
[-0.40451502 -0.18587802 -0.48869014 -0.97194834 -0.11192575]
[ 0.68270436 -1.29859117  0.9360151   0.55036119  0.66775785]
[-0.06998598  0.76787611 -0.19389632 -0.17591117  0.18067837]
[ 0.5990721  -2.03185376  1.60183615  1.06931538  0.90183693]
[ 1.76992374 -1.81520799  2.09188314  1.22675903  1.00809968]
[ 2.02082052 -1.66326187  2.00276785  1.05573642  0.97048191]
[ 1.26813018 -1.71188463  1.25031575  0.78511353  0.77672416]
[ 0.68270436 -2.23789448  1.37550654  0.61256089  0.80899511]
[ 0.84996888 -0.0872138   1.3509716   0.98556785  0.83163388]
[ 0.76633662 -1.23193094  1.24655219  0.91219047  0.80340696]
[ 0.5990721  -1.00338156  1.18376212  0.82661541  0.77484338]
[ 0.93360114 -1.42014807  1.78277668  1.37929387  0.95967057]
[ 0.1809108  -2.20783678  0.75599881  0.97696146  0.68953962]
[ 0.01364628 -0.53726112  0.5221285   0.48129763  0.55507108]
[ 0.5990721  -1.00338156  0.35376187  0.36318833  0.46697111]
[0.68270436 0.29099905 0.6380626  0.41023655 0.56734121]
[-0.2372505   0.76787611  0.06562102  0.2863259   0.36599861]
[ 0.68270436  0.29099905  0.14335119 -0.96380947  0.20566518]
[ 0.1809108   0.14793593  0.55694434 -0.03665779  0.52352391]
[ 1.0172334  -0.73500918  0.83868739  0.49105153  0.63426445]
[ 0.93360114 -1.11073051  1.5818369   1.31156908  0.9071068 ]
[0.76633662 0.30866116 0.45983147 0.32763653 0.48450339]
[ 0.1809108  -3.21745365  0.23013828  0.32289771  0.42348394]
[-0.6554118   0.76787611 -0.12773595  0.211291    0.28000305]
[-0.48814728  0.76787611 -0.68894757 -0.42243619 -0.17576487]
[ 0.34817532 -1.21593248  0.70537485  0.39551007  0.6002568 ]
[ 3.77709798 -4.44657405  3.39952361  1.72051033  1.24256228]
[ 0.34817532 -0.31028073  0.65238973  0.19671328  0.55972563]
[0.51543984 0.76787611 1.05234946 0.85018202 0.7466729 ]
[-0.40451502  0.76787611 -0.3215542  -0.28456408  0.08557375]
[-0.40451502  0.76787611 -0.08983307  0.26163302  0.31012944]
[-0.06998598  0.76787611  0.19192637  0.35838575  0.41673507]
[0.1809108  0.14793593 0.71039415 0.80778763 0.65754028]
[ 0.51543984 -1.44619598  0.99570038  0.95044106  0.75238418]
[ 0.1809108  -0.92286985  1.05208406  1.01493579  0.76689906]
[0.26454306 0.76787611 0.82039714 0.66955426 0.67197018]
[0.09727854 0.1153075  0.83311148 0.65610281 0.6733071 ]
[ 0.01364628 -1.59380078 -0.44565503 -0.27353516  0.01309833]
[-0.57177954 -3.88167528 -0.65827767 -0.37098915 -0.12792173]
[ 3.5262012  -3.84869974  3.10930031  1.27421101  1.17250161]
[-0.73904406  0.76787611 -0.36609227 -0.24533598  0.08011133]
[ 4.44615606 -4.57469784  3.45576882  1.69851625  1.24363788]
[ 9.88225295 -5.06685504  4.7486509   1.99782708  1.41558775]
[0.34817532 0.20429413 1.01052593 1.18262211 0.77582232]
[0.01364628 0.76787611 0.764984   0.93229328 0.68278237]
[ 1.60265922 -2.70378893  1.70579437  0.9272357   0.89564232]
[ 4.94794962 -4.21117105  3.71428608  1.87939901  1.29899465]
[ 0.93360114 -1.71188463  1.65634426  1.29811762  0.92681165]
[ 1.26813018 -0.9076379   1.89015453  1.24707434  0.98287119]
[ 0.01364628 -2.05003382  0.82104377  0.63455498  0.66614042]
[ 0.5990721  -1.00338156  1.56238968  1.29614134  0.91953859]
[0.34817532 0.76787611 0.50504503 0.23339134 0.51175341]
[ 0.84996888 -0.83196953  1.13690784  0.83879185  0.7648057 ]
[ 1.35176244 -2.33182481  1.66023159  1.028536    0.90156771]
[-0.32088276 -0.88529771 -0.09574097  0.15980147  0.26833499]
[1.18449792 0.01643346 2.07168047 1.51620971 1.04088833]
[ 0.76633662 -0.88529771  0.41054876 -0.66717618  0.37253886]
[ 0.84996888 -1.48645183  0.99298215  0.80281505  0.7186056 ]
[0.43180758 0.22879769 0.7577379  0.7308402  0.66408958]
[ 0.34817532 -1.61650922  0.82178397  0.60255199  0.66145879]
[-0.32088276 -0.11775272 -0.02707993  0.30470743  0.33652938]
[ 0.01364628 -1.09194444 -0.1281218  -0.1880876   0.18027608]
[0.68270436 0.29099905 0.63921055 0.49793664 0.58663485]
[0.09727854 0.1153075  0.14168852 0.26016675 0.37543035]
[-0.40451502  0.76787611 -0.70292124 -0.41467982 -0.17906688]
[0.5990721  0.76787611 0.65172123 0.2731082  0.56364081]
[ 1.35176244 -2.11556661  2.37985264  1.70338257  1.10488644]
[ 2.35534956 -1.48645183  3.04902628  1.89631427  1.22236727]
[ 1.18449792 -1.77546824  1.88467417  1.52823739  0.99700822]
[ 1.93718826 -1.07875423  2.37202225  1.58684579  1.08690131]
[0.5990721  0.27192397 0.511396   0.42500552 0.52959171]
[-0.40451502 -2.33182481 -0.23469091  0.15810144  0.21792593]
[0.76633662 0.30866116 0.45983147 0.32763653 0.48450339]
[ 1.60265922 -4.19164537  2.4116367   1.28526118  1.07358866]
[ 1.0172334  -1.05547737  0.8427835   0.66978802  0.65468873]
[0.26454306 0.76787611 0.65852507 0.6721043  0.61697815]
[-0.06998598 -1.18982974  0.61591768  0.39202502  0.58116016]
[ 0.01364628 -1.09194444 -0.06591946  0.23997894  0.3020964 ]
[-0.06998598  0.03853472  0.05467514  0.10053431  0.3381327 ]
