[ 0.01364628 -1.59380078  0.53556626 -0.37252106  0.45270645]
[ 0.51543984 -0.66275508  2.30419007  0.77612433  1.03947646]
[ 0.34817532 -1.61650922  2.15930929  0.73975177  1.0098439 ]
[-0.15361824  0.76787611  1.0046326   0.41530855  0.71963913]
[-0.40451502  0.76787611  0.40452721 -0.00588567  0.48415378]
[0.09727854 0.1153075  0.80732887 0.02321238 0.59970712]
[ 0.43180758 -0.26535753  1.62550837  0.6306341   0.88169511]
[0.1809108  0.76787611 1.37287619 0.60662821 0.82820781]
[ 0.01364628 -1.09194444  1.20933146  0.36947913  0.76650967]
[ 0.01364628 -1.59380078  1.28177185  0.3803909   0.78572564]
[-0.73904406  0.76787611 -0.27099699 -0.48600344  0.13398975]
[-0.06998598  0.76787611  0.72981287  0.06394964  0.59854021]
[-0.15361824  0.76787611  0.30791652 -0.48382108  0.36800327]
[-0.73904406  0.76787611 -0.55199233 -0.71733291 -0.08803514]
[-0.57177954  0.76787611 -0.06267385 -0.53910737  0.21885974]
[0.01364628 0.07905369 0.74405442 0.09377514 0.59138137]
[-0.6554118   0.76787611 -0.49852336 -1.09633496 -0.13269172]
[-0.40451502 -0.18587802  0.37798293 -0.10554648  0.45850092]
[-0.15361824  0.76787611  0.53005144 -0.30268574  0.46958527]
[-0.57177954  0.76787611 -0.3598084  -1.16908008 -0.06730984]
[-0.32088276  0.76787611  0.07551516 -0.92683884  0.21095518]
[-0.48814728  0.76787611  0.36081452 -0.44162892  0.42350056]
[-0.2372505   0.76787611  0.02332612 -0.79735253  0.20979298]
[-0.2372505   0.76787611 -0.2591266  -1.1821742  -0.03529117]
[-0.06998598  0.76787611 -0.10465989 -1.23164088  0.02438671]
[-0.57177954  0.76787611  0.25474792 -0.45326813  0.38552638]
[-0.6554118   0.76787611 -0.5488732  -1.10215457 -0.16650881]
[-0.32088276  0.76787611 -0.66616357 -1.32984678 -0.37087197]
[-0.40451502  0.76787611 -0.48948635 -1.29201932 -0.21484048]
[-0.40451502 -0.18587802 -0.27492681 -1.02286239  0.0061526 ]
[ 0.09727854  0.76787611  0.7010675  -0.246672    0.52950488]
[-0.15361824 -0.69080668  0.43262196 -0.27431515  0.44228804]
[-0.06998598  0.76787611  1.04489606  0.30182617  0.72016751]
[ 1.26813018 -0.60976874  2.77854281  0.83359297  1.11932371]
[-0.48814728 -0.26535753 -0.21828404 -1.05778005  0.03462368]
[-0.06998598  0.76787611 -0.17613642 -0.85045647  0.07473821]
[-0.40451502  0.76787611 -0.16216932 -0.92029178  0.10017103]
[ 0.34817532 -1.61650922  1.40240106  0.17670457  0.78721151]
[0.26454306 0.76787611 1.51395924 0.42331051 0.84133684]
[0.09727854 0.1153075  1.33623574 0.55570663 0.81613469]
[0.76633662 0.30866116 2.2882075  0.86341847 1.03933219]
[-0.2372505   0.76787611  0.12753239 -0.46054265  0.28631104]
[-0.40451502  0.76787611 -0.14152806 -0.7769839   0.13713107]
[-0.6554118   0.76787611 -0.75474469 -1.32402717 -0.4161633 ]
