[-0.90630858  0.76787611 -1.2845452  -1.58573088 -1.23973499]
[-0.82267632  0.76787611 -1.19788988 -1.55438755 -1.04488213]
[-0.98994084  0.76787611 -1.27873771 -1.57601475 -1.19860525]
[-0.6554118  -0.47200426 -0.74004686 -0.75230846 -0.23083202]
[-1.0735731   0.76787611 -1.42212709 -1.59495365 -1.53091048]
[-0.6554118   0.76787611 -1.09610484 -1.55996551 -0.91940254]
[-0.73904406 -2.61361581 -0.82099448 -0.82318083 -0.31792511]
[-1.15720536 -2.33182481 -0.81766728 -0.60927494 -0.21722989]
[-0.82267632 -1.9874136  -0.90571407 -0.87499347 -0.41641364]
[-0.6554118  -0.47200426 -1.00915673 -0.89034798 -0.51874411]
[-0.90630858 -1.00338156 -1.05065719 -0.89173743 -0.54908021]
[-0.90630858  0.76787611 -1.27373507 -1.57822982 -1.19810669]
[-0.6554118   0.76787611 -1.46463571 -1.70337156 -2.03428882]
[-0.32088276 -0.11775272 -0.60325285 -0.74746549 -0.14540856]
[-1.0735731   0.76787611 -1.57201095 -1.70079402 -2.47303074]
[-1.0735731   0.76787611 -1.64696902 -1.71357098 -3.44236214]
[-0.48814728 -0.26535753 -0.69795611 -0.76238705 -0.21099163]
[-0.2372505  -0.0587108  -0.22972769 -0.58857405  0.11009377]
[-0.73904406 -1.71188463 -1.10703749 -1.45465878 -0.81972965]
[-0.57177954 -0.35928786 -1.00156555 -0.89216031 -0.51837097]
[-1.15720536  0.76787611 -1.68995953 -1.71460804 -4.69234533]
[-0.57177954  0.76787611 -1.35944193 -1.64483314 -1.50638541]
[-0.57177954  0.76787611 -1.11911324 -1.41812009 -0.86344373]
[-1.0735731   0.76787611 -1.5859631  -1.71118474 -2.72355724]
[-0.82267632  0.76787611 -1.50771028 -1.70850651 -2.2593923 ]
[-0.82267632  0.76787611 -1.1637317  -1.56674163 -1.01824818]
[-0.57177954 -0.35928786 -0.26689167 -0.56470157  0.1134715 ]
[-0.98994084  0.76787611 -1.43431775 -1.64791411 -1.68961968]
[-0.73904406 -0.60976874 -0.38653443 -0.60040457  0.04177038]
[-0.57177954  0.76787611 -0.93562401 -1.44355319 -0.63323597]
[-0.82267632  0.76787611 -1.60198271 -1.7133092  -2.95239616]
[-1.24083762  0.76787611 -1.57959198 -1.69851853 -2.47591758]
[-0.48814728 -0.26535753 -0.77346605 -1.41404233 -0.46182995]
[ 0.09727854 -0.47200426  0.29740639 -0.45045398  0.34778354]
[-0.6554118   0.76787611 -0.81862745 -1.24879765 -0.41269658]
[-1.15720536  0.76787611 -1.66669458 -1.71412475 -3.82774337]
[-0.48814728 -0.26535753 -0.56675919 -0.65222729 -0.07702143]
[-0.6554118  -0.47200426 -1.41331415 -1.69992812 -1.82845316]
[-0.40451502  0.76787611 -1.36386802 -1.68400978 -1.63230337]
[-0.98994084 -1.29859117 -1.15712675 -0.89673142 -0.64530985]
[-1.24083762  0.76787611 -1.6790731  -1.71437646 -4.16713654]
[-0.73904406 -0.60976874 -0.32914472 -0.51684586  0.10178914]
[-0.90630858 -1.00338156 -1.14063562 -0.89644951 -0.63177782]
[-0.90630858  0.76787611 -1.6609854  -1.71448721 -3.81872095]
[-0.82267632  0.76787611 -1.6381819  -1.7138831  -3.37615108]
[-0.73904406 -0.60976874 -0.98204722 -0.85682985 -0.45554572]
[-0.73904406  0.76787611 -1.25722093 -1.57517906 -1.20212139]
[-0.57177954  0.76787611 -1.10214744 -1.51074048 -0.87434143]
[-0.73904406 -0.60976874 -1.30895259 -1.58758349 -1.30351741]
[-0.2372505  -0.78197435 -1.17884623 -1.6395975  -1.17205333]
[-0.98994084  0.76787611 -1.32639605 -1.62129292 -1.34431797]
[-0.82267632  0.76787611 -1.17224272 -1.55013863 -1.00495199]
[-0.90630858  0.76787611 -0.92622872 -1.30068078 -0.54296037]
[-0.57177954  0.76787611 -1.20819664 -1.60753931 -1.13165166]
[-0.6554118  -0.47200426 -0.99312352 -1.45294713 -0.69816566]
[-0.73904406 -0.60976874 -1.30454178 -1.58755328 -1.29672513]
[-0.98994084  0.76787611 -1.63477745 -1.71391331 -3.31926153]
[-0.90630858  0.76787611 -1.30134533 -1.58587184 -1.26549537]
[-0.90630858  0.76787611 -1.02232553 -0.88904914 -0.52218157]
[-0.6554118   0.76787611 -0.66863072 -1.16801785 -0.2660475 ]
[-0.90630858  0.76787611 -1.04959838 -1.30728573 -0.65861273]
[-0.82267632  0.76787611 -1.51240056 -1.70004895 -2.19426767]
[-0.48814728  0.76787611 -0.7214669  -1.27665727 -0.37198272]
[-1.0735731   0.76787611 -1.5537585  -1.6981762  -2.34592041]
[-1.0735731   0.76787611 -1.54681473 -1.69789428 -2.30677808]
[-1.0735731   0.76787611 -1.42212709 -1.59495365 -1.53091048]
[-0.6554118   0.76787611 -1.27591231 -1.57363857 -1.22124626]
[-1.0735731   0.76787611 -1.60023068 -1.70777151 -2.7591696 ]
[-0.90630858  0.76787611 -1.12518199 -1.55303837 -0.93009272]
[-0.82267632  0.76787611 -1.26660998 -1.57844126 -1.19174927]
[-0.98994084  0.76787611 -1.52541259 -1.69682702 -2.19796866]
[-0.98994084  0.76787611 -1.21627441 -1.52892424 -1.02256245]
[-1.0735731   0.76787611 -1.61675352 -1.71055042 -2.96172726]
[-1.0735731   0.76787611 -1.39476703 -1.59442002 -1.47268768]
[-0.6554118   0.76787611 -1.27924651 -1.58527779 -1.24510581]
[-0.98994084  0.76787611 -1.63948647 -1.71394351 -3.37746653]
[-0.98994084  0.76787611 -1.58557738 -1.70662369 -2.64297297]
[-0.98994084  0.76787611 -1.61264092 -1.71239296 -2.99557111]
[-1.0735731   0.76787611 -1.67298945 -1.71438653 -4.03624648]
[-0.73904406  0.76787611 -1.04469157 -0.89228113 -0.548775  ]
[-1.24083762  0.76787611 -1.67986775 -1.71429591 -4.16892387]
[-0.6554118  -0.47200426 -0.99690961 -0.89002578 -0.50708814]
[-0.40451502  0.76787611 -0.89949254 -1.53023315 -0.67287862]
[-0.73904406 -0.60976874 -0.77087908 -0.75807772 -0.25489615]
[-0.82267632  0.76787611 -1.38500303 -1.5790051  -1.43438635]
[-0.6554118   0.76787611 -1.02309804 -1.49976578 -0.75535295]
[-0.73904406  0.76787611 -1.19405782 -1.53225692 -1.0067061 ]
[-0.6554118   0.76787611 -1.02408524 -1.50348107 -0.76617086]
[-0.57177954  0.76787611 -1.15420857 -1.54958486 -0.98970855]
[-0.15361824 -0.00704912 -0.74334079 -0.86510618 -0.31037532]
[-0.90630858  0.76787611 -1.16771295 -1.42123126 -0.92041092]
[-0.57177954 -0.35928786 -1.33371692 -1.68291231 -1.56737051]
[-0.06998598  0.03853472 -0.75646622 -1.57193699 -0.56623358]
[-0.82267632 -0.78197435 -0.93799286 -1.30376174 -0.56083813]
[-0.06998598  0.76787611 -0.13819212 -1.13967494  0.05146485]
[-0.82267632 -0.78197435 -0.70533667 -0.60594226 -0.15634269]
[ 0.01364628 -1.09194444 -0.06027337 -0.41615051  0.22406503]
[-0.98994084 -1.29859117 -0.76250947 -0.60862049 -0.18928762]
[-0.57177954 -2.09338628 -0.39969729 -0.46903042  0.06287773]
[-1.0735731   0.76787611 -1.38272701 -1.57852181 -1.41971445]
[-0.90630858  0.76787611 -1.0114033  -1.30635942 -0.62484322]
[-0.82267632 -0.78197435 -0.49261076 -0.47276584  0.02167964]
[-0.40451502 -1.71188463 -0.5810694  -0.73487983 -0.12973934]
[-0.82267632 -0.78197435 -0.7149616  -0.60667726 -0.16239673]
[-0.57177954 -0.35928786  0.10036964 -0.27600666  0.33939257]
[-0.40451502 -0.18587802 -0.68222804 -0.85327566 -0.2537516 ]
[-0.82267632 -0.78197435 -0.89912334 -0.85473559 -0.39632662]
[-0.48814728 -1.13963215 -0.5532775  -0.56864843 -0.05407896]
[-0.98994084 -1.29859117 -0.78742299 -0.60890241 -0.2020628 ]
[-0.98994084  0.76787611 -1.52318991 -1.69444078 -2.18134197]
[-0.82267632 -0.78197435 -0.35435204 -0.46860754  0.09091617]
[-0.82267632 -0.78197435 -1.05263811 -0.89270401 -0.55493996]
[-0.6554118  -0.47200426 -0.33078767 -0.47642072  0.0915244 ]
[-0.98994084 -1.29859117 -0.9019714  -0.83605847 -0.37945909]
[-0.73904406 -0.60976874 -0.62835117 -0.58997358 -0.1020151 ]
[-1.15720536  0.76787611 -1.65152183 -1.71294673 -3.44716661]
[-1.15720536  0.76787611 -1.56919959 -1.69515564 -2.38967692]
[-0.90630858 -1.00338156 -0.44753911 -0.48565356  0.0385827 ]
[-1.24083762  0.76787611 -1.6566028  -1.71381262 -3.58062366]
[-0.32088276 -0.11775272 -0.29180983 -0.52332999  0.09398766]
[-0.48814728 -1.13963215 -0.35604576 -0.48078039  0.07456328]
[-0.98994084  0.76787611 -1.46993608 -1.68064689 -1.89648492]
[-0.73904406 -0.60976874 -0.52002429 -0.48951987  0.00174146]
[-0.98994084  0.76787611 -1.53287165 -1.694914   -2.23295475]
[-0.90630858 -1.00338156 -0.52284925 -0.48939905  0.00165963]
[-0.82267632  0.76787611 -0.73919181 -1.18158016 -0.31477954]
[-0.90630858 -1.00338156 -0.69634128 -0.59942792 -0.14280781]
[-0.32088276 -3.14753558 -0.55788266 -0.59888422 -0.08024471]
[-0.32088276 -0.88529771 -0.63157193 -1.16363804 -0.24564632]
[-0.73904406 -0.60976874 -0.42947631 -0.5601506   0.01866214]
[-0.90630858  0.76787611 -1.45945171 -1.67369961 -1.8484607 ]
[-0.90630858 -1.00338156 -0.67221238 -0.59527969 -0.12711951]
[-0.82267632 -0.78197435 -0.24818145 -0.42271519  0.15882475]
[-1.0735731   0.76787611 -1.20108169 -1.4075582  -0.92289499]
[-0.90630858 -1.00338156 -0.52603063 -0.5607245  -0.02795911]
[-0.98994084  0.76787611 -1.51849723 -1.70697609 -2.2626875 ]
[-0.57177954  0.76787611 -0.45354242 -0.56047279  0.00199381]
[-0.90630858 -1.00338156 -0.66947441 -0.59508839 -0.125186  ]
[-0.82267632 -1.9874136  -0.89721443 -0.85310449 -0.39136183]
[-0.57177954 -0.35928786 -1.13617954 -1.53139103 -0.93949198]
[-1.0735731   0.76787611 -1.49219541 -1.70152902 -2.08289649]
[-0.73904406  0.76787611 -1.55067546 -1.71139618 -2.53120016]
[-0.48814728 -0.26535753 -0.13410757 -0.41301919  0.20298708]
[-0.57177954  0.76787611 -0.81083213 -1.33972653 -0.47674965]
[-1.24083762  0.76787611 -1.6790731  -1.71437646 -4.16713654]
[-0.98994084  0.76787611 -0.98888446 -1.30392284 -0.59909083]
[-0.40451502  0.76787611 -1.09899735 -1.53593194 -0.90697717]
[-0.82267632 -1.9874136  -0.85287256 -0.85089948 -0.35838153]
[-0.6554118   0.76787611 -1.37240467 -1.68621479 -1.6426424 ]
[-0.57177954  0.76787611 -0.82268736 -1.29328041 -0.46405136]
[-0.73904406  0.76787611 -1.13875492 -1.40759848 -0.86083131]
[-0.40451502  0.76787611 -0.35179908 -0.66819597  0.02553779]
[-0.98994084  0.76787611 -1.46532025 -1.68063682 -1.8838482 ]
[-0.98994084  0.76787611 -1.57357321 -1.71085248 -2.6375776 ]
[-0.40451502  0.76787611 -0.55662291 -1.22554942 -0.224341  ]
[-1.0735731   0.76787611 -1.11737602 -1.3918815  -0.8015146 ]
[-0.40451502 -0.18587802 -0.58525634 -0.80166438 -0.15809468]
[-1.0735731   0.76787611 -1.59951859 -1.71178885 -2.85004522]
[-1.15720536  0.76787611 -1.64541758 -1.71238289 -3.32915089]
[-0.82267632 -0.78197435 -0.52559386 -0.5740653  -0.03631018]
[-0.6554118   0.76787611 -0.5794767  -1.28199359 -0.258505  ]
[-0.90630858  0.76787611 -1.31078299 -1.59114774 -1.30373333]
[-0.40451502  0.76787611 -0.88947692 -1.43290069 -0.58190338]
[-1.15720536  0.76787611 -1.33591049 -1.42708108 -1.14881674]
[-0.57177954 -0.35928786 -0.31597448 -0.62320979  0.06355379]
[-0.6554118   0.76787611 -1.31745111 -1.65639181 -1.42590509]
[-0.48814728 -1.13963215  0.22402867 -0.2911598   0.37627028]
[-1.0735731   0.76787611 -1.31365141 -1.42690991 -1.12023933]
[-1.0735731   0.76787611 -1.61958101 -1.71230234 -3.03823373]
[-0.6554118   0.76787611 -1.35436415 -1.64588026 -1.50568701]
[-0.82267632  0.76787611 -1.14715336 -1.56183826 -0.98462542]
[-0.6554118   0.76787611 -1.04828719 -1.55492118 -0.85461634]
[-0.73904406  0.76787611 -1.12982581 -1.56165703 -0.96531677]
[-0.57177954  0.76787611 -0.98570539 -1.50358175 -0.72844218]
[-0.82267632  0.76787611 -1.44731831 -1.6557877  -1.75053849]
[-0.57177954  0.76787611 -1.12880886 -1.60071285 -0.99685751]
[-0.98994084  0.76787611 -1.64600385 -1.7142053  -3.50246392]
[-0.98994084  0.76787611 -1.44061173 -1.68131141 -1.80121951]
[-0.6554118   0.76787611 -1.11832548 -1.56132476 -0.95120265]
[-0.57177954  0.76787611 -1.10599659 -1.55660262 -0.92864314]
[-0.57177954  0.76787611 -1.1226317  -1.62597478 -1.01959578]
[-0.82267632  0.76787611 -1.56388542 -1.71144652 -2.60810355]
[-0.82267632  0.76787611 -1.16030654 -1.54828602 -0.98565938]
[-0.82267632  0.76787611 -1.35516334 -1.58968781 -1.39514307]
[-0.57177954 -1.29859117 -0.71526091 -0.77218373 -0.21362833]
[-0.57177954  0.76787611 -1.27492195 -1.66223155 -1.36500331]
[-0.73904406  0.76787611 -1.55896223 -1.71052021 -2.55775738]
[-0.73904406  0.76787611 -0.96257995 -0.88221261 -0.46776642]
[-0.73904406 -1.71188463 -1.0344508  -0.89042853 -0.53684775]
[-0.73904406 -0.60976874 -0.68923656 -0.78930023 -0.20868089]
[-0.98994084  0.76787611 -1.65482548 -1.71426571 -3.64931871]
[-0.73904406 -0.60976874 -1.07446486 -0.89470765 -0.57651918]
[-0.82267632  0.76787611 -1.35247658 -1.65615016 -1.48995473]
[-0.73904406 -1.71188463 -1.00742025 -0.88899879 -0.51311251]
[-0.73904406  0.76787611 -0.70583972 -1.22426065 -0.30676962]
[-0.90630858  0.76787611 -1.613945   -1.71286618 -3.03434094]
[-0.6554118  -0.47200426 -0.72430902 -0.80423186 -0.24062543]
[-0.82267632  0.76787611 -1.27137946 -1.62708232 -1.26841725]
[-0.6554118  -0.47200426 -1.02022849 -0.89256305 -0.53048867]
[-0.73904406 -0.60976874 -0.92270172 -0.85723259 -0.41714786]
[-0.6554118  -0.47200426 -0.89196883 -0.86812674 -0.40093076]
[-0.98994084 -1.29859117 -1.15271594 -0.89670122 -0.64189283]
[-0.82267632 -0.78197435 -1.10606405 -0.89612731 -0.60519036]
[-1.24083762  0.76787611 -1.69111165 -1.71456776 -4.69690216]
[-0.90630858 -1.00338156 -1.11128702 -0.89609711 -0.60852302]
[-0.73904406 -0.60976874 -0.96457302 -0.88818324 -0.48114226]
[-0.73904406 -0.60976874 -1.08484986 -0.89508019 -0.58597258]
[-0.6554118  -0.47200426 -0.71279569 -0.7911327  -0.22575565]
[-1.0735731  -1.71188463 -1.15113008 -0.89646964 -0.63864702]
[-0.57177954 -0.35928786 -0.7673075  -0.84460665 -0.29356855]
[-1.0735731   0.76787611 -1.64186379 -1.71290646 -3.3258327 ]
[-0.98994084  0.76787611 -1.62509571 -1.71344009 -3.16681083]
[-0.6554118  -0.47200426 -0.63897324 -0.60024347 -0.11686019]
[-0.6554118  -0.47200426 -0.92259887 -0.85549073 -0.41464378]
[-0.40451502 -0.18587802 -0.72337653 -0.82227466 -0.26162137]
[-0.90630858 -1.00338156 -1.06076323 -0.89071044 -0.55535442]
[-0.82267632 -0.78197435 -1.10658822 -0.89529162 -0.60217828]
[-0.73904406 -0.60976874 -0.97763641 -0.85679964 -0.45274322]
[-0.98994084  0.76787611 -1.67505425 -1.71455769 -4.15804597]
[-0.6554118  -0.47200426 -0.82505563 -0.77142859 -0.29577196]
[-0.6554118  -0.47200426 -1.04693485 -0.89393237 -0.55464801]
[-0.82267632  0.76787611 -0.61951224 -1.20728511 -0.23897893]
[-0.90630858  0.76787611 -1.59991401 -1.71112433 -2.85023755]
[-0.6554118   0.76787611 -0.8067096  -1.24359222 -0.39981008]
[-0.73904406  0.76787611 -1.01645859 -1.57597447 -0.80998331]
[-0.6554118   0.76787611 -1.59710375 -1.71315817 -2.91456417]
[-0.48814728 -1.13963215 -0.92230464 -1.47767543 -0.6356603 ]
[-0.90630858  0.76787611 -1.2708738  -1.58844938 -1.22657369]
[-0.40451502  0.76787611 -1.4124727  -1.68895343 -1.80657741]
[-0.40451502 -0.18587802 -0.61401326 -0.76848858 -0.15713847]
[-0.82267632  0.76787611 -1.04012829 -1.50860595 -0.77808279]
[-0.15361824  0.76787611 -1.08334058 -1.53334432 -0.8851859 ]
[-0.73904406 -0.60976874 -0.936822   -0.85714197 -0.42530991]
[-0.73904406  0.76787611 -1.41177029 -1.67345796 -1.71464458]
[-0.82267632  0.76787611 -1.5142997  -1.70697609 -2.26139191]
[-0.57177954 -0.35928786 -0.85244523 -0.82801372 -0.34665869]
[-0.82267632  0.76787611 -1.39787948 -1.59484289 -1.48831695]
[-0.98994084  0.76787611 -1.46072238 -1.67358885 -1.83759553]
[-0.82267632  0.76787611 -1.33499427 -1.64833698 -1.42812386]
[-1.0735731   0.76787611 -1.66857863 -1.71435632 -3.92410378]
[-0.2372505   0.76787611 -0.28149471 -0.63546319  0.06598028]
[-0.82267632  0.76787611 -1.27539203 -1.57621612 -1.19826587]
[-0.98994084 -1.29859117 -1.14588285 -0.89645957 -0.63520625]
[-0.6554118   0.76787611 -0.72442888 -1.31653871 -0.35555712]
[-0.6554118   0.76787611 -1.1847031  -1.54908143 -1.01995771]
[-0.57177954  0.76787611 -0.92810783 -1.42644676 -0.60500516]
[-0.82267632  0.76787611 -1.33191685 -1.57576303 -1.31883603]
[-1.0735731   0.76787611 -1.61996074 -1.70976508 -2.9637571 ]
[-0.73904406  0.76787611 -0.99240875 -1.5075991  -0.73233169]
[-0.6554118  -0.47200426 -0.78411604 -0.75338579 -0.25538585]
[-0.73904406  0.76787611 -1.44132499 -1.70583835 -1.96348091]
[-1.0735731   0.76787611 -1.42653791 -1.59498385 -1.5395976 ]
[-0.48814728  0.76787611 -1.13849002 -1.56933931 -1.01616026]
[-0.57177954 -0.35928786 -1.11606149 -1.56883589 -0.98667932]
[-0.73904406 -1.71188463 -0.96082489 -0.88709584 -0.47563202]
[-0.82267632  0.76787611 -1.45718731 -1.68834932 -1.90565877]
[-0.48814728  0.76787611 -1.48299184 -1.70693582 -2.1546452 ]
[-0.6554118   0.76787611 -0.95293391 -1.28968594 -0.56742923]
[-0.48814728  0.76787611 -1.4434765  -1.70711705 -2.00257816]
[-1.15720536  0.76787611 -1.68554872 -1.71457783 -4.48109704]
[-0.98994084  0.76787611 -1.39665109 -1.59465159 -1.48051588]
[-0.82267632  0.76787611 -1.24415268 -1.61943024 -1.2065645 ]
[-0.6554118   0.76787611 -1.39672701 -1.64759191 -1.61087603]
[-0.6554118   0.76787611 -1.42320271 -1.68654705 -1.79795092]
[-0.82267632  0.76787611 -1.20802263 -1.56837273 -1.08017832]
[-0.90630858  0.76787611 -1.35721194 -1.64278923 -1.48291825]
[-1.0735731   0.76787611 -1.41481506 -1.59477241 -1.51398126]
[-0.90630858  0.76787611 -1.50442791 -1.67583414 -2.00348509]
[-0.98994084  0.76787611 -1.60631336 -1.71101357 -2.88644412]
[-0.6554118   0.76787611 -1.32859492 -1.64836719 -1.42013338]
[-0.90630858  0.76787611 -1.63765996 -1.71336961 -3.32190681]
[-0.82267632  0.76787611 -1.22371903 -1.54034195 -1.06168648]
[-0.90630858 -1.00338156 -1.24983872 -1.56741622 -1.15155406]
[-0.90630858  0.76787611 -1.47173647 -1.68622486 -1.94513125]
[-0.98994084  0.76787611 -1.4744488  -1.64853836 -1.79684821]
[-0.48814728 -0.26535753 -1.01157649 -1.48562957 -0.73348509]
[-1.15720536  0.76787611 -1.61670205 -1.7096946  -2.92650387]
[-0.82267632  0.76787611 -1.55954343 -1.7059189  -2.48995107]
[-0.73904406  0.76787611 -0.98566071 -1.29970413 -0.5958918 ]
[-0.32088276 -0.88529771 -0.29892638 -0.59405133  0.08199296]
[-0.82267632  0.76787611 -1.3684414  -1.66869555 -1.5724738 ]
[-0.73904406 -0.60976874 -0.73533459 -0.75259037 -0.22655605]
[-1.15720536  0.76787611 -1.62520797 -1.70977514 -3.00386335]
[-0.6554118  -0.47200426 -0.92455035 -1.39341192 -0.56601586]
[-0.73904406 -0.60976874 -1.33000113 -1.57785729 -1.33155379]
[-0.98994084  0.76787611 -1.01608662 -1.44294908 -0.6961673 ]
[-0.82267632  0.76787611 -1.13134901 -1.51563378 -0.90101583]
[-1.0735731   0.76787611 -1.61554993 -1.70973487 -2.92578782]
[-1.0735731   0.76787611 -1.32643206 -1.58975829 -1.31824351]
[-0.98994084  0.76787611 -1.27781938 -1.57842112 -1.20419979]
[-0.90630858  0.76787611 -1.36387237 -1.57836071 -1.38925623]
[-0.6554118   0.76787611 -1.221701   -1.56723499 -1.11713175]
[-0.90630858  0.76787611 -1.37085791 -1.57866277 -1.40405809]
[-0.98994084  0.76787611 -1.423762   -1.67057836 -1.71671083]
[-0.82267632  0.76787611 -1.21781757 -1.6154431  -1.14856496]
[-0.57177954  0.76787611 -1.05554509 -1.58980863 -0.88324749]
[-1.15720536  0.76787611 -1.62520797 -1.70977514 -3.00386335]
[-0.82267632  0.76787611 -1.32848541 -1.66874589 -1.46402829]
[-1.0735731   0.76787611 -1.66448352 -1.71430598 -3.82424735]
[-0.57177954  0.76787611 -0.64594171 -0.72825474 -0.15439103]
[-0.98994084  0.76787611 -1.48040179 -1.69446091 -1.99800197]
[-0.73904406 -0.60976874 -1.19890437 -1.6397888  -1.15760006]
[-0.90630858  0.76787611 -1.2172316  -1.61744674 -1.15390703]
[-0.6554118  -0.47200426 -1.00907495 -1.44860759 -0.70923965]
[-0.90630858  0.76787611 -1.29330681 -1.58455286 -1.2585804 ]
[-0.98994084  0.76787611 -1.3898758  -1.57866277 -1.4350178 ]
[-0.82267632  0.76787611 -1.25992889 -1.60797226 -1.20813741]
[-0.6554118   0.76787611 -1.22941301 -1.62924706 -1.21081281]
[-1.0735731   0.76787611 -1.51901749 -1.67590461 -2.04733919]
[-0.98994084  0.76787611 -1.48162319 -1.67471653 -1.91075918]
[-0.90630858  0.76787611 -1.37579091 -1.59435961 -1.44050755]
[-0.6554118   0.76787611 -1.02900813 -0.88974387 -0.53092297]
[-0.90630858  0.76787611 -1.30328675 -1.58502608 -1.27793733]
[-0.82267632  0.76787611 -1.3589462  -1.58900315 -1.39560792]
[-1.15720536  0.76787611 -1.48935408 -1.6485887  -1.83207742]
[-0.90630858  0.76787611 -1.47763938 -1.67425338 -1.90990949]
[-0.73904406 -0.60976874 -0.72682063 -0.75057667 -0.21808941]
[-1.15720536  0.76787611 -1.63214684 -1.7113559  -3.1286955 ]
[-1.15720536  0.76787611 -1.6661146  -1.7142053  -3.82683334]
[-0.98994084  0.76787611 -1.51525455 -1.70366355 -2.21132595]
[-0.73904406  0.76787611 -1.07321788 -1.52494717 -0.84451927]
[-1.0735731   0.76787611 -1.47119011 -1.64846788 -1.78571044]
[-1.0735731   0.76787611 -1.59326715 -1.70913076 -2.72715482]
[-0.98994084  0.76787611 -1.32360098 -1.59010062 -1.31792016]
[-0.98994084  0.76787611 -1.60179677 -1.70964425 -2.81987808]
[-0.90630858  0.76787611 -1.10253829 -1.53810674 -0.88250927]
[-1.0735731   0.76787611 -1.526249   -1.69680688 -2.19821216]
[-0.98994084  0.76787611 -1.3100867  -1.57890441 -1.25433494]
[-0.48814728  0.76787611 -0.55953046 -0.7004656  -0.09271533]
[-0.82267632 -0.78197435 -1.34144882 -1.57759551 -1.34600563]
[-0.82267632  0.76787611 -1.31882909 -1.57619598 -1.29829806]
[-0.73904406  0.76787611 -1.0902719  -1.45724639 -0.79975761]
[-0.57177954  0.76787611 -0.87963578 -1.43485398 -0.57546921]
[-1.0735731   0.76787611 -1.41040424 -1.59474221 -1.5055229 ]
[-0.73904406  0.76787611 -1.1729989  -1.59582961 -1.04281132]
[-0.82267632  0.76787611 -1.32360426 -1.65521379 -1.41952702]
[-0.90630858  0.76787611 -1.34902063 -1.65018959 -1.45923288]
[-0.90630858  0.76787611 -1.42842831 -1.64796445 -1.67921529]
[-0.98994084  0.76787611 -1.50677261 -1.68982939 -2.08651863]
[-0.82267632  0.76787611 -1.59585485 -1.71215132 -2.8479527 ]
[-0.82267632  0.76787611 -1.26612956 -1.56279477 -1.1694419 ]
[-0.82267632  0.76787611 -1.10916921 -1.54209388 -0.90774447]
[-1.0735731   0.76787611 -1.31092312 -1.57888428 -1.25442565]
[-0.32088276 -0.11775272 -0.91951669 -1.46536162 -0.62610699]
[-0.32088276  0.76787611 -1.2438836  -1.57272234 -1.17831881]
[-0.48814728  0.76787611 -0.96515249 -1.5476215  -0.74116053]
[-0.82267632  0.76787611 -1.30050435 -1.64616218 -1.36803461]
[-0.40451502  0.76787611 -0.43540851 -0.70142211 -0.03200598]
[-0.6554118   0.76787611 -0.88866549 -1.29926111 -0.51577601]
[-0.82267632  0.76787611 -1.32985396 -1.65980504 -1.44934401]
[-0.6554118   0.76787611 -1.05154623 -1.40163791 -0.75708549]
[-0.48814728 -1.13963215 -1.33063558 -1.65122665 -1.46426371]
[-0.48814728  0.76787611 -0.96265534 -1.44047222 -0.6537609 ]
[-0.82267632  0.76787611 -1.28399678 -1.58909376 -1.25158595]
[-0.82267632  0.76787611 -0.97882024 -1.43921365 -0.65789376]
[-0.06998598  0.76787611 -0.96063885 -1.51180774 -0.73037781]
[-0.90630858  0.76787611 -1.538954   -1.70439855 -2.34103348]
[-0.40451502 -0.18587802 -1.15736942 -1.56576499 -1.03188498]
[-0.82267632  0.76787611 -1.22266359 -1.61266419 -1.14901902]
[-0.82267632  0.76787611 -1.40890522 -1.67141405 -1.68543471]
[-1.0735731   0.76787611 -1.65156679 -1.71419523 -3.57448323]
[-0.73904406  0.76787611 -1.3800715  -1.57897489 -1.42653309]
[-1.0735731   0.76787611 -1.53162136 -1.70364341 -2.28416519]
[-0.6554118   0.76787611 -1.2368227  -1.57285323 -1.16115153]
[-1.0735731   0.76787611 -1.38810021 -1.59332255 -1.44943977]
[-0.90630858  0.76787611 -1.4905725  -1.69670619 -2.06826748]
[-0.48814728  0.76787611 -1.24399111 -1.59019123 -1.20650168]
[-0.82267632  0.76787611 -1.50771028 -1.70850651 -2.2593923 ]
[-0.98994084  0.76787611 -1.4761061  -1.67394125 -1.89774132]
[-0.40451502  0.76787611 -0.66746272 -1.23547699 -0.30526516]
[-0.40451502  0.76787611 -1.02920049 -1.54187237 -0.82986662]
[-0.82267632  0.76787611 -0.76168945 -1.24883792 -0.3617869 ]
[-0.6554118   0.76787611 -0.8791301  -1.30220112 -0.51531157]
[-0.2372505  -0.78197435 -1.17884623 -1.6395975  -1.17205333]
[-0.73904406  0.76787611 -0.88664036 -1.27998995 -0.48832918]
[-0.98994084  0.76787611 -1.35018642 -1.59284933 -1.38073266]
[-0.82267632  0.76787611 -1.19788988 -1.55438755 -1.04488213]
[-0.48814728 -0.26535753 -0.88551536 -1.29887851 -0.52118088]
[-0.98994084  0.76787611 -1.44942885 -1.67332707 -1.8135757 ]
[-0.82267632  0.76787611 -1.32110331 -1.66460773 -1.45560259]
[-0.73904406  0.76787611 -0.96105248 -1.35951119 -0.61902808]
[-0.90630858  0.76787611 -1.39751222 -1.67874394 -1.68356315]
[-1.0735731   0.76787611 -1.42273257 -1.6709509  -1.68774754]
[-1.0735731   0.76787611 -1.52608012 -1.70247546 -2.24784033]
[-0.82267632  0.76787611 -1.13706394 -1.6038643  -1.00213803]
[-0.6554118   0.76787611 -0.87364558 -1.35281561 -0.52903203]
[-0.90630858  0.76787611 -1.38933769 -1.6529383  -1.5839798 ]
[-0.82267632  0.76787611 -0.85547315 -1.28067461 -0.4655668 ]
[-0.82267632  0.76787611 -1.03579783 -1.39526453 -0.72452431]
[-0.98994084  0.76787611 -1.34095046 -1.64403772 -1.42169643]
[-0.6554118   0.76787611 -0.90896153 -1.37186527 -0.58290281]
[-0.73904406  0.76787611 -1.08936508 -1.40059078 -0.79594426]
[-0.48814728  0.76787611 -1.10230503 -1.42228846 -0.86226272]
[-0.82267632  0.76787611 -1.44891274 -1.68180477 -1.85762746]
[-0.73904406  0.76787611 -0.980329   -1.37257007 -0.6483387 ]
[-1.15720536  0.76787611 -1.55306593 -1.694914   -2.30876408]
[-0.82267632  0.76787611 -0.9790836  -1.38711909 -0.66434694]
[-0.90630858  0.76787611 -0.99092153 -1.36270291 -0.64893058]
[-0.82267632  0.76787611 -0.70824724 -1.2355676  -0.32260202]
[-0.90630858  0.76787611 -1.35341938 -1.67169597 -1.5373978 ]
[-0.73904406  0.76787611 -1.25628407 -1.65933182 -1.3104219 ]
[-0.98994084  0.76787611 -1.56792159 -1.70722781 -2.53818846]
[-0.57177954  0.76787611 -0.9797854  -1.30218099 -0.60162523]
[-1.24083762  0.76787611 -1.55831316 -1.69492406 -2.32876233]
[-1.24083762  0.76787611 -1.5620508  -1.69501468 -2.34867704]
[-1.0735731   0.76787611 -1.39556212 -1.59002007 -1.46526713]
[-1.0735731   0.76787611 -1.23747497 -1.41740522 -0.98719522]
[-1.0735731   0.76787611 -1.36240858 -1.66132539 -1.50684738]
[-0.82267632  0.76787611 -1.21355242 -1.4239699  -0.9852809 ]
[-1.0735731   0.76787611 -1.53212128 -1.68303313 -2.13729009]
[-0.90630858  0.76787611 -1.43591238 -1.68024415 -1.80032774]
[-0.90630858  0.76787611 -1.33253812 -1.66178854 -1.45709578]
[-0.98994084  0.76787611 -1.4364099  -1.67883456 -1.77938675]
[-0.98994084  0.76787611 -1.08417499 -1.39014972 -0.76272196]
[-0.6554118  -0.47200426 -0.96669615 -1.56527163 -0.74479266]
[-0.90630858  0.76787611 -1.40178216 -1.67831099 -1.69373555]
[-0.98994084  0.76787611 -1.08417499 -1.39014972 -0.76272196]
[-0.90630858 -1.00338156 -1.24805721 -1.60801253 -1.18434868]
[-1.24083762  0.76787611 -1.57444682 -1.69516571 -2.41146251]
[-1.15720536  0.76787611 -1.56919959 -1.69515564 -2.38967692]
[-0.57177954  0.76787611 -0.76939117 -1.36278346 -0.45901117]
[-0.82267632  0.76787611 -1.47409646 -1.6934742  -1.99652604]
[-0.90630858  0.76787611 -1.62340537 -1.71358105 -3.16546965]
[-0.98994084  0.76787611 -1.08417499 -1.39014972 -0.76272196]
[-0.32088276 -0.11775272 -0.95951326 -1.38759231 -0.65356139]
[-0.82267632  0.76787611 -1.08343745 -1.41468672 -0.81055647]
[-0.90630858  0.76787611 -1.22769805 -1.62059819 -1.17128808]
[-1.0735731   0.76787611 -1.23747497 -1.41740522 -0.98719522]
[-0.98994084  0.76787611 -1.47382618 -1.68071737 -1.90913719]
[-0.82267632  0.76787611 -1.14193089 -1.40228229 -0.85312328]
[-0.98994084  0.76787611 -1.46941536 -1.68068717 -1.89637596]
[-0.73904406  0.76787611 -1.20547354 -1.55823373 -1.0650407 ]
[-1.15720536  0.76787611 -1.54865511 -1.69488379 -2.28944366]
[-0.90630858  0.76787611 -1.05351798 -1.38957581 -0.73601857]
[-0.90630858  0.76787611 -1.28839791 -1.42648703 -1.08716689]
[-1.0735731   0.76787611 -1.42714338 -1.6709811  -1.69799242]
[-1.15720536  0.76787611 -1.56919959 -1.69515564 -2.38967692]
[-0.57177954  0.76787611 -1.27351662 -1.64899144 -1.31874071]
[-0.6554118  -0.47200426 -0.84957665 -1.46742567 -0.55351521]
[-0.82267632  0.76787611 -1.42951303 -1.6803549  -1.78855829]
[-1.0735731   0.76787611 -1.51669304 -1.69342385 -2.13322514]
[-0.98994084  0.76787611 -1.45817146 -1.68041532 -1.85948363]
[-0.82267632  0.76787611 -1.18339906 -1.61438591 -1.08810221]
[-0.48814728  0.76787611 -0.511434   -1.22494531 -0.19853238]
[-0.48814728  0.76787611 -0.73333426 -1.27203581 -0.37966894]
[-0.98994084  0.76787611 -1.49105076 -1.69397762 -2.05440181]
[-0.90630858  0.76787611 -1.41061819 -1.67855264 -1.71447032]
[-0.90630858  0.76787611 -1.24515306 -1.62502834 -1.20667793]
[-0.82267632  0.76787611 -1.42574976 -1.68497636 -1.79843188]
[-0.82267632  0.76787611 -1.06356188 -1.60675396 -0.9044487 ]
[-0.48814728  0.76787611 -0.8546465  -1.49077459 -0.59205788]
[-0.90630858  0.76787611 -1.16495142 -1.40676279 -0.88282096]
[-1.15720536  0.76787611 -1.57757548 -1.70945295 -2.61414561]
[-1.24083762  0.76787611 -1.554697   -1.69481331 -2.30929303]
[-1.0735731   0.76787611 -1.49097147 -1.70327087 -2.0969929 ]
[-1.15720536  0.76787611 -1.51245938 -1.69371584 -2.11717474]
[-0.90630858  0.76787611 -1.07195433 -1.52313484 -0.83664229]
[-0.90630858  0.76787611 -1.34007261 -1.65461975 -1.45806674]
[-1.0735731   0.76787611 -1.31385642 -1.42688978 -1.12025832]
[-0.6554118   0.76787611 -1.23643188 -1.60884822 -1.17763797]
[-0.98994084  0.76787611 -1.42924981 -1.67944874 -1.76773876]
[-0.90630858  0.76787611 -0.92867425 -1.3660658  -0.58393741]
[-0.82267632  0.76787611 -1.18998805 -1.61943024 -1.1142892 ]
[-0.82267632  0.76787611 -1.14272432 -1.41590501 -0.88123299]
[-1.0735731   0.76787611 -1.38131472 -1.66277525 -1.55772898]
[-0.98994084  0.76787611 -1.54825482 -1.70869781 -2.44303173]
[-0.98994084  0.76787611 -1.08344881 -1.39372404 -0.76627686]
[-1.0735731   0.76787611 -1.22865334 -1.41734481 -0.97745396]
[-0.57177954 -0.35928786 -1.33371692 -1.68291231 -1.56737051]
[-1.15720536  0.76787611 -1.29735794 -1.42619505 -1.09303097]
[-1.0735731   0.76787611 -1.18411139 -1.41511967 -0.91740316]
[-0.90630858  0.76787611 -1.30565661 -1.64322217 -1.35519791]
[-0.98994084  0.76787611 -1.17886416 -1.4151096  -0.91279978]
[-1.0735731   0.76787611 -1.50118776 -1.69395749 -2.08512966]
[-0.90630858  0.76787611 -1.32921777 -1.57766599 -1.32498036]
[-0.40451502  0.76787611 -0.45134398 -1.19112512 -0.13676149]
[-0.98994084  0.76787611 -1.55870513 -1.6951355  -2.34754139]
[-0.90630858  0.76787611 -0.99229617 -1.36254181 -0.64900825]
[-1.0735731   0.76787611 -1.64121857 -1.71382269 -3.37918473]
[-0.82267632  0.76787611 -1.08108984 -1.39157945 -0.76973192]
[-0.82267632  0.76787611 -1.23591025 -1.6213936  -1.18876306]
[-0.90630858  0.76787611 -1.14206943 -1.39899995 -0.8452697 ]
[-0.90630858  0.76787611 -1.11717827 -1.41334761 -0.83966947]
[-0.90630858  0.76787611 -1.11194163 -1.41771735 -0.84712733]
[-0.98994084  0.76787611 -1.15366012 -1.40619895 -0.86587559]
[-0.82267632  0.76787611 -1.03080293 -1.39545583 -0.72077751]
[-0.48814728  0.76787611 -0.98678111 -1.53982846 -0.76383235]
[-1.0735731   0.76787611 -1.57221157 -1.70832528 -2.56329884]
[-0.98994084  0.76787611 -1.56973682 -1.70952343 -2.5861633 ]
[-0.90630858  0.76787611 -1.05301852 -1.38098736 -0.72556056]
[-1.0735731   0.76787611 -1.26931448 -1.42466463 -1.05087202]
[-0.48814728  0.76787611 -1.20006181 -1.56935945 -1.09969352]
[-0.90630858  0.76787611 -1.59827385 -1.71040946 -2.81795167]
[-0.6554118  -1.48645183 -1.00653709 -1.44860759 -0.7090864 ]
[-0.32088276  0.76787611 -0.87682152 -1.50611902 -0.61760907]
[-0.32088276  0.76787611 -0.99538746 -1.58711026 -0.82377361]
[-0.40451502  0.76787611 -1.07093263 -1.60001812 -0.93459993]
[-0.73904406  0.76787611 -1.38884827 -1.67269275 -1.65431258]
[-1.0735731   0.76787611 -1.524224   -1.69370577 -2.16591809]
[-0.82267632  0.76787611 -1.39806792 -1.65225364 -1.60241894]
[-0.73904406  0.76787611 -1.01377418 -1.5036623  -0.75121711]
[-0.82267632  0.76787611 -1.55762554 -1.70826486 -2.51134998]
[-1.0735731   0.76787611 -1.68030149 -1.71456776 -4.30598475]
[-0.48814728  0.76787611 -1.33570912 -1.69846819 -1.62792012]
[-0.73904406  0.76787611 -1.57191966 -1.71010741 -2.63679274]
[-1.0735731   0.76787611 -1.64495622 -1.71391331 -3.44025725]
[-0.73904406  0.76787611 -1.52611053 -1.70920124 -2.35563404]
[-0.82267632  0.76787611 -1.21272699 -1.60711643 -1.13207963]
[-0.73904406  0.76787611 -1.27908598 -1.64381622 -1.30659683]
[-0.73904406  0.76787611 -1.40036265 -1.67371974 -1.69347341]
[-0.98994084  0.76787611 -1.62650427 -1.71305748 -3.16790974]
[-0.57177954  0.76787611 -1.1443284  -1.56191881 -0.98439477]
[-0.6554118   0.76787611 -1.13344197 -1.56168723 -0.97004931]
[-0.82267632  0.76787611 -1.14715336 -1.56183826 -0.98462542]
[-0.32088276  0.76787611 -1.43617679 -1.70893946 -2.01408498]
[-0.90630858  0.76787611 -1.38660123 -1.64605143 -1.56674832]
[-0.6554118   0.76787611 -1.52799459 -1.70943281 -2.37547938]
[-0.6554118   0.76787611 -1.46259037 -1.70539533 -2.04748028]
[-0.82267632  0.76787611 -1.49439327 -1.70422738 -2.14243434]
[-0.82267632  0.76787611 -1.1007932  -1.52607485 -0.87830867]
[-0.82267632  0.76787611 -1.44619216 -1.67504879 -1.82379088]
[-0.98994084  0.76787611 -1.64102737 -1.71292659 -3.32504047]
[-0.98994084  0.76787611 -1.63477745 -1.71391331 -3.31926153]
[-0.73904406  0.76787611 -1.23628613 -1.6089489  -1.17762518]
[-0.98994084  0.76787611 -1.59534729 -1.71247351 -2.84768852]
[-0.98994084  0.76787611 -1.33904355 -1.59255734 -1.35906425]
[-0.82267632  0.76787611 -1.54547688 -1.70979528 -2.46303945]
[-0.6554118   0.76787611 -1.1030813  -1.54350347 -0.8989714 ]
[-0.6554118   0.76787611 -1.3878644  -1.59044295 -1.46423427]
[-1.15720536  0.76787611 -1.67704279 -1.71449728 -4.16254899]
[-0.98994084  0.76787611 -1.29848753 -1.57636715 -1.22940285]
[-0.15361824  0.76787611 -0.67406697 -1.45812235 -0.41641614]
[-0.6554118   0.76787611 -1.50112269 -1.69011131 -2.08506532]
[-0.73904406  0.76787611 -1.51655906 -1.70836555 -2.29719945]
[-0.6554118   0.76787611 -1.2507696  -1.62850198 -1.24812516]
[-0.73904406 -0.60976874 -1.4493672  -1.68507704 -1.8690869 ]
[-0.82267632  0.76787611 -1.63630404 -1.71410461 -3.37431092]
[-1.0735731   0.76787611 -1.58588474 -1.70842596 -2.6691786 ]
[-0.98994084  0.76787611 -1.58323593 -1.71049001 -2.69469015]
[-1.0735731   0.76787611 -1.61517675 -1.71113439 -2.96073842]
[-0.57177954  0.76787611 -0.94140946 -1.4434223  -0.6366988 ]
[-0.6554118   0.76787611 -0.88719538 -1.43819673 -0.58179069]
[-0.57177954  0.76787611 -1.5152148  -1.70047182 -2.2277475 ]
[-0.98994084  0.76787611 -1.6159171  -1.71057056 -2.96118597]
[-0.98994084  0.76787611 -1.1141789  -1.40854492 -0.82785635]
[-0.90630858  0.76787611 -1.37848565 -1.57882387 -1.41917335]
[-1.0735731   0.76787611 -1.46797318 -1.64833698 -1.77470616]
[-1.24083762  0.76787611 -1.65235825 -1.71292659 -3.4480669 ]
[-0.32088276 -0.88529771 -0.77663101 -1.46552272 -0.50215888]
[-0.90630858  0.76787611 -1.41163263 -1.59493351 -1.51353168]
[-0.57177954 -0.35928786 -1.06040145 -1.45770954 -0.77569564]
[-0.98994084  0.76787611 -1.41687986 -1.59494358 -1.52218158]
[-0.6554118  -0.47200426 -0.98283838 -1.44402641 -0.67108534]
[-0.40451502 -0.18587802 -0.99297036 -0.893731   -0.51794794]
[-0.57177954 -0.35928786 -1.19761581 -1.61365091 -1.12541113]
[-0.48814728  0.76787611 -0.94424192 -1.48819704 -0.66564524]
[-0.73904406  0.76787611 -0.89744025 -1.32830882 -0.53019545]
[-1.15720536  0.76787611 -1.55680357 -1.69500461 -2.32826212]
[-1.0735731   0.76787611 -1.55155634 -1.69499454 -2.30827422]
[-0.6554118  -0.47200426 -0.35761081 -0.47012789  0.08641282]
[-0.82267632 -1.9874136  -0.90808544 -0.88285699 -0.42910423]
[-1.24083762  0.76787611 -1.3367469  -1.42706094 -1.14889796]
[-0.90630858 -1.00338156 -0.73681855 -0.60558986 -0.17083682]
[-0.82267632 -0.78197435 -0.47253935 -0.48720411  0.02538761]
[-0.57177954  0.76787611 -1.11620285 -1.57870304 -0.99582148]
[-1.0735731  -1.71188463 -0.80391412 -0.60918433 -0.21067183]
[-1.0735731   0.76787611 -1.63778993 -1.71367166 -3.32206664]
[-0.82267632 -1.9874136  -0.69508293 -0.75275147 -0.19291659]
[-0.98994084  0.76787611 -1.35789769 -1.59301042 -1.395491  ]
[-0.2372505  -0.0587108  -0.56824956 -0.72640213 -0.11462173]
[-0.82267632  0.76787611 -1.33008295 -1.64305101 -1.43472037]
[-0.82267632  0.76787611 -0.80188115 -1.28271852 -0.42450743]
[-0.73904406  0.76787611 -1.37613023 -1.64537684 -1.54057741]
[-0.2372505  -0.0587108  -0.86781451 -1.49150959 -0.6078988 ]
[-0.82267632 -0.78197435 -0.94111417 -0.85579279 -0.42550162]
[-0.40451502 -0.18587802 -0.70690076 -0.76793481 -0.22553246]
[ 0.01364628 -0.53726112 -0.33750465 -0.62135718  0.04155897]
[-0.73904406  0.76787611 -1.46870506 -1.70094504 -2.02175621]
[-0.90630858 -1.00338156 -0.86565483 -0.77233476 -0.319678  ]
[-0.98994084  0.76787611 -1.65824742 -1.71437646 -3.73076809]
[-0.32088276  0.76787611 -0.9298649  -1.46573416 -0.63606438]
[-0.40451502  0.76787611 -1.12673209 -1.63044521 -1.0389243 ]
[-0.90630858 -1.00338156 -1.07185686 -0.89465731 -0.57343508]
[-0.82267632  0.76787611 -1.37151952 -1.58988918 -1.42546929]
[-0.73904406 -0.60976874 -1.01081088 -0.89000565 -0.51882606]
[-0.6554118  -0.47200426 -1.62191826 -1.7133394  -3.16425346]
[-0.82267632  0.76787611 -1.58584515 -1.71105385 -2.75181705]
[-0.82267632  0.76787611 -1.52560237 -1.70798295 -2.33663628]
[-0.82267632  0.76787611 -1.54547688 -1.70979528 -2.46303945]
[-0.6554118   0.76787611 -1.14358233 -1.60448854 -1.03077176]
[-0.40451502  0.76787611 -0.9887848  -1.45050047 -0.69455125]
[-0.82267632 -0.78197435 -1.0945079  -0.89512046 -0.59247381]
[-0.98994084  0.76787611 -1.53274588 -1.6978238  -2.24980808]
[-1.0735731   0.76787611 -1.6357584  -1.71323872 -3.26938858]
[-0.73904406  0.76787611 -1.4715036  -1.68940651 -1.97015654]
[-1.0735731  -1.71188463 -1.15355236 -0.89668108 -0.64194062]
[-0.90630858  0.76787611 -1.5468802  -1.69826682 -2.32502563]
[-0.90630858  0.76787611 -1.59227971 -1.71210097 -2.81470607]
[-0.82267632  0.76787611 -1.58546911 -1.71161768 -2.75163821]
[-0.82267632 -0.78197435 -1.38531873 -1.57898496 -1.43442716]
[-0.48814728  0.76787611 -1.09410029 -1.51657016 -0.86974848]
[-0.98994084  0.76787611 -1.48040179 -1.69446091 -1.99800197]
[-0.57177954  0.76787611 -1.3391094  -1.5889226  -1.36577787]
[-0.98994084  0.76787611 -1.61554713 -1.71284604 -3.03545517]
[-0.57177954 -0.35928786 -1.21577729 -1.56834253 -1.11658697]
[-0.82267632  0.76787611 -1.17823393 -1.59369508 -1.04325479]
[-0.98994084  0.76787611 -1.48014864 -1.67407214 -1.91044407]
[-0.98994084  0.76787611 -1.39674389 -1.67291426 -1.63749101]
[-0.82267632  0.76787611 -1.36874293 -1.64245696 -1.50767293]
[-1.0735731   0.76787611 -1.63778993 -1.71367166 -3.32206664]
[-0.73904406  0.76787611 -1.42970448 -1.69554831 -1.8651629 ]
[-1.15720536  0.76787611 -1.67110539 -1.71415495 -3.92854042]
[-1.15720536  0.76787611 -1.69437034 -1.71463824 -4.9639501 ]
[-1.0735731   0.76787611 -1.62146083 -1.71275543 -3.07923572]
[-0.82267632 -2.951765   -0.56346453 -0.63619819 -0.06646197]
[-1.15720536  0.76787611 -1.65781247 -1.71343002 -3.58206176]
[-0.6554118   0.76787611 -1.47865243 -1.69663571 -2.02409483]
[-0.98994084  0.76787611 -1.27323793 -1.56772835 -1.17013909]
[-0.82267632  0.76787611 -1.22722265 -1.57480652 -1.11764998]
[-0.6554118   0.76787611 -0.89269457 -1.29303876 -0.51043615]
[-0.32088276  0.76787611 -1.49269556 -1.71076186 -2.2548127 ]
[-0.6554118   0.76787611 -1.14867842 -1.55454864 -0.98473207]
[-0.6554118   0.76787611 -1.1853397  -1.63792613 -1.15089295]
[ 0.09727854  0.76787611 -1.00362957 -1.66502054 -0.9644085 ]
[-0.98994084  0.76787611 -1.24931232 -1.42411086 -1.0252298 ]
[-0.82267632  0.76787611 -1.10046104 -1.39310986 -0.79295325]
[-0.90630858  0.76787611 -1.36706283 -1.65304906 -1.53930229]
[ 0.1809108   0.76787611 -0.45231268 -1.31109163 -0.21655777]
[-0.90630858  0.76787611 -1.20405813 -1.62017531 -1.13658864]
[-0.73904406  0.76787611 -0.81201495 -1.34168989 -0.46885296]
[-0.2372505   0.76787611 -0.54345289 -1.31777714 -0.26567338]
[-0.15361824  0.76787611 -0.30291887 -1.37920523 -0.11357702]
[-0.6554118  -0.47200426 -1.1569709  -1.41836173 -0.90698696]
[-0.73904406  0.76787611 -0.91955602 -1.35954139 -0.58345272]
[-1.0735731   0.76787611 -1.52317911 -1.69458173 -2.18134485]
[-0.6554118   0.76787611 -1.10060516 -1.4196505  -0.84633903]
[-0.82267632  0.76787611 -0.98700954 -1.38728019 -0.67130478]
[-1.15720536  0.76787611 -1.55628285 -1.69504489 -2.32809093]
[-0.98994084  0.76787611 -1.44903414 -1.68041532 -1.83533584]
[-0.98994084  0.76787611 -1.46552527 -1.68061669 -1.88389042]
[-0.98994084  0.76787611 -1.63970898 -1.71390324 -3.37768396]
[-1.0735731   0.76787611 -1.47518331 -1.68065696 -1.90942762]
[-1.0735731   0.76787611 -1.19257576 -1.40747765 -0.91380827]
[-1.0735731  -1.71188463 -1.29059147 -1.42640649 -1.08736591]
[-0.98994084  0.76787611 -1.47792129 -1.68076771 -1.92200318]
[-0.73904406  0.76787611 -1.56585244 -1.71259433 -2.65986763]
[-0.57177954  0.76787611 -0.93687971 -1.37430185 -0.6146396 ]
[-0.98994084  0.76787611 -1.42349316 -1.6787238  -1.74637489]
[-0.90630858  0.76787611 -1.08229669 -1.39376432 -0.76620216]
[-0.90630858 -1.00338156 -1.18864629 -1.61439598 -1.09363518]
[-0.73904406  0.76787611 -0.95124001 -1.49364412 -0.6758403 ]
[-0.90630858  0.76787611 -1.17361693 -1.41509953 -0.90821846]
[-0.98994084  0.76787611 -1.43285749 -1.67947894 -1.77873405]
[-0.90630858  0.76787611 -1.17802774 -1.41512973 -0.91273634]
[-0.98994084  0.76787611 -1.04952107 -1.3785407  -0.71504276]
[-0.57177954  0.76787611 -0.81545076 -1.297922   -0.46109685]
[-0.73904406  0.76787611 -1.5624295  -1.70890925 -2.55918077]
[-1.0735731   0.76787611 -1.524224   -1.69370577 -2.16591809]
[-1.0735731   0.76787611 -1.524224   -1.69370577 -2.16591809]
[-0.6554118   0.76787611 -1.14957563 -1.56192888 -0.98935723]
[-0.6554118   0.76787611 -1.04828719 -1.55492118 -0.85461634]
[-0.48814728  0.76787611 -1.08237871 -1.58376751 -0.92688626]
[-1.0735731   0.76787611 -1.66738475 -1.71445701 -3.9220224 ]
[-0.6554118   0.76787611 -1.35571856 -1.58993952 -1.40219106]
[-0.90630858  0.76787611 -1.57221469 -1.71083234 -2.63695166]
[-0.82267632  0.76787611 -1.31358145 -1.59193309 -1.31678161]
[-0.73904406  0.76787611 -1.20584181 -1.55813304 -1.06507243]
[-1.0735731   0.76787611 -1.61360804 -1.71247351 -2.99622294]
[-0.32088276 -0.11775272 -0.44528271 -0.62300842 -0.00263366]
[-0.82267632  0.76787611 -0.98584834 -1.44374449 -0.67126097]
[-0.57177954  0.76787611 -1.25534648 -1.58743246 -1.20764732]
[-0.6554118   0.76787611 -0.9454737  -1.44530511 -0.64008113]
[-0.98994084  0.76787611 -1.3599419  -1.59256741 -1.39574202]
[-0.90630858  0.76787611 -1.39664583 -1.66956144 -1.64647525]
[-0.82267632 -0.78197435 -1.10003768 -1.50936109 -0.86216682]
[-0.82267632 -0.78197435 -0.41862208 -0.47932045  0.05629055]
[-0.82267632  0.76787611 -0.72332198 -1.25721494 -0.34616145]
[-1.0735731   0.76787611 -1.68030149 -1.71456776 -4.30598475]
[-0.82267632  0.76787611 -0.97747845 -1.38258825 -0.65138114]
[-0.98994084  0.76787611 -1.53824528 -1.69039323 -2.21791631]
[-0.82267632  0.76787611 -1.39823547 -1.57909572 -1.45812966]
[-0.90630858  0.76787611 -1.1879268  -1.57348755 -1.05863552]
[-0.90630858  0.76787611 -1.01054824 -1.45208123 -0.69919818]
[-1.0735731   0.76787611 -1.61859884 -1.71242317 -3.03755777]
[-0.90630858  0.76787611 -1.28542859 -1.62068881 -1.27604505]
[-1.15720536  0.76787611 -1.67704279 -1.71449728 -4.16254899]
[-0.32088276  0.76787611 -1.22566535 -1.64576951 -1.23956916]
[-0.2372505   0.76787611 -0.59981215 -0.85317497 -0.20554411]
[-0.40451502  0.76787611 -0.61620144 -1.305121   -0.30107461]
[-0.90630858  0.76787611 -1.06892765 -1.39465035 -0.7581782 ]
[-0.40451502 -1.00338156 -0.24471209 -0.47212145  0.1297069 ]
[-0.90630858 -1.00338156 -0.53675817 -0.54769583 -0.02826886]
[-0.90630858 -1.00338156 -1.13185576 -0.89640923 -0.62505398]
[-0.6554118  -0.47200426 -0.3739815  -0.54048676  0.0528924 ]
[-1.15720536  0.76787611 -1.55680357 -1.69500461 -2.32826212]
[-1.0735731   0.76787611 -1.54252842 -1.70352259 -2.32366218]
[-0.98994084  0.76787611 -0.99575497 -1.29047129 -0.59944834]
[-0.98994084  0.76787611 -1.13597856 -1.40514175 -0.84485788]
[-1.15720536  0.76787611 -1.30586387 -1.4262756  -1.10400297]
[-0.82267632 -0.78197435 -0.71544806 -0.82566775 -0.25076548]
[-0.48814728 -0.26535753  0.11716782 -0.30816554  0.33061259]
[-0.82267632  0.76787611 -1.54971593 -1.70550609 -2.42290766]
[-0.90630858 -1.00338156 -0.47943925 -0.4815758   0.02677008]
[-0.57177954 -0.35928786 -0.80171525 -0.75993033 -0.27741236]
[-0.48814728  0.76787611 -1.18565811 -1.57175576 -1.08824991]
[-0.98994084 -1.29859117 -1.01613593 -0.87757102 -0.49979882]
[-0.57177954 -0.35928786 -0.48919309 -0.67569703 -0.04199236]
[-0.73904406 -0.60976874 -1.31749978 -1.58841917 -1.32365344]
[-0.90630858 -1.00338156 -1.08135524 -0.89451635 -0.57984164]
[-0.2372505   0.76787611 -0.20129984 -1.06077795  0.04978437]
[-0.90630858  0.76787611 -1.31227167 -1.64112792 -1.35597555]
[-0.6554118   0.76787611 -1.05802304 -1.51289514 -0.80892109]
[-0.90630858  0.76787611 -0.975505   -1.28786354 -0.57743109]
[-0.90630858  0.76787611 -1.35925276 -1.65119645 -1.506386  ]
[-0.82267632  0.76787611 -0.74582412 -0.60821775 -0.18086081]
[-0.90630858  0.76787611 -0.95593929 -1.30370133 -0.57347108]
[-0.73904406  0.76787611 -1.40036265 -1.67371974 -1.69347341]
[-0.32088276  0.76787611 -1.43617679 -1.70893946 -2.01408498]
[-0.57177954  0.76787611 -1.18647564 -1.60616999 -1.09850769]
[-0.6554118  -0.47200426 -0.95254465 -0.88629036 -0.46994014]
[-0.82267632  0.76787611 -1.43466028 -1.67408221 -1.77903822]
[-0.90630858  0.76787611 -1.20300064 -1.52445381 -1.00280547]
[-0.73904406  0.76787611 -1.38884827 -1.67269275 -1.65431258]
[-0.73904406 -0.60976874 -1.09243229 -0.89444587 -0.58936257]
[-0.48814728 -0.26535753 -0.93804978 -0.85636669 -0.42788711]
[-0.98994084 -1.29859117 -1.08214412 -0.89096216 -0.57102628]
[-0.73904406 -0.60976874 -1.01569043 -0.89187839 -0.52464944]
[-0.73904406 -0.60976874 -0.83223884 -0.77105606 -0.29825819]
[-0.73904406 -0.60976874 -0.832047   -0.84492885 -0.33659368]
[-1.0735731   0.76787611 -1.5650024  -1.69844805 -2.40810822]
[-0.98994084  0.76787611 -1.59276522 -1.71098337 -2.78470355]
[-0.90630858  0.76787611 -1.63765996 -1.71336961 -3.32190681]
[-0.90630858  0.76787611 -1.57591933 -1.70658342 -2.58877422]
[-0.82267632  0.76787611 -1.64039916 -1.71415495 -3.43543549]
[-1.15720536  0.76787611 -1.65340165 -1.71339981 -3.51080959]
[-0.98994084  0.76787611 -1.51600893 -1.69472269 -2.1482263 ]
[-0.48814728  0.76787611 -1.20437927 -1.5656643  -1.08486086]
[-0.98994084  0.76787611 -1.63302165 -1.71360118 -3.26698429]
[-0.40451502 -1.71188463 -0.83910649 -1.39244534 -0.5051285 ]
[-0.82267632  0.76787611 -1.40476161 -1.67047768 -1.67536396]
[-0.98994084  0.76787611 -1.58362055 -1.71040946 -2.69487384]
[-0.57177954  0.76787611 -1.34573211 -1.57855202 -1.36654995]
[-0.98994084  0.76787611 -1.53511558 -1.69811579 -2.26770875]
[-0.98994084 -1.29859117 -1.37217206 -1.57790763 -1.39722365]
[-0.98994084  0.76787611 -1.61030269 -1.7097248  -2.88876793]
[-1.24083762  0.76787611 -1.68348391 -1.71440667 -4.31437334]
[-0.98994084  0.76787611 -1.44994847 -1.69147056 -1.88074309]
[-0.82267632  0.76787611 -1.00162044 -1.45424597 -0.69531773]
[-0.82267632  0.76787611 -0.96591298 -0.8690027  -0.45741868]
[-1.15720536  0.76787611 -1.6416788  -1.71318837 -3.32568588]
[-0.98994084  0.76787611 -1.5773622  -1.70930192 -2.63927173]
[-0.73904406  0.76787611 -1.00628233 -1.4432612  -0.69224185]
[-0.73904406  0.76787611 -0.74189698 -0.81900239 -0.26444752]
[-0.90630858  0.76787611 -1.53312769 -1.70439855 -2.30244526]
[-0.90630858  0.76787611 -1.5583568  -1.70566718 -2.46787599]
[-1.0735731   0.76787611 -1.55296385 -1.69825675 -2.34565491]
[-0.82267632  0.76787611 -0.93362783 -0.88047075 -0.44300774]
[-0.57177954  0.76787611 -0.96174594 -1.54498354 -0.72701132]
[-1.0735731   0.76787611 -1.41803198 -1.59490331 -1.52234636]
[-0.90630858  0.76787611 -1.53223923 -1.7044791  -2.30216289]
[-0.57177954  0.76787611 -1.00491392 -1.48483416 -0.7226908 ]
[-1.0735731   0.76787611 -1.41040424 -1.59474221 -1.5055229 ]
[-0.82267632  0.76787611 -1.23084537 -1.62575328 -1.1938914 ]
[-0.57177954  0.76787611 -1.09085761 -1.55995544 -0.91478953]
[-1.15720536  0.76787611 -1.62566776 -1.71203049 -3.08226416]
[-0.90630858  0.76787611 -1.27715402 -1.42621518 -1.07117331]
[-0.73904406  0.76787611 -1.02731963 -1.39304945 -0.71713148]
[-1.15720536  0.76787611 -1.56478878 -1.69512544 -2.36866799]
[-0.98994084  0.76787611 -1.12341539 -1.40371202 -0.8284778 ]
[-0.73904406  0.76787611 -0.89407966 -1.29238431 -0.51326679]
[-1.0735731   0.76787611 -1.55972431 -1.70839576 -2.49007425]
[-0.73904406  0.76787611 -0.73496377 -1.25834261 -0.35597616]
[-1.0735731   0.76787611 -1.22896904 -1.41732467 -0.97747925]
[-0.6554118   0.76787611 -0.75796565 -1.31605542 -0.41505526]
[-1.0735731   0.76787611 -1.29398511 -1.42655751 -1.09272656]
[-0.98994084  0.76787611 -1.48496033 -1.6925781  -2.01222847]
[-0.6554118  -0.47200426 -1.45136311 -1.69340372 -1.92846167]
[-1.0735731   0.76787611 -1.51598761 -1.68279149 -2.07455681]
[-0.57177954  0.76787611 -1.16818726 -1.62539081 -1.10199811]
[-0.6554118   0.76787611 -1.02928168 -1.38545778 -0.71041804]
[-1.15720536  0.76787611 -1.67823668 -1.7143966  -4.16522691]
[-0.98994084  0.76787611 -1.05332473 -1.38265873 -0.72558326]
[-0.98994084  0.76787611 -1.45817146 -1.68041532 -1.85948363]
[-1.0735731   0.76787611 -1.51510943 -1.68287204 -2.07433578]
[-1.0735731   0.76787611 -1.53987812 -1.70722781 -2.36029585]
[-0.98994084  0.76787611 -1.41767495 -1.59054363 -1.51436817]
[-0.82267632  0.76787611 -0.96332873 -1.38571956 -0.64105427]
[-0.73904406  0.76787611 -0.97593843 -1.38213517 -0.65449154]
[-0.73904406  0.76787611 -0.89731329 -1.35854461 -0.55589316]
[-0.6554118   0.76787611 -1.03458743 -1.39854687 -0.73137584]
[-0.98994084  0.76787611 -1.66061093 -1.71413482 -3.73413798]
[-0.57177954  0.76787611 -1.39191643 -1.69135981 -1.73085971]
[-0.2372505  -0.0587108  -0.86781451 -1.49150959 -0.6078988 ]
[-0.32088276  0.76787611 -1.10226256 -1.58638533 -0.96317161]
[-0.57177954  0.76787611 -0.98570539 -1.50358175 -0.72844218]
[-1.0735731   0.76787611 -1.5895009  -1.70853671 -2.69768568]
[-0.6554118   0.76787611 -1.05901149 -1.54223483 -0.85535009]
[-0.82267632  0.76787611 -1.35553743 -1.66274505 -1.51373533]
[-0.6554118   0.76787611 -1.42866783 -1.64819603 -1.68866008]
[-0.98994084  0.76787611 -1.35789769 -1.59301042 -1.395491  ]
