[0.22316021 0.02325602 1.99137435 0.11158156 2.15327987]
[-0.89353598 -0.83554427  1.04637618  0.08379441  1.37791711]
[0.73074939 1.58209622 1.7542711  0.06190172 1.82761661]
[ 0.22316021 -0.53001627  1.6741823   0.09001974  1.83182188]
[0.18255308 0.42988204 2.94661656 0.12208104 2.91789116]
[-3.08632122 -0.89616715 -3.48804363 -0.32677032 -3.84398609]
[0.64953512 0.30716298 2.08351237 0.08975709 2.11927885]
[1.62249511e-01 9.89519653e-04 2.09341269e+00 1.20784811e-01 2.26355197e+00]
[-1.64476796 -0.38262327  0.20762825  0.02321599  0.56418072]
[-0.5077682  -0.43120217  1.99488637  0.11570904  2.20873097]
[ 0.34498161 -0.11796851  2.78519003  0.13599508  2.83268215]
[-0.42655393 -0.54947869  1.68743922  0.09927075  1.89444457]
[ 0.04042811 -0.41643742  1.83648933  0.10875372  2.03116895]
[-0.36564323  0.96117465  2.00863265  0.11613543  2.22877445]
[-1.01535738 -1.10068403  1.49567389  0.11687906  1.8561021 ]
[ 0.22316021 -0.62059339  2.50362658  0.12535233  2.58750028]
[-0.54837534  0.30383406  0.87099552  0.06831125  1.1322803 ]
[-0.83262527 -0.58638423  1.35341758  0.10429877  1.69569536]
[ 0.79166009 -0.03873228  3.50399754  0.14141197  3.33113897]
