[-0.54837534 -0.03773255  0.70366388  1.39447441  1.02095158]
[ 1.0962136  -0.34655229  0.35832699  1.37742803  0.61464068]
[ 1.3398564  -0.34597355  2.52592221  1.4187145   2.45400412]
[ 1.86774914 -0.04159358  1.91451766  1.39147587  1.8585314 ]
[ 0.02012454 -0.14970228  1.16394928  1.39263706  1.34778882]
[1.07591003 0.04069418 1.88252936 1.40657708 1.91882788]
[ 1.3398564  -0.02777298  1.04593275  1.37538176  1.13897208]
[ 1.42107067 -0.70255283  2.09124554  1.40153723  2.03686553]
[1.4007671  0.09581072 2.11349387 1.41094739 2.1098646 ]
[ 0.02012454 -1.57421459  0.89565252  1.38061399  1.09703605]
[-0.22351826 -1.63290018  1.12492584  1.3832914   1.30912029]
[ 0.50741015 -0.43586564  1.07805213  1.39467583  1.27549012]
[-1.19808948  0.48779811 -0.8218997   1.33946025 -0.47505348]
[ 0.54801729 -1.14105484  1.16926229  1.39098103  1.31497992]
[ 0.79166009 -0.36887707  0.43721313  1.38151834  0.7192647 ]
[0.52771372 0.16309058 1.00481508 1.38780222 1.19424345]
[0.97439219 0.25392513 1.13304882 1.3829507  1.28186729]
[-0.64989317  0.23152228 -0.17139262  1.35659504  0.13524762]
[-2.84267841 -3.80668577 -2.96810454  1.22104464 -2.82544564]
[1.03530289 0.57853362 1.38565953 1.39721766 1.50659904]
[0.48710658 0.31826423 1.12105081 1.39462194 1.32867564]
[ 1.218035   -0.36835877  0.79886574  1.37411438  0.95147396]
[ 0.06073168 -0.33011863  0.69138158  1.36914122  0.89751417]
[1.01499933 0.60931994 1.31788629 1.39146123 1.43213024]
[1.56319564 1.23536671 1.25513059 1.39971156 1.42726987]
[ 1.07591003 -0.57305589  1.75768739  1.40581478  1.82652653]
[1.98957055 0.13133066 2.38439926 1.40499599 2.25162386]
[1.98957055 0.34296453 2.59969615 1.41052953 2.44285752]
[0.48710658 0.05701107 0.09131962 1.37599557 0.41546706]
[ 1.92865984 -0.01648982  1.96431011  1.40086534  1.93616437]
[1.80683844 0.07508651 2.27178452 1.40908234 2.19468382]
[ 0.89317792 -0.01625666  0.73758067  1.38418113  0.94632846]
[ 1.01499933 -0.41056149  0.79020206  1.38656716  1.01344463]
[1.4616778  0.44767989 1.91667074 1.40233584 1.91901709]
[2.05048125 0.29172225 2.22547079 1.40916121 2.17366248]
[ 1.11651716 -0.45536932  0.68295715  1.3732965   0.86719875]
[-0.6295896  -0.45362012 -0.90212523  1.35507752 -0.48986126]
[1.64440991 0.32797504 1.39407852 1.39636939 1.4987609 ]
[1.70532061 0.45363123 1.87693741 1.40460843 1.90797623]
[ 1.2789457  -0.56063401  1.58667894  1.39977777  1.66675546]
[1.94896341 0.09421691 1.99351151 1.39710919 1.93426743]
[1.23833856 0.27382843 1.9524985  1.40059356 1.94220118]
[ 2.21290978 -0.03485482  2.58410475  1.40712515  2.41129138]
[1.60380277 0.56621591 1.13963741 1.38133503 1.22391669]
[0.26376735 0.31063936 1.02309852 1.39681119 1.26171635]
[ 1.01499933 -0.04889762  1.12153924  1.39549614  1.30984022]
[ 1.23833856 -0.16236104  1.58492005  1.40067245  1.66481189]
[1.2789457  0.18133866 1.24577128 1.3994003  1.4311254 ]
[ 0.22316021 -0.41580756  0.29991934  1.37200997  0.54628493]
[ 1.03530289 -0.07241624  0.66483329  1.38565443  0.89610399]
[1.70532061 0.39286245 2.2711069  1.40428206 2.1838321 ]
[-0.4468575  -0.40189385 -0.22562137  1.35442495  0.07318915]
[1.29924927 0.26935275 1.63950846 1.39647014 1.69590603]
[ 0.81196366 -0.93624256  1.09069732  1.38894087  1.23028018]
[ 1.98957055e+00 -3.18606724e-04  2.29605849e+00  1.39970403e+00  2.19133947e+00]
[1.56319564 0.13096455 1.9633745  1.40073456 1.94258794]
[1.80683844 0.34784301 2.32242378 1.40578281 2.23243782]
[ 0.28407091 -0.5849697   0.91457303  1.38530763  1.1464814 ]
[2.07078481 0.02944929 2.20150673 1.3915511  2.07831957]
[ 1.36015997 -0.1615041   1.56625075  1.40443899  1.67800633]
[ 0.93378506 -0.45723767  1.0734119   1.38887159  1.21814649]
[0.46680302 0.70166055 0.98525122 1.39342188 1.20880652]
[ 0.95408863 -0.80856787  1.30355529  1.39470735  1.42823697]
[0.89317792 0.25257195 0.6546422  1.38390564 0.87058402]
[1.5834992  0.06075391 1.74383006 1.40544947 1.82822876]
[ 0.10133881 -1.81197785  1.14164038  1.39517589  1.33170225]
[ 1.66471347 -0.4264602   2.26965844  1.41260967  2.22271441]
[ 0.89317792 -0.69947958  1.93965836  1.40003874  1.94879613]
[ 1.01499933 -0.41056149  0.95566961  1.38516774  1.12271857]
[1.56319564 0.27757057 1.86566619 1.39937556 1.86407731]
[ 0.56832085 -0.16782257  0.88736687  1.38471616  1.06662207]
[ 0.42619588 -1.70660169  1.50347264  1.39394696  1.59478313]
[ 0.04042811 -0.02034109  0.55912598  1.37845323  0.79375155]
[0.95408863 0.06538452 0.91232034 1.38798604 1.11413936]
[1.44137424 0.05892765 2.02418887 1.4040783  1.9941823 ]
[1.38046353 0.59187308 1.26298149 1.38725826 1.34719915]
[ 0.81196366 -0.26504556  0.24086059  1.37208754  0.48011298]
[ 0.93378506 -0.95859192  0.59077452  1.36454796  0.7466234 ]
[ 1.13682073 -0.46580032  1.10776651  1.39066847  1.2619901 ]
[ 1.17742786 -0.18160682  1.63030377  1.39422742  1.66189524]
[1.62410634 0.30299254 1.81969664 1.40461468 1.86407878]
[2.57837399 0.5708337  1.44827789 1.3919634  1.50111043]
[ 1.5225885  -0.11271615  1.29678802  1.39383048  1.41910854]
[ 1.4616778  -0.05759578  1.34615538  1.39535747  1.4514279 ]
[ 1.17742786 -0.50342813  2.25473652  1.40932619  2.20953886]
[1.82714201 0.38204359 1.38081307 1.39950051 1.52211696]
[ 1.03530289 -0.65509095  1.30257465  1.39890191  1.4577788 ]
[ 0.99469576 -0.67835104  0.9001752   1.37404362  1.01105208]
[ 1.03530289 -0.32139939  1.0172798   1.37147562  1.12251238]
[ 0.69014225 -0.87960122  0.37153867  1.37848879  0.63197202]
[1.94896341 0.33344496 2.46556247 1.4135859  2.36839955]
[1.86774914 1.16905233 1.77726646 1.3998038  1.80206248]
[ 1.07591003 -0.00981942  1.17225543  1.38436002  1.28845659]
[0.66983869 0.95714285 0.73110675 1.38872314 0.98940503]
[-0.24382183  0.00881666 -0.15690379  1.35552729  0.13521164]
[ 1.44137424 -0.65701025  0.34736897  1.37133736  0.56153172]
[ 1.11651716 -0.02721085  1.1313569   1.38802332  1.27064447]
[-0.24382183  0.66225    -0.00412729  1.37119736  0.33598615]
[1.72562417 0.28901817 2.02788926 1.40573395 2.01800264]
[ 1.50228494 -0.1635186   1.48565919  1.39886156  1.58332888]
[ 1.05560646 -0.35121749  1.74694033  1.40479101  1.8206397 ]
[ 0.89317792 -0.90410014  1.59206282  1.40110855  1.69479176]
[ 1.82714201 -0.0526988   1.57025996  1.39205126  1.59659281]
[2.25351692 1.48072861 1.48784904 1.40845014 1.6665727 ]
[ 1.03530289 -0.82576194  0.62820706  1.35688376  0.74786253]
[0.54801729 0.4991576  0.93920575 1.39151223 1.16925346]
[2.43624902 0.72447442 1.69291985 1.39550402 1.70683411]
[1.70532061 0.17817779 1.95916856 1.4055241  1.95413624]
[ 1.50228494 -0.10061568  1.85314884  1.40283986  1.87440294]
[ 1.38046353 -0.00632091  1.67443761  1.39893465  1.72715646]
[1.05560646 0.29884115 0.3490692  1.3733368  0.59224236]
[1.62410634 0.52831941 0.09527148 1.35978064 0.32072469]
[ 0.32467805 -0.77824101  1.29731916  1.40228383  1.50155521]
[ 1.56319564 -0.30977856  1.77170833  1.40811727  1.85764319]
[ 0.77135652 -0.92852046  1.35572442  1.39795694  1.5028834 ]
[0.91348149 0.04229287 0.80462555 1.38745692 1.01447932]
[ 0.50741015 -0.22148656  0.58504281  1.37373253  0.76754018]
[ 0.64953512 -0.49730502  1.25010541  1.39604702  1.41006559]
[1.17742786 0.12181639 1.77754887 1.40276556 1.83959953]
[-1.40112515 -0.96562521 -0.57684404  1.36590644 -0.14583012]
[1.4007671  0.06667166 1.63784147 1.40359419 1.72683969]
[ 0.22316021 -0.74709868  1.30386678  1.39954698  1.48798303]
[1.13682073 0.05903337 1.78349593 1.40910654 1.87352837]
[-1.17778591 -2.06315761  0.07463882  1.36733004  0.43097176]
[1.68501704 0.62693221 1.76072599 1.39338254 1.75555956]
[-0.30473253 -0.28675813  0.26169324  1.38537894  0.62085912]
[-0.67019674 -1.47892711 -0.40136383  1.3630398  -0.02681363]
[ 1.48198137 -0.14274944  0.96617123  1.37593888  1.06676982]
[1.90835628 0.23891531 1.64774644 1.4047802  1.73435797]
[1.05560646 0.54821948 0.84181823 1.37254311 0.97892255]
[-0.71080387  1.69209747 -1.35411327  1.3494011  -0.89723434]
[ 1.01499933 -0.16726616  1.24150753  1.38433916  1.32083612]
[1.72562417 0.28901817 2.54866663 1.41910989 2.46640779]
[1.64440991 1.28500547 0.93264776 1.39156526 1.14478199]
[1.86774914 0.10011963 0.55195759 1.38146818 0.77372158]
[ 1.01499933 -0.90392142  1.74780765  1.39836003  1.77819157]
[2.35503475 0.4244665  1.60138383 1.38931208 1.61066877]
[ 1.17742786 -0.72578655  2.09046366  1.40454034  2.06159865]
[ 0.66983869 -0.59160529  1.0278171   1.38922292  1.21053266]
[ 0.56832085 -0.30257114  0.59251624  1.38501952  0.85090853]
[ 0.48710658 -0.97265676  0.38191636  1.37347434  0.61967197]
[1.4616778  0.41595686 1.42267843 1.40152969 1.56666481]
[1.5834992  0.50841188 1.31369222 1.3873262  1.43273911]
[ 1.218035   -0.35068868  1.76955165  1.40817988  1.85162129]
[1.70532061 0.77290303 1.14290946 1.38248741 1.23590924]
[-1.25900018 -1.49027139 -0.52753389  1.33410208 -0.24142732]
[1.60380277 0.87788039 1.18941062 1.39010281 1.31610708]
[2.53776686 1.07590454 2.4372293  1.410246   2.31503073]
[2.31442762 0.80225659 1.66229535 1.39924577 1.70867216]
[1.62410634 0.28316729 1.58102353 1.40335096 1.6822995 ]
[-0.06108973  0.79467987 -0.22182992  1.35334933  0.05631802]
[ 0.12164238 -0.50027844 -0.12035789  1.35912498  0.18352392]
[2.37533832 0.43793448 1.73321387 1.39743626 1.73854566]
[ 0.22316021  0.91432886 -0.48607474  1.35524608 -0.17115145]
[1.66471347 0.04595617 1.57103536 1.3937384  1.61542043]
[2.00987411 0.36664221 1.86387857 1.39925648 1.84322809]
[2.00987411 0.10092284 2.05027942 1.40631565 2.02142205]
[ 0.02012454 -0.17351746  0.60591791  1.38932815  0.91808545]
[1.44137424 0.30687332 1.60200079 1.3966208  1.66284254]
[ 1.31955283 -1.01863947  2.15558558  1.41085081  2.1409522 ]
[1.88805271 0.435534   2.04810363 1.40748038 2.03400459]
[ 1.2789457  -0.32189594  2.24632249  1.41119167  2.20073065]
[ 0.71044582 -0.15968472  0.57939716  1.32559362  0.71160028]
[ 0.24346378 -0.88709591  1.07285181  1.39079447  1.2528721 ]
[2.27382048 0.66457123 0.98800145 1.38438333 1.11500117]
[ 0.08103524 -1.46715631 -0.10636994  1.37365283  0.25580375]
[ 1.5834992  -0.12170985  1.57558837  1.39269947  1.62720669]
[1.54289207 0.02140742 1.39064412 1.39856537 1.51020943]
[-0.22351826  1.24587668 -0.37952604  1.34975926 -0.0554366 ]
[ 1.17742786 -0.19097026  1.63718122  1.39927369  1.70483398]
[ 1.36015997 -0.01226433  0.83147556  1.38556591  1.03986074]
[1.0962136  0.37615556 1.41948218 1.40113286 1.55944811]
[0.77135652 0.03973291 1.08013129 1.38250456 1.1969522 ]
[2.53776686 2.10724347 1.24571049 1.39460664 1.39042208]
[ 1.2789457  -0.00744566  1.53853645  1.40528171  1.67259758]
[ 1.23833856 -0.18096363  1.65628441  1.39493573  1.69312008]
[2.00987411 0.59176657 2.51876281 1.41256531 2.38501151]
[ 1.07591003 -0.10873012  0.75905763  1.38901393  1.00146404]
[1.64440991 0.56466771 1.53317521 1.40287246 1.64431872]
[ 1.66471347 -0.05380953  2.09460543  1.40198476  2.04691967]
[ 0.77135652 -0.4889001   0.54314972  1.37856367  0.76496181]
[ 0.54801729 -0.13244963  0.97072385  1.38605986  1.14369047]
[ 0.34498161 -0.35657637  0.72395431  1.3818795   0.94360648]
[0.58862442 0.31274181 1.08187794 1.38937991 1.24811295]
[2.11139195 0.60265319 1.69591562 1.40236986 1.74945244]
[-0.91383954 -0.53847966 -0.18675547  1.36780639  0.19348061]
[1.3398564  0.73134909 1.3038424  1.39306413 1.41031383]
[1.38046353 0.12937959 1.0619166  1.3831702  1.18581215]
[2.15199908 0.38009208 2.22865394 1.40537663 2.14120359]
[1.0962136  0.51193704 0.51393936 1.37983898 0.758973  ]
[ 1.48198137 -0.00523474  1.54400756  1.39368622  1.5912315 ]
[ 1.36015997 -0.45864272  1.42384179  1.39265904  1.51199967]
[ 0.40589232 -0.25923031  0.62199577  1.37993178  0.84501419]
[-0.6905003  -0.90749377 -0.15921465  1.3696825   0.21921962]
[2.17230265 0.69493579 1.76752269 1.40132822 1.80400028]
[2.09108838 0.16551238 0.58836287 1.38173013 0.8116636 ]
[2.53776686 0.21020042 2.46745619 1.40612507 2.31837819]
[1.84744558 0.59847282 2.27052622 1.40915012 2.22114988]
[1.74592774 1.51747893 1.68773403 1.4060262  1.78072349]
