[-0.15361824 -0.00704912 -0.04696495 -1.21613533  0.07144098]
[-0.57177954 -0.35928786 -0.48513999 -0.40853179 -0.01824819]
[-0.2372505  -0.78197435 -0.36805355 -0.51557569 -0.00335763]
[-0.90630858  0.76787611 -1.15583213 -1.62822924 -1.0672797 ]
[-0.48814728  0.76787611 -0.79808319 -1.55334876 -0.5867414 ]
[-0.73904406 -0.60976874 -0.6899768  -1.26488303 -0.3248271 ]
[0.09727854 0.1153075  0.28067992 0.00104935 0.39885386]
[-0.15361824 -0.00704912  0.10235371 -0.34018451  0.27487337]
[-0.48814728  0.76787611 -0.2649138  -1.14125486 -0.01203326]
[ 0.1809108   0.14793593  0.24174195 -0.02257067  0.37525692]
[0.09727854 0.76787611 0.66984479 0.18146607 0.56410044]
[-0.2372505   0.76787611 -0.13408228 -0.34068706  0.17004552]
[-0.73904406  0.76787611 -1.01547995 -1.61616795 -0.86798575]
[-0.98994084  0.76787611 -1.01328921 -1.25834983 -0.61957615]
[-0.73904406  0.76787611 -0.69297858 -1.33423542 -0.35762675]
[-0.48814728  0.76787611 -0.54948251 -1.0975327  -0.18541361]
[-0.40451502 -0.18587802 -0.62578134 -1.25382685 -0.32227109]
[-0.82267632  0.76787611 -0.99378481 -1.30860519 -0.66321532]
[-0.2372505   0.76787611 -0.06437527 -0.99249901  0.10232301]
[-0.40451502  0.76787611 -0.72959899 -1.54681556 -0.52205814]
[-0.90630858 -1.00338156 -0.65195027 -0.47788418 -0.12164596]
[-0.40451502 -0.18587802  0.24990598 -0.19142866  0.37538156]
[-0.06998598  0.76787611  0.60772092 -0.96837644  0.41227154]
[ 1.18449792 -2.8954068   2.0339651   0.2568491   0.90803198]
[-0.57177954 -0.35928786  0.05209382  0.08447324  0.348109  ]
[-0.2372505   0.76787611 -0.15337863 -0.38491177  0.15025125]
[0.01364628 0.76787611 1.17102692 0.55838123 0.76467143]
[-0.6554118   0.76787611 -0.21086387 -0.35576367  0.1488567 ]
[-0.57177954  0.76787611 -0.63262782 -1.31312817 -0.3225601 ]
[-0.40451502  0.76787611  0.47568145  0.23473675  0.52215902]
[-0.40451502 -0.18587802 -0.10132877 -0.08136943  0.2443957 ]
[-0.57177954  0.76787611 -0.40489376 -0.19946952  0.07279514]
[-0.40451502  0.76787611 -0.38569031 -1.31262561 -0.15265943]
[-0.15361824 -0.69080668  0.73478738  0.26991549  0.60233883]
[0.1809108  0.76787611 0.45876428 0.05582768 0.46740413]
[0.1809108  0.14793593 1.16783082 0.41515347 0.73860209]
[0.26454306 0.17745689 0.51135171 0.04075108 0.48221201]
[-0.32088276  0.76787611 -0.06290039 -1.26689324  0.060342  ]
[-0.73904406  0.76787611 -0.82921623 -1.2392528  -0.45064763]
[-0.32088276  0.76787611 -0.6959902  -1.27392899 -0.39154029]
[-0.06998598  0.76787611  0.1895206  -0.16328566  0.34283352]
[-0.15361824  0.76787611 -0.42971284 -1.39856227 -0.22373675]
[-0.48814728  0.76787611 -0.48903329 -1.3603682  -0.22586122]
[-0.06998598  0.76787611 -0.31211804 -1.3030771  -0.11091611]
[-0.82267632  0.76787611 -0.97318715 -1.30609242 -0.63947427]
[-0.48814728  0.76787611  0.22927273 -0.16529588  0.37498966]
[ 0.93360114 -0.0587108   1.45055741  0.44580923  0.79841767]
[-0.32088276  0.76787611  0.11958332 -0.69699752  0.27520581]
[-0.48814728  0.76787611 -0.42867893 -1.26538558 -0.15407764]
[ 0.01364628 -1.09194444  0.66678871  0.20910651  0.57036535]
[-0.32088276  0.76787611  0.1347694   0.06738642  0.36545187]
[-0.15361824  0.76787611  0.34559149 -0.23062784  0.39248127]
[-0.32088276 -0.11775272 -0.57965321 -1.30810263 -0.28901831]
[-0.48814728  0.76787611  0.11120452 -0.13765543  0.33325353]
[-0.06998598 -0.60976874  0.6618693   0.24780314  0.57656169]
[-0.06998598  0.76787611  0.59533721  0.18699416  0.54371929]
[-0.2372505  -0.78197435 -0.37816942 -1.35333245 -0.16591133]
[-0.15361824  0.76787611 -0.34719666 -1.25382685 -0.11202312]
[-0.6554118   0.76787611 -0.42219328 -1.27995963 -0.14054296]
[-0.6554118  -0.47200426  0.15709983  0.13925157  0.40406957]
[-0.2372505  -0.78197435 -0.4539725  -1.20105873 -0.18215898]
