[-0.62601928 -0.57724117  0.59670278  0.04125636  0.50300142]
[-0.62601928  0.78350719  0.54991826  0.08258661  0.57393048]
[ 0.62165486 -2.03970876  1.55887205  0.12275038  1.08885896]
[-0.53004434  0.20866585 -0.46805948 -0.14841223 -0.35109589]
[-0.53004434  0.84254495 -0.21309228 -0.18625446 -0.27383689]
[-1.10589394 -0.87798405 -0.14912185  0.01730905  0.07390365]
[ 0.81360473 -1.41221223  1.40286575  0.11171449  1.00669653]
[-0.72199421  0.96800019 -0.69069669 -0.13160109 -0.49906331]
[ 0.62165486 -1.19469834  0.86182267  0.07828662  0.68928874]
[-0.81796914  1.46549511  0.02276889 -0.06002221  0.08905194]
[-0.91394408 -0.1020592  -0.52630847 -0.11577345 -0.36371405]
[ 1.19750446 -0.68412162  1.08872663  0.03219892  0.71311999]
[-0.72199421  1.51163956 -0.685      -0.19845684 -0.58718831]
[-1.10589394  1.3057643  -1.50731938 -0.211414   -1.17559683]
[-0.53004434 -0.16109696  0.3833148   0.05164038  0.39579386]
[ 0.52567993 -0.76986337  1.19858896  0.09357676  0.88397383]
[-0.81796914  1.77449816 -0.77677594 -0.33139067 -0.87624484]
[1.869329   0.10012491 2.44216622 0.15693304 1.52969015]
[ 0.62165486 -1.19469834  1.19786952 -0.01933238  0.75094659]
[-1.20186888  1.24400172 -1.67878015 -0.38079485 -1.66959496]
[-0.53004434  0.20866585  0.2556114   0.0353553   0.3078431 ]
[-1.20186888  1.59527639 -1.29005743 -0.31389336 -1.19818484]
[1.77335407 0.26903529 2.18446728 0.11588869 1.35146119]
[ 0.62165486 -0.3822384  -0.27953459 -0.30828965 -0.57290298]
[-0.62601928 -0.05545045  0.70356541  0.04368082  0.56033566]
[-0.81796914 -0.40522608 -0.90667302 -0.16163243 -0.6735455 ]
[ 1.2934794  -0.81210794  1.23042928  0.11545412  0.91443534]
[0.14178019 0.13163193 1.02771994 0.10762035 0.83680881]
[-1.00991901  0.77332827 -0.29984632 -0.14500426 -0.22965601]
[-0.81796914  1.46549511 -0.80494214 -0.14811489 -0.60253055]
[ 1.19750446 -1.1908075   1.14654007  0.0863148   0.8272269 ]
[ 1.10152953 -1.46964275  1.4864539   0.09117516  0.99231686]
[ 1.77335407 -1.04666336  2.22428343  0.12373389  1.36796673]
[ 0.42970499 -0.12392504  1.99232295  0.14537109  1.33891771]
[ 1.19750446 -0.59122921  1.33162244  0.10752886  0.95489243]
[-0.33809447  0.15713096 -0.48948675 -0.17914117 -0.44312622]
[-0.53004434  0.20866585  0.43128404  0.0150447   0.37859774]
[-1.00991901  1.36295187 -0.29725196 -0.17223374 -0.28716229]
[-1.10589394  1.64545849 -1.57054586 -0.33550769 -1.46491487]
[-0.91394408 -0.1020592  -0.35372491  0.00241918 -0.09251782]
[-0.72199421  0.96800019 -0.18200052 -0.017251   -0.02649047]
[ 0.7176298  -0.09188028  1.42656174  0.10624801  0.99903303]
[-1.77771848  1.66907359 -2.43914118 -0.38467171 -2.27173216]
[-1.10589394  1.3057643  -0.44056253 -0.02143663 -0.16691434]
[0.33373006 0.09473333 0.68995182 0.06118957 0.57345424]
[-0.72199421  0.48831839  0.03826365  0.02771595  0.17722347]
[-0.14614461  1.49355593 -0.29672249 -0.26020062 -0.41496383]
[1.48542926 0.15347737 1.91340269 0.11619747 1.23076395]
[1.96530393 0.13728307 2.17282582 0.14286657 1.38604433]
[-0.91394408  1.41605462 -0.46110838 -0.11005538 -0.26631672]
[ 0.33373006 -0.1800336   1.16279848 -0.06521422  0.69758143]
[ 1.19750446 -0.86227145  1.65689265  0.11177167  1.11580294]
[ 0.81360473 -1.07746567  1.35844598  0.04957044  0.85430143]
[ 1.19750446 -0.77443369  0.74243643 -0.09105993  0.41555653]
[-0.24211954  1.70280945  0.88745013  0.08572012  0.7337179 ]
[ 0.42970499 -0.49564427  1.01646603  0.06548956  0.75900713]
[-0.43406941  0.08981352  0.32916592  0.03878615  0.34760914]
[-0.72199421 -0.82203188  0.11760649  0.00316253  0.17481121]
[-0.33809447  0.73689844  0.89706242  0.06633584  0.69463041]
[ 0.23775513 -0.3694      0.54253022  0.05632921  0.48325437]
[-0.43406941  0.89830284  0.81416678  0.05431644  0.6438119 ]
[ 1.48542926 -0.16109696  1.49786     0.11018205  1.03398953]
[ 1.96530393 -0.65687189  1.72630497  0.08367305  1.0564122 ]
[ 1.0055546  -2.05167825  1.5305451   0.10128472  1.03483231]
[-0.14614461  1.49355593  1.45365123  0.09904324  1.04101515]
[-0.24211954  1.45588168  0.00400917 -0.16406833 -0.10139593]
[-0.72199421  0.06193457  0.07267607  0.0233016   0.20715387]
