[1.60380277 1.20342058 1.22557229 4.56009775 1.57221586]
[1.19773143 0.67628719 1.25278614 4.56170448 1.60854621]
[0.89317792 0.79172022 0.9229505  4.5470025  1.32608739]
[1.1571243  0.88654589 1.84925419 4.56991112 2.103024  ]
[1.19773143 0.21020042 1.2590162  4.56645679 1.66213165]
[1.29924927 1.23513935 0.5260089  4.54828066 0.98588354]
[ 0.28407091 -0.42255208  0.48851633  4.55726143  1.04115702]
[3.10626673 1.79236339 0.10738686 4.50963078 0.45403116]
[-0.2641254  -1.35754597 -0.21999579  4.52447748  0.33356148]
[ 0.24346378 -0.45985318  0.44630228  4.54995083  0.97234142]
[1.5225885  0.92122599 1.65993241 4.56864784 1.94949843]
[2.13169551 1.85333044 1.61715104 4.5638316  1.86804639]
[-1.79025228e-04 -8.86591175e-01  1.16597971e+00  4.56651725e+00  1.61141992e+00]
[0.83226722 0.21223046 2.04000229 4.57756121 2.28993024]
[0.79166009 0.88743149 1.77350554 4.57393887 2.08525412]
[ 0.40589232  1.06156878 -0.0049286   4.53989411  0.56792337]
[1.60380277 0.64182422 1.31281066 4.55069175 1.59109441]
[ 0.46680302 -0.81740878  1.26589306  4.5520606   1.62550563]
[1.2789457  0.65969326 1.42771355 4.5693169  1.79984797]
[1.42107067 0.36381949 1.55491447 4.55303842 1.808787  ]
[2.84232036 0.91902575 1.28196062 4.544638   1.52942153]
[-2.53812491  3.34900622 -2.70407306  4.42729029 -2.09030345]
[0.81196366 0.77307636 1.75649644 4.56936596 2.04085139]
[1.68501704 1.67395614 1.35013961 4.56036785 1.6670658 ]
[ 1.86774914 -0.01544933  1.73500181  4.56657673  1.97163956]
[1.42107067 0.56793657 1.58945435 4.55457874 1.84933244]
[1.82714201 1.23557477 1.29652887 4.56142248 1.64028952]
[-2.4772142   4.63418568 -2.19076252  4.49798517 -1.37499482]
[1.72562417 0.23105343 1.28880751 4.554831   1.59851585]
[2.74080253 3.05440821 0.10897158 4.52567485 0.49707079]
[-0.22351826 -0.21397372  0.28735347  4.55505749  0.90235788]
[1.23833856 0.65041826 1.08210249 4.55128102 1.44176368]
[ 0.40589232 -0.35369015  0.81927657  4.5601701   1.30158808]
[1.92865984 1.64012203 1.34208886 4.55825709 1.66120458]
[0.64953512 0.2599605  0.44533947 4.55332834 0.97570273]
[1.90835628 1.28311968 0.98626356 4.53208444 1.26200866]
[ 0.16224951 -0.01107309 -0.34579268  4.53430225  0.26065675]
[0.99469576 1.2849575  1.23254377 4.56306887 1.61723328]
[1.19773143 0.93237882 0.26882328 4.53754001 0.73063996]
[-3.32996402 -0.77468366 -3.58614244  4.43252581 -2.9663219 ]
[-3.18783905  6.12060265 -4.56113765  4.23951186 -4.6170184 ]
[2.55807042 1.63996776 1.70646124 4.55790769 1.88032279]
[0.87287436 0.10402883 0.85860048 4.52789414 1.20709402]
[-0.77171457  2.81380796 -1.10475149  4.50235537 -0.44697469]
