[ 0.71044582 -0.1802244   4.40287842 -1.90651507  3.75302918]
[-0.64989317 -0.42515218  1.3601515  -2.00781621  1.21991457]
[-0.12200043 -0.4873166   3.38737128 -1.93371808  2.98226849]
[-0.18291113 -0.42370793  2.41553895 -1.98939207  2.08806764]
[-0.14230399 -0.19186495  3.37561088 -1.91292218  3.04001136]
[-1.80719649 -2.95776979  0.1379557  -2.06173561  0.06645781]
[-1.64476796 -2.59497673 -0.13183657 -2.09134401 -0.29951444]
[-2.3553928  -2.14848109 -1.67512832 -2.25221008 -2.16502346]
[-0.6295896  -0.57934371  2.47121933 -1.9497408   2.25328633]
[ 0.24346378 -0.68058449  4.29909524 -1.90110098  3.72681724]
[-0.06108973 -0.68563507  2.68092083 -1.94097182  2.40831122]
[ 1.0962136   0.47753087  4.23815991 -1.91397454  3.5999074 ]
[-0.06108973 -0.02213677  3.05223849 -1.93450735  2.73224723]
[ 1.29924927 -0.3064891   3.75779923 -1.93692065  3.15903158]
[-1.96962503 -2.12137601 -0.56232591 -2.1137857  -0.75495227]
[ 0.75105296 -0.20675274  3.00794994 -1.93758727  2.64612873]
[ 0.16224951  0.18698992  3.06193303 -1.9408927   2.70413415]
[ 1.23833856  0.36990218  4.67348569 -1.90641617  3.92328005]
[-1.66507152 -0.48531447 -0.41494831 -2.15629337 -0.64936205]
[-0.97475024 -2.15098405  1.52439647 -2.00149614  1.36839654]
[-1.05596451 -0.88354871  1.61218164 -1.97011734  1.52904875]
[-0.24382183 -0.9363987   2.63330527 -1.97290054  2.29522386]
[-1.03566094 -2.54160167  1.48918588 -1.97963404  1.38413806]
