[1.92865984 1.66658247 0.38491424 3.88384526 0.85517507]
[2.13169551 1.13771796 0.92269851 3.88528346 1.27514252]
[ 0.77135652 -0.11827798  0.12947279  3.89110917  0.69328366]
[1.64440991 0.68328943 0.5865129  3.88832563 1.03429328]
[1.68501704 0.45913313 0.23664378 3.89664537 0.80687992]
[ 1.90835628 -0.17470393  0.30675947  3.88738929  0.80685652]
[1.72562417 0.72197269 1.05711664 3.89747992 1.41285267]
[2.25351692 1.5785609  0.79143767 3.9013425  1.26181156]
[2.05048125 0.70191935 0.85558007 3.9010212  1.28445975]
[ 1.13682073 -0.22272602  0.78599723  3.9006679   1.25579982]
[1.03530289 0.87402097 0.14139708 3.87271222 0.62071583]
[1.4616778  0.50115156 1.56723398 3.91112406 1.87610066]
[1.0962136  0.1498531  0.26608353 3.89896286 0.85027055]
[-0.18291113  0.68090954 -0.57610468  3.87599677  0.10266909]
[1.76623131 1.16602415 0.53346805 3.89462407 1.01705219]
[ 1.1571243   1.37936683 -0.18368969  3.87941197  0.40456424]
[ 0.73074939 -0.28380556 -0.39813337  3.87756865  0.18736333]
[-0.08139329  2.29017147 -0.5215941   3.869211    0.06763865]
[1.56319564 1.37782257 0.86459482 3.90145918 1.31221826]
[2.03017768 0.44794873 1.04633003 3.89162821 1.38016778]
[-0.3250361   2.10964734 -0.73824117  3.84998702 -0.0928072 ]
[-1.15748235  0.58435382 -1.54013926  3.85655898 -0.81712326]
[1.82714201 1.0333379  0.38184414 3.88491423 0.85168979]
[1.218035   0.65742696 0.40178577 3.8846161  0.87346693]
[1.4007671  0.35864975 0.99732815 3.90120772 1.41168789]
[-2.53812491  2.97611937 -3.11061017  3.77565273 -2.5445728 ]
[-0.40625037  3.78294206 -0.7138475   3.8682731  -0.06098608]
[ 1.0962136   0.03670187 -0.13620439  3.88551005  0.44074296]
[1.56319564 0.28755621 1.5207469  3.91033664 1.83530399]
[0.58862442 0.09083837 0.4115885  3.89493368 0.9398235 ]
[1.5225885  0.98102488 0.97867395 3.89844239 1.36748003]
[ 0.91348149  1.22927313 -0.56665218  3.85317172 -0.03363576]
[0.73074939 0.03742521 0.2513348  3.89593009 0.83278086]
[1.90835628 0.7369276  1.23632818 3.90456904 1.58673961]
[1.0962136  0.51193704 0.3331034  3.89546737 0.87155688]
[0.81196366 1.212303   0.02408826 3.88194682 0.56786027]
[2.03017768 0.86682509 1.54853449 3.90899096 1.84385158]
[ 0.24346378  0.99563695 -0.10996191  3.87865863  0.45994772]
[-0.2641254   1.91331997 -0.34637996  3.86765823  0.22471467]
[1.31955283 0.85785487 0.97153446 3.89059341 1.33851958]
[2.53776686 0.95152286 2.02092305 3.91393846 2.19882914]
[1.94896341 0.49866695 1.43344256 3.90567685 1.73429527]
[1.01338810e-01 1.50173413e+00 9.61613659e-04 3.88090205e+00 5.65100219e-01]
[1.56319564 1.04865837 0.71016844 3.8948285  1.1520767 ]
[1.80683844 1.51064402 0.09808673 3.88511594 0.6284556 ]
[1.88805271 0.9974355  0.51353244 3.88489173 0.98607034]
[1.44137424 1.05239107 0.91086546 3.89948162 1.32613956]
[2.15199908 0.65074369 1.18605597 3.8899825  1.46085873]
[1.36015997 0.91443623 0.9058989  3.89161992 1.29565004]
[1.86774914 1.3893424  1.43009486 3.90452662 1.72107136]
[-0.02048259 -1.21506134 -0.59427074  3.86787418  0.00578355]
[2.25351692 0.65077432 0.86192296 3.89995859 1.28291049]
[1.5834992  0.50841188 1.02886122 3.89864129 1.39605784]
[-2.61933917  2.59120945 -3.03857364  3.79485095 -2.41932687]
[1.94896341 1.42379306 0.83573162 3.89846307 1.27257246]
[2.07078481 0.86329978 0.1850627  3.8966334  0.76579107]
[-1.96962503  3.54206894 -1.67323925  3.83767583 -0.92356621]
[-2.53812491  2.05095686 -2.17927619  3.86488863 -1.28278238]
[ 1.44137424  1.16585539 -0.16970449  3.8254675   0.26276049]
[1.92865984 0.11584189 1.00475318 3.88919806 1.32846239]
[1.4007671  1.0453295  0.58977016 3.89721001 1.07362009]
[0.06073168 1.64325508 0.14852792 3.89942186 0.78695798]
[3.1265703  2.70472835 1.25229852 3.89552238 1.51301474]
[ 0.38558875 -0.1365084   0.37113048  3.8859904   0.87373748]
[-0.85292884  1.79315711 -1.21615623  3.86838228 -0.47259765]
[-1.05596451  0.37940958 -0.8672637   3.87955848 -0.11550354]
[ 0.69014225  0.7178279  -0.32404884  3.8807374   0.27389857]
[-0.40625037  1.45992831 -0.9181228   3.86297017 -0.28137744]
[ 0.56832085  1.68036392 -0.36285762  3.87065959  0.20226862]
[ 1.03530289  0.46178538 -0.33108649  3.88648446  0.31866678]
[1.68501704 2.52323603 0.49653421 3.87148229 0.89189751]
[1.3398564  0.71969011 0.88966461 3.90508648 1.36408675]
[2.29412405 1.19423793 0.2161363  3.89653569 0.78782539]
[1.5834992  0.85086444 1.02338546 3.90032924 1.4180676 ]
[1.17742786 1.82731843 0.4165288  3.88375989 0.88004036]
[0.73074939 0.74081284 0.63516628 3.90083139 1.14566188]
[1.78653487 1.69579571 0.68681609 3.89047864 1.13129067]
[1.86774914 0.56163483 0.91993236 3.89955578 1.32468   ]
[1.70532061 0.53620805 0.63402298 3.89624697 1.08978544]
[-0.18291113  0.95734573 -0.04435328  3.88164516  0.54904401]
[0.20285665 0.58761942 0.27236517 3.88610019 0.80241816]
[2.57837399 1.10268923 1.37663459 3.90377357 1.67985202]
[1.5834992  0.86242585 0.61170347 3.89508599 1.06739948]
[1.3398564  1.50084169 0.76684889 3.89481968 1.18406065]
[1.13682073 0.16162819 0.90676702 3.89925923 1.32487864]
[1.4616778  0.04557293 1.22735203 3.90214585 1.57891634]
[1.2789457  1.53673699 0.35851406 3.88382823 0.84296245]
[-0.42655393 -0.10827995 -1.15356239  3.8636554  -0.45831339]
[0.16224951 0.70495806 0.0256214  3.89209616 0.6396434 ]
[2.09108838 1.22408623 0.92423282 3.90031403 1.34770561]
[1.0962136  1.2862768  0.51743075 3.88376645 0.96324853]
[2.13169551 1.16048295 1.22238931 3.89640497 1.52136128]
[1.72562417 0.96967235 0.66859428 3.88797517 1.08832894]
[1.5225885  0.56937811 0.56756236 3.88441302 0.98863301]
[-0.36564323  1.99514012 -0.61565449  3.80879356 -0.10593766]
[1.5834992  0.73707232 0.75849811 3.88668167 1.14159287]
[ 0.99469576  0.71411491 -0.09334608  3.88524352  0.48075339]
[1.5225885  1.49358682 0.55707595 3.9003528  1.08483839]
[ 1.98957055  0.68992141 -0.41275668  3.87771102  0.21676371]
[ 0.77135652  2.84731489 -0.64640935  3.87118901 -0.01737684]
[-0.02048259  1.11392326 -0.80128803  3.8720039  -0.11618146]
[1.94896341 0.94021914 0.91397844 3.8994644  1.33712073]
[ 0.99469576 -0.11512806  0.39926338  3.88453824  0.87978339]
[-0.30473253  0.51709913 -0.24129611  3.88035992  0.37356196]
[1.76623131 0.7629213  0.29913615 3.89021165 0.79383642]
[0.97439219 1.04575564 0.13608114 3.87820612 0.62929155]
[1.62410634 1.45125623 0.90301043 3.89830962 1.31670203]
[2.13169551 0.39427112 0.67235424 3.89668347 1.13179698]
[1.5225885  1.39924162 0.72646797 3.89625386 1.1594435 ]
[0.66983869 0.63464662 0.31064951 3.87685014 0.81919061]
[2.17230265 0.45986375 1.8709329  3.90792518 2.061656  ]
[0.73074939 0.0701282  0.56475558 3.89357059 1.04766679]
[-0.91383954  1.9120633  -1.03697177  3.86677341 -0.32759725]
[ 2.07078481 -0.04694103  0.84665575  3.8930088   1.21664445]
[2.17230265 1.06523015 1.4846967  3.90390807 1.7592557 ]
[0.71044582 0.27836525 0.35916553 3.89258861 0.87981671]
[2.03017768 0.89930937 0.48982299 3.88047103 0.88121833]
[-2.21326783  2.15843654 -2.83591127  3.78984048 -2.21600436]
[0.56832085 0.16452957 0.24134121 3.87249218 0.70156608]
[-2.43660707  3.52930316 -2.69220679  3.76714703 -2.11066284]
[2.74080253 0.88375917 1.03382372 3.90153547 1.40705378]
[0.77135652 1.16183128 0.00931848 3.88345688 0.57400697]
[0.85257079 1.17617377 0.75950812 3.89843456 1.22687219]
[1.5834992  0.16524047 1.18649479 3.90720074 1.57376106]
[2.25351692 1.46865459 0.91988328 3.89772503 1.31968941]
[0.75105296 1.84829752 0.27461592 3.89489653 0.83564691]
[2.63928469 0.77014685 1.29641478 3.9052181  1.62940781]
[ 7.51052956e-01  1.38115595e+00 -2.19899911e-03  3.87836788e+00  5.40105310e-01]
[1.60380277 0.35811696 0.90346426 3.90171471 1.33631087]
[ 0.08103524  0.75680122 -0.08692436  3.89224334  0.55356514]
[1.218035   1.51556566 0.07954869 3.85809502 0.51009626]
[1.66471347 0.19622526 0.6475942  3.89844939 1.1139777 ]
[-0.3250361   0.73426928 -0.61915419  3.86572954 -0.01928252]
[1.88805271 1.2078498  0.58703011 3.88458144 1.01657276]
[1.07591003 1.45500579 0.37090287 3.89038741 0.87901656]
[2.11139195 0.80702182 1.24712438 3.90494615 1.59844841]
[1.54289207 0.07778708 0.72202699 3.90142088 1.19336707]
[ 2.07078481 -0.03010737  0.34426795  3.88297223  0.81270931]
[1.38046353e+00 3.20261961e-03 9.28019190e-01 3.90371579e+00 1.37226182e+00]
[ 0.20285665  0.38265203 -0.58371308  3.87009718  0.02527928]
[1.48198137 0.98582233 0.72008702 3.89281723 1.15644894]
[0.93378506 0.75002229 0.38408822 3.88835255 0.89810994]
[-0.04078616  1.29976242 -0.41257033  3.87808721  0.23110611]
[-0.95444668  2.17424765 -0.76668549  3.87864992 -0.05079475]
[ 2.19260622 -0.00690794  1.73747016  3.90809545  1.95689898]
[2.70019539 0.83831424 0.9152137  3.90494477 1.36630529]
[-0.24382183  0.97571263 -0.40930076  3.87310344  0.19489943]
[1.56319564 0.81235985 1.72517397 3.91473123 2.00205499]
[ 2.09108838 -0.06665364  1.24867447  3.90034072  1.56537476]
[0.93378506 1.7462643  0.03367017 3.8700934  0.55863083]
[ 0.48710658 -0.12170985 -0.71705405  3.87263442 -0.09041147]
[0.28407091 1.19306651 0.1388273  3.89672259 0.76637147]
[0.36528518 0.61979183 0.22834585 3.89855178 0.83658877]
[ 1.90835628 -0.0392401   1.07598769  3.90272417  1.46425959]
[1.66471347 1.49564517 0.54762604 3.88773698 1.00240084]
[ 0.04042811  0.90020719 -1.11137674  3.83651021 -0.54259159]
[0.79166009 1.13678327 0.82775647 3.90168433 1.29728154]
[ 0.02012454  1.75329205 -0.28885914  3.87628568  0.31747972]
[2.15199908 0.78318237 0.2726677  3.86937345 0.68087508]
[1.3398564  1.79211854 0.81072666 3.88756729 1.20228482]
[2.45655259 0.49148032 1.55746327 3.90833775 1.83498672]
[0.87287436 1.39852116 0.68495723 3.89908669 1.16334198]
[1.72562417 0.33802775 1.03015085 3.89698427 1.38904454]
[1.80683844 0.88149012 1.31533288 3.90546779 1.64670853]
[2.59867756 0.44817383 1.42532273 3.9006558  1.6732822 ]
[2.67989182 0.87402097 2.12560083 3.91765469 2.30778659]
[1.5834992  0.9561431  0.83329371 3.89877536 1.25526192]
[1.5834992  0.46636354 1.4306167  3.90714666 1.75533589]
[1.60380277 0.59843769 0.31979576 3.88200527 0.78073809]
[0.26376735 0.68955896 0.68616071 3.89011312 1.14191113]
[0.85257079 1.11954364 0.45357368 3.88573227 0.91714925]
[-0.06108973  1.3495939   0.17675848  3.89599294  0.7956186 ]
[ 2.23321335  1.14099228 -0.02647564  3.87827887  0.49446562]
[ 0.04042811  0.58234225 -1.10108592  3.85878658 -0.43044579]
[1.13682073 0.10996541 0.3671741  3.88959718 0.85053869]
[0.95408863 0.15021072 0.51380588 3.88434276 0.95596055]
[ 0.14194594  0.86382795 -0.84640606  3.86836104 -0.18914035]
[-0.2641254   2.00011655 -0.13678495  3.87814486  0.4500033 ]
[2.33473119 1.02465044 0.291291   3.88546361 0.78426027]
[ 0.20285665  1.30948725 -0.31063616  3.88377687  0.32760145]
[ 4.04023082  2.75950871 -1.07689278  3.85818265 -0.47417393]
[1.62410634 0.19525347 0.41589796 3.89050921 0.88005429]
[ 0.56832085  1.44908209 -0.52759203  3.87473089  0.11029146]
[2.47685615 1.74417674 0.25340058 3.87878954 0.67426699]
[0.95408863 1.73195511 0.85792838 3.89126469 1.27035651]
[ 0.08103524  1.35679955 -0.56946522  3.87974199  0.09463958]
[1.17742786 0.96645168 0.34784997 3.89402887 0.87942797]
[0.60892799 1.43876383 0.68866098 3.89365939 1.1604057 ]
[2.15199908 0.38009208 1.40482265 3.90370725 1.70479622]
[1.218035   0.5421107  0.69649691 3.90443635 1.22324293]
[1.56319564 0.5677859  0.84639776 3.89568741 1.25050467]
[2.29412405 0.76821924 0.75364702 3.89946878 1.19608386]
[1.03530289 1.26292594 1.2006067  3.91049297 1.62814123]
[1.5225885  0.237185   1.01055175 3.89916796 1.39662141]
[1.4007671  1.1722742  0.65045802 3.88903254 1.0940214 ]
[ 0.83226722  0.25717849 -0.1093672   3.88159874  0.49080161]
[1.56319564 1.03650839 0.64702749 3.89080509 1.09311468]
[ 0.60892799 -0.20568715  0.16285116  3.88240377  0.686971  ]
[-1.79025228e-04  1.10161659e+00 -4.22736384e-01  3.87454200e+00  2.01174397e-01]
[1.4616778  0.83861721 0.66348459 3.90005841 1.16485628]
[-0.34533967  0.81161049 -0.76632332  3.87349093 -0.07766684]
[ 0.50741015  2.62500966 -0.08088385  3.89083544  0.55432396]
[-0.87323241  2.42162627 -1.46222016  3.8588123  -0.728961  ]
[1.54289207 1.06967334 0.09884882 3.87952904 0.59833695]
[1.78653487 0.77786869 0.25401889 3.88684255 0.7499613 ]
[2.65958826 0.86092464 1.63080843 3.9070528  1.87255608]
[1.5225885  0.18786461 0.84705027 3.89943702 1.28428159]
[1.94896341 0.53861691 1.16659482 3.90127067 1.52393758]
[0.62923155 1.63627879 0.30201372 3.88083447 0.78270627]
[2.15199908 0.84584822 1.50127394 3.90369262 1.75438062]
[0.73074939 0.4750852  0.74756362 3.89984731 1.22089684]
[ 0.99469576  0.17299514 -0.20331013  3.87171439  0.36468269]
[1.5225885  0.60207173 0.96089174 3.90228321 1.37644208]
[ 0.10133881  1.04227648 -0.57003412  3.87788935  0.09265617]
[ 0.38558875  0.54443175 -0.48705401  3.86454718  0.09607782]
[-0.93414311  0.67177589 -0.97681236  3.87102756 -0.25280702]
[1.92865984 0.71972755 0.92403886 3.90214494 1.34715454]
[2.17230265 1.48473588 0.53003069 3.89037391 0.98896082]
[0.62923155 1.92778718 0.09495999 3.87958435 0.62929602]
[-0.5686789   1.62226757 -0.8391149   3.86460293 -0.20351808]
[1.25864213 1.31009171 0.46768205 3.88240127 0.90566247]
[2.13169551 1.28797648 0.65039119 3.89733531 1.10789904]
[-1.05596451  1.39916035 -1.07800415  3.85381117 -0.41758442]
[ 1.54289207 -0.05240044 -0.1065963   3.88016443  0.42426958]
[0.50741015 0.63138312 0.2438117  3.88588768 0.77972951]
[2.13169551 0.40367576 1.24776751 3.88626677 1.53808228]
[2.35503475 1.09235983 0.99718624 3.90342062 1.41249357]
[-2.57873204  2.93387625 -3.65768946  3.7534826  -3.1199572 ]
[ 0.16224951  2.50145199 -0.80687834  3.87136488 -0.12387749]
[1.90835628 1.02361433 0.70198868 3.89266462 1.1268948 ]
[2.23321335 0.3612543  1.38049471 3.904382   1.68331197]
[1.38046353 1.31374923 0.28201712 3.89296751 0.8182147 ]
[ 0.28407091  1.7044796  -0.60725039  3.87443517  0.05316509]
[2.70019539 1.29996533 1.06655569 3.89863684 1.41763637]
[1.86774914 1.4526347  0.8896806  3.89197178 1.28092288]
[2.37533832 1.31777058 1.22161569 3.89591201 1.54034671]
[1.11651716 0.12460752 0.22874597 3.8943828  0.81217095]
[2.07078481 0.96084219 0.93976768 3.90032467 1.34116662]
[-0.06108973  0.9549747  -0.59427467  3.86780527  0.01316716]
[2.61898112 1.02527122 1.5587746  3.90777147 1.84784129]
[1.92865984 0.46444803 0.29600902 3.89060153 0.79772452]
[0.91348149 1.49437009 0.21843673 3.87868293 0.68679958]
[2.41594545 0.72076755 1.1665876  3.90528629 1.53738811]
[1.82714201 0.03551081 1.31753514 3.8942023  1.60098951]
[1.62410634 1.47787019 1.04857755 3.89125065 1.38547584]
[2.09108838 0.58854374 1.26935855 3.90487875 1.61100413]
[-0.81232171  2.70250871 -1.63815522  3.82702001 -1.04560761]
[-1.42142872 -0.58415558 -1.07627965  3.85781683 -0.37148013]
[-0.71080387  2.07504779 -1.37735354  3.84760902 -0.70037596]
[ 1.218035   -0.70327617  0.70654031  3.89775751  1.16160103]
[ 0.93378506  0.85236288 -0.49644569  3.86245742  0.03810026]
[3.97932012 4.1862802  0.83931031 3.89513315 1.22046661]
[ 0.08103524 -1.81552292 -0.10780044  3.88820549  0.51652728]
[2.35503475 0.83989138 1.56998727 3.90627665 1.83656428]
[2.45655259 0.82702483 1.33150977 3.90087406 1.60630829]
[1.64440991 0.43932266 0.31280272 3.87292771 0.73842442]
[1.92865984 0.67772995 0.94170484 3.89217725 1.31251103]
[0.69014225 0.81079997 0.21177197 3.88566421 0.76006433]
[ 1.88805271 -0.21353173  0.15117929  3.8730093   0.61299743]
[0.26376735 0.09806858 0.26586914 3.88454427 0.79399372]
[-0.58898247  2.98285378 -0.29396218  3.88266255  0.37655903]
[ 0.71044582  0.67078806 -0.87330151  3.87566529 -0.17628578]
[-0.16260756  2.72058777 -0.2507911   3.87891859  0.35501785]
[0.95408863 0.13949764 0.3010531  3.88124764 0.77680268]
[ 0.89317792 -0.71634593  0.19073999  3.89508072  0.78317427]
[2.57837399 1.39729895 0.38044125 3.88392954 0.8425326 ]
[0.85257079 0.24065091 0.08474882 3.87357042 0.60686081]
[1.0962136  0.74955462 0.87898305 3.90049087 1.32105253]
[ 4.26195883e-01  1.29886612e+00 -3.16954992e-03  3.89653240e+00  6.57269420e-01]
[1.98957055 0.91408696 0.04876914 3.88710607 0.5932697 ]
[2.57837399 1.59391355 1.77902537 3.89713607 1.93804639]
[1.98957055 0.27725301 0.13586937 3.87702108 0.60893116]
[1.96926698 0.48333492 1.02394605 3.903915   1.4360954 ]
[1.86774914 1.16905233 0.39555201 3.89267614 0.88902287]
[1.86774914 1.02844164 0.56184394 3.8882795  1.00505314]
[2.31442762 0.31602689 1.18282487 3.90745823 1.57146808]
[1.64440991 0.56466771 0.29487701 3.88704053 0.80024122]
[0.85257079 1.82163097 0.05978169 3.88037683 0.6006725 ]
[1.76623131 0.86276978 0.80783886 3.89100924 1.17902179]
[ 2.21290978 -0.01003547  0.89403338  3.89569104  1.29282043]
[2.63928469 1.71789148 0.28486125 3.88991786 0.78342985]
[3.2483917  1.47276107 1.2343813  3.90326441 1.55902543]
[1.84744558 1.2627885  0.36786225 3.88485963 0.85858014]
[1.84744558 1.2627885  0.81130655 3.88852176 1.18604841]
[3.91840941 1.9475001  0.73359528 3.89094347 1.08635735]
[ 1.44137424  0.58365918 -0.21700705  3.88604753  0.40347935]
[2.33473119 0.63718048 1.27503457 3.90774282 1.6243807 ]
[-0.02048259  2.1160078  -1.00069509  3.86159076 -0.3409912 ]
[1.94896341 0.81968368 1.2973354  3.90488509 1.64161886]
[ 0.40589232  1.01635588 -0.44136425  3.8788739   0.2138913 ]
[-0.5077682   1.50408793 -1.55018273  3.85279362 -0.83798472]
[-0.10169686  1.13008592 -0.54166523  3.87351862  0.08932012]
[ 1.3398564  -0.17688227  0.91738396  3.900008    1.33502256]
[ 0.89317792  0.11028109 -0.01294553  3.88312228  0.56316759]
[ 1.2789457   0.89856904 -0.13533095  3.87694789  0.42081845]
[2.63928469 1.20635952 1.54005156 3.90733272 1.80772476]
[1.4007671  1.38383515 0.8458633  3.90426571 1.31056597]
[3.02505246 1.46333959 1.2901101  3.90353993 1.60818188]
[1.218035   0.76423136 0.11074678 3.89474575 0.71200154]
[2.17230265 1.46030123 1.44303165 3.90885367 1.76888176]
[2.70019539 1.1297896  1.47841765 3.90443776 1.75399641]
[1.62410634 1.32062807 0.79621373 3.88840798 1.19814704]
[-0.95444668  2.20166207 -1.31374148  3.86551656 -0.56974507]
[1.5225885  1.50723612 0.76220493 3.90214862 1.23474977]
[1.48198137 0.99798746 0.21751645 3.8908847  0.73632019]
[1.54289207 0.60660957 1.11562096 3.90770625 1.53459527]
[-0.3859468   2.15472526 -1.31434336  3.84288513 -0.67571476]
[2.55807042 1.97628505 1.43210776 3.90808736 1.75574183]
[-1.17778591  2.32080934 -1.578639    3.86387589 -0.80062572]
[2.13169551 0.42255612 1.84442467 3.90976615 2.06245615]
[ 1.3398564  -0.25802241  0.63459162  3.89630209  1.10531601]
[ 1.84744558 -0.25805143  1.61802901  3.90062509  1.86654496]
[2.39564189 0.57243337 1.65103635 3.90944777 1.92040586]
[0.24346378 2.3465494  0.177026   3.89637434 0.78637765]
[1.0962136  1.04185891 0.39310231 3.88029642 0.82942779]
[1.48198137 0.73854739 0.46578123 3.8825994  0.90119722]
[1.96926698 1.4888872  0.24480963 3.88075539 0.73945036]
[-0.52807177  0.93436829 -0.96888649  3.84973211 -0.35315884]
[2.63928469 1.57541627 0.53238772 3.88608097 0.96212298]
[2.05048125 1.06893781 1.0993509  3.89267186 1.41462051]
[1.60380277 0.13236112 0.81512406 3.89841841 1.2463236 ]
[-0.18291113  3.53663819 -1.00497325  3.87084402 -0.27055424]
[ 1.72562417  1.19658859 -0.29568476  3.87851979  0.30057956]
[2.53776686 1.09700979 1.45355306 3.90522661 1.73924744]
[1.42107067 0.6799214  0.48515502 3.88034777 0.9381243 ]
[1.60380277 0.59843769 0.80545644 3.90098608 1.26639127]
[ 0.50741015 -1.08718611 -0.19884297  3.87646072  0.36879771]
[2.37533832 1.05220438 1.15587229 3.89211236 1.46195335]
[-0.30473253  0.38013848 -0.26740543  3.88800431  0.3982799 ]
[2.09108838 0.39459502 1.31703571 3.8974204  1.6297838 ]
[2.07078481 0.44727919 1.7151203  3.91041591 1.96553507]
[1.72562417 0.23105343 1.63777038 3.91025758 1.91366676]
[2.37533832 0.19847215 0.28946506 3.89266879 0.83559818]
[3.3093024  1.3547735  1.41692532 3.90796023 1.73088204]
[2.55807042 2.29775426 0.44816154 3.89228831 0.93851681]
[1.48198137 1.35414275 0.13140121 3.88337326 0.66922295]
[2.41594545 0.45561287 1.6778788  3.89387326 1.84422687]
[2.05048125 0.66089964 1.37615325 3.91182934 1.7446405 ]
[2.67989182 1.19020694 1.15159986 3.90063635 1.51468853]
[0.28407091 1.20915368 0.16435428 3.88283533 0.73313362]
[ 1.4007671  -0.18532238  0.30074894  3.88706813  0.80252432]
[ 0.69014225 -1.0960271   0.25133569  3.89062851  0.77328054]
[2.86262393 1.36110458 1.07059957 3.8957443  1.40637855]
[ 1.03530289  0.71119706 -0.22635978  3.87583049  0.3378551 ]
[2.21290978 0.80460183 1.21225939 3.88519266 1.4861488 ]
[2.49715972 1.30948725 1.14508286 3.90177917 1.50395018]
[2.49715972 0.95540893 0.47608176 3.88208925 0.88724199]
[1.11651716 0.63374237 0.03852156 3.87860617 0.5607777 ]
[2.29412405 0.59047953 1.42164725 3.9087578  1.7572533 ]
[ 0.40589232  0.71338112 -0.29934065  3.8767337   0.29674008]
[ 1.74592774 -0.29610338  1.04071863  3.90472313  1.44776179]
[0.69014225 1.93097796 0.09022159 3.88100297 0.62723316]
[1.76623131 0.5497667  0.91017448 3.89184418 1.30190366]
[-3.39087472  6.30173015 -5.80839042  3.19018441 -6.95034385]
[1.19773143 0.24162952 0.89927911 3.89980842 1.32320612]
[1.56319564 2.20166207 0.58048489 3.88795825 1.03202646]
[ 1.78653487e+00 -2.18883449e-03  1.41829379e+00  3.90673561e+00  1.73124148e+00]
[2.25351692 0.92656613 0.14394867 3.88558171 0.69597726]
[2.33473119 2.65823595 0.73095561 3.88705086 1.13837134]
[2.31442762 0.93657998 0.01548687 3.88119558 0.55633404]
[1.64440991 0.56466771 0.58567226 3.89661837 1.07338126]
[-0.02048259  0.21384112 -0.05756641  3.88007841  0.51394761]
[2.67989182 1.0239428  1.48367179 3.90157535 1.73754605]
[2.47685615 0.73183276 1.8963455  3.91163345 2.10061876]
[1.5225885  1.041723   0.74924073 3.88936267 1.15288484]
[3.43112381 1.29737194 2.33655179 3.91201704 2.40273239]
[-0.12200043  2.45160917 -0.99758456  3.86558839 -0.2884382 ]
[1.84744558 0.35752352 0.96917822 3.88975641 1.32222845]
[1.2789457  1.38164845 0.38388835 3.8820795  0.84392   ]
[2.39564189 0.71704202 0.68079266 3.88391824 1.06659614]
[2.45655259 0.75756123 0.95220941 3.89229674 1.32406576]
[2.49715972 1.20986694 1.26676959 3.89636409 1.56939133]
[1.3398564  1.02199335 0.06609023 3.8856275  0.61184413]
[ 1.1571243   1.46507873 -0.01355943  3.87376099  0.50468373]
[2.11139195 0.30597553 0.76517085 3.8956668  1.16998208]
[1.44137424 1.42967907 0.96303568 3.89687418 1.3619616 ]
[3.0656596  1.16655206 2.06558862 3.91128944 2.20193399]
[1.72562417 0.12711579 1.17287679 3.90010183 1.50921449]
[1.4616778  0.4265015  0.76712127 3.89945216 1.22334643]
[ 0.10133881  0.97835426 -0.56156735  3.86200216  0.04616703]
[ 0.95408863 -0.6850438  -0.25982799  3.87915924  0.3359117 ]
[2.29412405 0.2757827  1.33724242 3.89692422 1.62933747]
[ 0.83226722  2.11212943 -0.11111591  3.8854131   0.48856637]
[1.66471347 0.21545494 0.68702025 3.88561244 1.07639757]
[2.13169551 0.44153183 0.23447579 3.88113908 0.71994338]
[1.60380277 0.22881222 0.84067965 3.89779617 1.25891555]
[2.03017768 0.72905883 1.07269775 3.90438241 1.46479525]
[-2.4163035   3.03703174 -3.59395415  3.69768687 -3.22815065]
[-0.52807177  1.98664564 -0.86472992  3.87011446 -0.18706467]
[0.87287436 1.25137477 0.63579811 3.88322273 1.03783343]
[ 1.38046353 -0.35878862  0.71663074  3.89586071  1.15626052]
[ 1.78653487  0.84418634 -0.09256776  3.86843955  0.3888926 ]
[2.23321335 0.16488573 1.37091387 3.89250013 1.62509904]
[-0.18291113  1.81443341 -0.21211142  3.89220984  0.4645063 ]
[-0.2032147   1.53186115 -0.55771509  3.8828948   0.14001976]
[ 0.97439219 -0.01107309  0.62327873  3.89650182  1.09972491]
[1.84744558 1.6199323  0.97398938 3.89830129 1.36958389]
[2.47685615 1.14198523 1.50362852 3.8700001  1.67858116]
[1.11651716 0.05295499 0.61730033 3.89254804 1.06913171]
[1.88805271 0.96339933 1.31422221 3.90291641 1.64973275]
[2.03017768 1.47010473 1.56138337 3.91115512 1.86822004]
[1.84744558 0.78966808 1.26294167 3.90929789 1.64682053]
[-1.13717878 -1.6450929  -1.1164178   3.87791365 -0.33418844]
[2.15199908 0.41759229 1.6056262  3.90852392 1.87433697]
[ 0.85257079  1.78861817 -0.11379836  3.87180316  0.43034485]
[2.15199908 0.17153127 1.38541217 3.89441266 1.64636384]
[-0.58898247  2.20166207 -0.90507286  3.86171863 -0.24797985]
[2.80171323 0.60383436 1.1975247  3.90057604 1.51441303]
[ 1.07591003 -0.33520889 -0.57886562  3.87998565  0.07565864]
[0.34498161 1.60449017 0.10199409 3.89434448 0.71001922]
[ 0.64953512 -0.58113367  0.55219241  3.90162037  1.0876812 ]
[ 0.30437448 -0.63529732 -0.21296227  3.86649332  0.32766301]
[-0.18291113 -0.98467656 -0.3318239   3.89130605  0.35833918]
[ 2.19260622  2.82939352 -0.47006989  3.87933855  0.1737013 ]
[1.82714201 0.40173758 0.94695513 3.88095848 1.26063284]
[2.31442762 1.29901142 1.48594759 3.89221238 1.68627564]
[-0.24382183 -2.12881124 -0.42166766  3.82623664  0.0989948 ]
[ 0.91348149 -0.21069005 -0.64284435  3.8660438  -0.03795026]
[1.74592774 1.12671986 0.92389526 3.90355434 1.37290463]
[ 0.52771372 -0.25588634 -0.40513589  3.88239963  0.22369526]
[1.05560646 0.23362939 0.48089486 3.89364217 0.96952635]
[1.86774914 0.98262913 0.59402761 3.8897245  1.00920214]
[-0.36564323  2.0629533  -0.89348073  3.86136877 -0.24581839]
[ 0.04042811  1.42069672 -0.1993087   3.88878554  0.44361238]
[ 0.16224951  1.05588961 -0.23929519  3.87987538  0.36327895]
[0.75105296 0.78506679 0.57407793 3.8799748  1.00455717]
[ 0.64953512  0.8832088  -0.44681848  3.87957263  0.19315898]
[0.34498161 1.51804568 0.25857615 3.89621681 0.84324616]
[2.23321335 1.07441963 1.33002521 3.90307914 1.65532587]
[1.82714201 1.22340021 1.2224514  3.91074806 1.63648517]
[ 1.4616778  -0.29861634  0.47458774  3.89370236  0.95823333]
[-1.23869662  0.41072955 -1.01292366  3.87860608 -0.24469597]
[1.29924927 0.79355788 1.45531737 3.90446922 1.76058117]
[ 0.02012454  1.38164845 -0.40761704  3.87593325  0.20964662]
[ 1.5225885  -0.1485524   1.16536971  3.90432922  1.54376942]
[1.88805271 1.59709328 0.33411388 3.87681156 0.7404053 ]
[2.35503475 0.82970946 1.06995239 3.89675133 1.40155033]
[1.36015997 1.01312666 0.68102108 3.88983552 1.12951734]
[1.4007671  0.92222579 0.62094825 3.88825161 1.06003474]
[ 0.18255308  1.53099801 -0.75114707  3.80392916 -0.25687178]
[2.19260622 0.32465224 1.32750781 3.90859237 1.68129743]
[1.64440991 0.09610627 0.80913271 3.8963768  1.22694498]
[1.05560646 0.02433067 0.07609655 3.89083103 0.65378683]
[2.03017768 0.70828623 0.72924725 3.89468619 1.14119693]
[1.78653487 1.21764573 0.91678194 3.90495663 1.37990885]
[2.53776686 1.01323653 1.27584784 3.90750685 1.63728989]
[ 0.18255308  1.44301001 -0.55662493  3.86489926  0.02076066]
[-2.65994631  2.90749657 -2.74879305  3.81951661 -2.02992855]
[1.64440991 0.49104758 1.63190071 3.90894085 1.90936677]
[2.59867756 1.07409971 0.77958944 3.89704444 1.19616919]
[ 0.60892799  1.45470885 -0.50262826  3.8595755   0.05145035]
[1.25864213 0.47359042 0.81134314 3.899068   1.25577479]
[-0.40625037  2.13107862 -1.2715056   3.84634534 -0.64313648]
[1.70532061 0.57817798 1.33849156 3.90469666 1.68186523]
[-0.14230399  0.77189473 -0.67248001  3.87329234 -0.01017142]
[ 0.18255308  1.32280106 -0.65720874  3.86951982 -0.02391291]
[1.17742786 0.99203351 0.42515214 3.90072798 0.99296552]
[ 0.48710658  1.72413108 -0.09729027  3.88600397  0.49432931]
[1.66471347 0.52704462 0.83259032 3.90054068 1.27304745]
[2.80171323 0.90305808 1.46286336 3.8939286  1.68959578]
[0.81196366 0.31980319 0.42169459 3.8851615  0.89214932]
[-3.39087472  4.73624961 -4.26427087  3.66359365 -4.01941495]
[2.31442762 0.75178292 1.57297507 3.89956057 1.81582182]
[1.88805271 0.96339933 0.19380039 3.88208036 0.69293895]
[2.67989182 0.68253428 0.87059631 3.89765719 1.27135597]
[1.4616778  0.55538711 0.66814822 3.8882788  1.09773323]
[1.48198137 0.74997859 0.27053469 3.88174736 0.75706892]
[2.51746329 0.73911816 1.1427172  3.90172937 1.49882395]
[1.48198137 1.05936692 0.44720029 3.88706936 0.91720651]
[2.33473119 0.73551389 0.97392689 3.89190498 1.33205594]
[1.76623131 0.38739555 0.69138076 3.89135415 1.08283523]
[-0.34533967  3.44608919 -1.27195777  3.86633463 -0.5600497 ]
[ 2.21290978  2.39132508 -1.00304686  3.81187348 -0.4967497 ]
[1.62410634 0.60292223 0.68900278 3.89409859 1.11188247]
[1.96926698 0.63423453 0.81449195 3.89514796 1.20978393]
[0.50741015 2.64613322 0.05412181 3.88156144 0.60133849]
[ 0.71044582 -0.94514469  0.4614084   3.89062515  0.95391553]
[ 0.79166009 -0.15232529  0.20826737  3.88680125  0.72889799]
[ 0.95408863 -0.82467879  0.68623788  3.90037997  1.1806894 ]
[0.97439219 1.10009675 0.33796213 3.89301068 0.86412488]
[1.80683844 0.82581054 1.00544662 3.89822042 1.3820277 ]
[2.27382048 1.4467289  0.35382485 3.879277   0.76127707]
[1.90835628 1.05805043 1.04109264 3.90604835 1.46267144]
[0.77135652 1.65093687 0.17677766 3.88239892 0.70109798]
[ 1.64440991  0.71628144 -0.4743243   3.87254025  0.12071687]
[1.13682073 0.06916206 0.74202025 3.89641536 1.18362984]
[2.70019539 0.95638084 1.45280447 3.9061117  1.74977112]
[1.50228494 0.88187684 0.61794145 3.89730201 1.09272482]
[1.11651716 0.4149856  0.25274434 3.89341198 0.79452791]
[2.51746329 0.82743707 1.53846572 3.90786631 1.81977104]
[ 0.66983869 -0.41338857 -0.04295971  3.88199241  0.52976495]
[1.62410634 1.73922528 0.7182198  3.89941785 1.18367493]
[1.01499933 0.80615433 0.42372852 3.88747936 0.92458815]
[-0.60928604  1.66052228 -1.13600189  3.85420757 -0.48164216]
[1.05560646 1.25207622 0.44409286 3.88526657 0.90773094]
[-3.06601765  7.82364843 -2.77406706  3.81513669 -2.00466472]
[1.56319564 0.92876906 0.66132047 3.88607055 1.07166377]
[1.2789457  0.46760023 0.49516712 3.87849839 0.92537068]
[1.48198137 0.69315392 0.79264654 3.89104927 1.21012162]
[-0.36564323  1.62907752 -0.30967926  3.88673334  0.34668178]
[1.64440991 1.49344917 0.74882585 3.89143443 1.17778956]
[2.03017768 0.71865872 0.8844614  3.90070167 1.31047546]
[ 0.52771372  0.24593628 -0.07214216  3.8736036   0.44223677]
[0.89317792 0.55471489 0.70103062 3.90276634 1.21363442]
[ 0.14194594  1.36714481 -3.99602404  3.70346799 -3.68481851]
[ 0.28407091  0.33005691 -0.14326783  3.87349956  0.40703378]
[1.17742786 1.3400142  0.01464381 3.87718284 0.53984028]
[2.63928469 0.69400184 1.46804811 3.90097255 1.7155543 ]
[2.13169551 1.10380501 1.42248916 3.90581545 1.73223973]
[2.33473119 0.90855    1.25159047 3.90444646 1.5898361 ]
[1.03530289 1.16561602 0.14294405 3.87821909 0.62173559]
[1.17742786 1.54009176 0.36522536 3.89199901 0.88679039]
[2.63928469 0.77014685 1.63407932 3.90264734 1.8441425 ]
[0.12164238 1.7062736  0.08760411 3.89730588 0.7217014 ]
[1.4007671  0.70977671 1.04315202 3.89310537 1.39689827]
[2.41594545 0.8503131  0.97340742 3.89902675 1.34767659]
[-0.24382183  2.93924045 -0.36455201  3.87925184  0.27267027]
[1.31955283 0.01421531 0.37780604 3.89252359 0.88161371]
[1.07591003 1.46964078 0.68568915 3.88736911 1.09271675]
[2.35503475 1.09235983 0.90839174 3.8985223  1.30572446]
[2.07078481 0.6751365  1.17565984 3.89854725 1.50459382]
[1.31955283 0.49965706 0.60232599 3.8900659  1.03086394]
[1.44137424 1.32215219 0.32276463 3.88992784 0.86583641]
[2.19260622 1.01339648 1.57379516 3.90695581 1.83907521]
[ 0.71044582  1.13627106 -0.16295456  3.87996574  0.43415489]
[1.44137424 0.53973652 0.47543814 3.88610115 0.93566711]
[2.33473119 1.17737982 1.67929505 3.91111947 1.9509009 ]
[-3.41117829  4.2015265  -4.6835934   3.6109709  -4.69817019]
[ 0.66983869  2.09102531 -0.04076589  3.88334096  0.52881861]
[1.98957055 0.99170661 0.62367755 3.86035386 0.99582936]
[ 0.79166009  1.20883764 -0.02904743  3.8773424   0.54176425]
[2.13169551 1.76042823 0.64630533 3.89785741 1.10128574]
[2.65958826 0.97027495 1.48087035 3.91023522 1.7910984 ]
[ 0.24346378  1.20138453 -0.73014884  3.86302863 -0.12050043]
[2.80171323 0.97164164 1.81029802 3.90702476 1.98477102]
[2.57837399 0.41740001 1.62802083 3.90811483 1.8811281 ]
[1.64440991 0.90865509 0.47723639 3.88893996 0.96937915]
[2.11139195 0.7549186  0.83768564 3.90392318 1.29407811]
[1.82714201 0.28510625 1.26422501 3.90564367 1.62562468]
[-1.19808948  0.75267743 -1.90259467  3.84676866 -1.17706063]
[ 0.71044582  1.46841442 -0.63352446  3.82064214 -0.1664525 ]
[1.0962136  0.83626814 0.84597559 3.89394155 1.2666234 ]
[2.00987411 0.03092042 1.03357187 3.90767488 1.4652498 ]
[-0.40625037  1.77203612 -1.35227907  3.79657464 -0.84096735]
[2.65958826 1.12432783 1.82321334 3.89738864 1.9641758 ]
[1.60380277 0.98351714 0.98099083 3.89766211 1.36421717]
[2.00987411 0.91760974 0.02877128 3.88213783 0.56567374]
[1.07591003 0.62406385 0.28511391 3.88418589 0.77835282]
[1.03530289 1.91493014 0.39221406 3.89141175 0.93766226]
[2.21290978 0.07397153 0.77870167 3.8854248  1.14845867]
[2.45655259 1.03244248 1.05281409 3.8914396  1.37943107]
[2.31442762 0.39743186 1.00619387 3.90103033 1.38995681]
[2.98444533 1.49223553 1.59306877 3.91064362 1.87628359]
[ 3.93871298  2.80513529 -0.58082877  3.8167635  -0.13474736]
[2.09108838 1.45175528 0.41439558 3.88633251 0.89313207]
[1.218035   1.2768615  0.18641264 3.88141343 0.68186633]
[ 0.10133881  0.8534772  -0.10085699  3.88404405  0.50824256]
[-0.83262527  2.44694473 -1.32311737  3.85716209 -0.60569423]
[2.25351692 0.2664564  2.07988728 3.91374291 2.23578472]
[1.11651716 0.52855309 0.44577452 3.88382341 0.89117332]
[1.96926698 0.75935292 1.30152231 3.89958447 1.59703872]
[2.53776686 1.49646517 1.17938356 3.89600397 1.47501035]
[ 0.77135652  1.6347765  -0.63503673  3.87164505 -0.00759009]
[1.64440991 0.43932266 1.08315677 3.90266166 1.46598081]
[2.31442762 0.79210995 0.20396931 3.89248925 0.74314385]
[2.29412405 0.62927905 0.43691427 3.87543861 0.84328   ]
[ 0.60892799  0.54155659 -0.39042353  3.88422464  0.2488169 ]
[-0.99505381  1.93150254 -1.31557421  3.84751045 -0.65336727]
[ 1.17742786 -0.13440587  0.06036619  3.880786    0.57917638]
[2.09108838 0.10386024 0.2764849  3.89079529 0.77913166]
[2.43624902 0.64698941 1.23775391 3.90195647 1.56315998]
[2.78140966 0.74712577 1.42333781 3.90120991 1.69884127]
[ 0.04042811  0.85319523 -0.6940797   3.86254558 -0.1220224 ]
[-2.92389268  3.2024992  -3.52049051  3.73077311 -3.07198651]
[-0.60928604  1.46554423 -0.88309883  3.85769952 -0.25797628]
[0.83226722 1.37777132 0.21732605 3.88153871 0.71584359]
[3.75598088 1.44583432 0.47504416 3.886141   0.94605581]
[ 0.95408863 -0.71013563  0.05826008  3.88891038  0.61205911]
[2.41594545 0.82003811 1.35225131 3.9004282  1.64048347]
