[ 1.48542926 -1.33201253 -0.71701099  1.20965781 -0.21638688]
[-1.20186888 -1.16473888  0.34087573  1.31713989  0.63627516]
[ 0.81360473 -0.49564427  2.43708058  1.49489233  1.82652087]
[ 1.10152953 -1.16473888  2.6589613   1.47272189  1.87713401]
[ 1.38945433 -0.49564427  1.80154595  1.43140485  1.44589763]
[-0.62601928  0.55579012 -0.29158621  1.2776071   0.232253  ]
[-0.81796914 -0.40522608  0.49759543  1.32718533  0.72919015]
[ 1.0055546  -0.96683766  0.55138293  1.34779078  0.72195067]
[-0.62601928  0.55579012 -0.11371445  1.29439695  0.33390447]
[ 0.23775513 -0.3694      0.67117445  1.28917767  0.71643405]
[-0.81796914  0.90729604  0.04147695  1.29105279  0.42091397]
[0.62165486 0.11262356 1.15108416 1.41002478 1.13135536]
[ 1.19750446 -0.49564427 -0.42397276  1.18700063 -0.01805918]
[-1.00991901  0.25978513  0.19444431  1.28912993  0.51378855]
[ 1.5814042  -3.32642916 -1.41037872  1.17441346 -0.73496027]
[-0.81796914  0.1931296   0.09140703  1.27483545  0.42050557]
[ 0.23775513 -1.71217993  1.10652045  1.31187472  0.97725528]
[-0.53004434  0.61951342  0.82062237  1.34337811  0.91992458]
[-0.33809447  1.41605462  1.60627716  1.48659267  1.49853727]
[ 1.48542926 -0.54085336 -0.14479677  1.34008216  0.37254947]
[ 1.67737913 -0.53909197  2.27714195  1.48769132  1.74493758]
[-0.53004434  0.40853764  0.96282746  1.44251046  1.12161075]
[ 1.77335407 -0.31956674  1.04844727  1.3911183   1.03084732]
[-0.62601928  0.78350719  0.11916524  1.28992958  0.4740272 ]
[ 1.38945433 -1.38239616  0.13838049  1.33270685  0.47558813]
[ 1.19750446 -0.68412162  2.91934995  1.51531189  2.05528491]
[ 1.96530393 -0.32625323  2.51049178  1.48438101  1.82461302]
[-1.00991901 -0.19151036 -0.41747322  1.22130116  0.08100434]
[-0.81796914  0.65436209 -0.32210248  1.17506013  0.07702209]
[-1.00991901  0.0270859  -0.29194278  1.2089518   0.12039532]
[-0.91394408 -0.1020592   0.29331368  1.22000411  0.50197456]
[-0.81796914 -0.01771955  1.07807723  1.44580455  1.1765347 ]
[-0.14614461 -0.63219419  0.41504829  1.32720666  0.68106233]
[ 1.19750446 -1.03091996  2.56169876  1.49472035  1.87425732]
[ 0.04580526 -1.49928619  0.89878743  1.38631068  0.98436394]
[-1.20186888 -0.6001903   0.15878165  1.38529315  0.6454607 ]
[-0.33809447 -0.01771955  1.02421211  1.34976371  1.01352478]
[-0.91394408 -1.31161331 -0.01416054  1.31858575  0.40254538]
[ 1.48542926 -0.44981587  0.57571906  1.35876613  0.76987269]
[0.04580526 0.39648188 1.70582179 1.46931191 1.48875019]
[-0.81796914 -0.01771955  1.18668203  1.39159717  1.18571969]
[ 2.06127887 -0.53595117  1.16213549  1.40170797  1.10960913]
[ 1.10152953 -0.73460663  2.30191314  1.48269595  1.74840683]
[ 1.38945433 -0.84779933 -0.09110048  1.32594715  0.35160226]
[-0.81796914 -0.58368303 -0.11793342  1.27458466  0.31009635]
[ 0.04580526 -0.8673635   1.08065794  1.44022926  1.18224755]
[-0.81796914  2.10639033 -0.34586839  1.29792375  0.16576302]
[ 0.52567993 -0.5523472   1.90065327  1.44912182  1.538952  ]
[-0.81796914 -0.40522608  1.03486937  1.42629173  1.12590174]
[ 0.81360473 -0.79977818  1.19111235  1.39544243  1.12504386]
[-0.62601928  0.13728307  0.0376308   1.31506961  0.41431897]
[-1.68174355 -1.01033243 -1.49285892  1.18614025 -0.68645301]
[-0.81796914  0.90729604 -0.98391391  1.09069555 -0.53459267]
[-1.68174355 -2.1683808  -0.95698081  1.28592021 -0.16911678]
[-0.81796914 -0.40522608  0.67512851  1.3382636   0.83660355]
[ 1.38945433 -0.40140559  1.80330745  1.4346053   1.45362786]
[-0.72199421  0.96800019 -1.43352786  1.08241582 -0.83232846]
[-0.91394408  0.34072399  0.23305375  1.37118781  0.64933275]
[ 0.33373006 -0.6717218   1.11642062  1.35230775  1.04418809]
[ 1.10152953 -1.08336251  0.87994507  1.37583736  0.96121005]
[-1.29784381  0.53373206 -1.33547173  1.06716826 -0.7844085 ]
[-0.05016967 -0.9374992   1.47821231  1.44990246  1.36752607]
[-0.14614461 -0.76328211  1.51694511  1.37798459  1.3049097 ]
[ 1.38945433 -0.76328211  0.52946533  1.34732304  0.70990751]
[-0.62601928  0.34072399  0.50423445  1.39080632  0.81560599]
[0.42970499 0.44108819 1.94891162 1.45539663 1.57623505]
[-0.91394408  0.58354059  0.17673692  1.2838643   0.4867259 ]
[ 0.81360473 -1.16473888  1.69346     1.37852511  1.34860368]
[ 0.14178019 -4.79696677 -2.28498771  1.02259374 -1.61112723]
[ 0.52567993 -0.19694132  1.49591792  1.35127771  1.21369453]
[-1.00991901 -0.397248   -0.54726634  1.17482974 -0.03112139]
[2.06127887 0.48011871 1.26774917 1.36287053 1.08116949]
[-0.43406941 -0.25668191  0.24777335  1.35645712  0.60413656]
[ 1.19750446 -0.77443369  0.80628726  1.39722808  0.95085892]
[-0.62601928  1.0250253   0.94590572  1.40380977  1.05132583]
[-0.62601928  0.34072399  0.61190666  1.41768982  0.91523686]
[1.19750446 0.25978513 0.66537842 1.32015167 0.7066344 ]
[-0.72199421  0.06193457  1.2333803   1.44701492  1.25505183]
[0.52567993 0.06193457 1.94666756 1.46766579 1.58593806]
[ 1.67737913 -0.8673635   0.74765775  1.39350983  0.90276879]
[ 0.04580526 -0.7481328   0.85952282  1.32086046  0.87589417]
[-0.53004434  0.84254495  0.11091026  1.14378853  0.247266  ]
[-0.81796914  0.41675747 -1.10137778  1.07007295 -0.63390432]
[ 0.14178019 -0.79977818  1.87698134  1.48460166  1.60521539]
[ 0.04580526 -0.62431631  0.99586365  1.35768695  1.02775034]
[ 0.7176298  -1.22292102  2.17696082  1.4445279   1.63682064]
[ 1.0055546  -0.17702779  1.45400591  1.34127631  1.16993514]
[ 1.48542926 -1.33201253  1.67963488  1.42419039  1.37094762]
[ 0.7176298  -0.2121296   1.86059767  1.39317329  1.45114137]
[-0.24211954  0.40192167  0.40346156  1.28485725  0.56616876]
[ 1.10152953 -0.34357731  1.80842384  1.41438183  1.40904603]
[-0.14614461 -1.01033243  1.44074081  1.4239892   1.31328988]
[ 0.33373006 -1.64409024  1.82748677  1.44452372  1.52129832]
[ 1.67737913 -0.17484548  1.97830228  1.45712712  1.56719205]
[-1.10589394  0.42724485 -0.81675042  1.19410475 -0.21243386]
[ 0.42970499 -0.25233714  1.49108764  1.35753398  1.2423736 ]
[ 1.0055546  -0.2865522   1.92388235  1.39001641  1.46800957]
[ 0.62165486 -0.81426075  0.75588907  1.32310272  0.81554986]
[-0.43406941  0.67979221  0.52480778  1.30536859  0.7079521 ]
[-1.20186888 -4.81844653 -1.59214297  1.08354229 -0.89719695]
[-1.00991901  0.0270859  -0.13268162  1.28163501  0.3276445 ]
[-1.10589394 -1.21898979 -0.24320953  1.17766629  0.13071158]
[ 1.5814042  -0.11868956  2.03720728  1.47055426  1.60678195]
[-0.14614461  0.84254495  1.55844286  1.46822995  1.43613691]
[ 1.10152953 -0.5448424   0.38416254  1.29377253  0.55840295]
[ 0.23775513 -2.23712339  1.38733126  1.42407774  1.28115567]
[ 0.33373006 -1.29218547 -0.66596897  1.18758425 -0.14723777]
[ 1.5814042  -0.21685485  2.29872072  1.48678691  1.75197166]
[ 0.81360473 -0.9876256   0.41885564  1.37360252  0.70683967]
[ 1.19750446 -1.69045608  0.78846425  1.38616558  0.89960987]
[ 1.19750446 -0.397248    0.92546379  1.39287151  0.97755971]
[-0.53004434  0.20866585 -0.08032791  1.15416449  0.16505333]
[-0.14614461 -1.23908273 -0.62932985  1.11587174 -0.25240487]
[-0.24211954 -0.70473634  1.63649398  1.46796665  1.46873246]
[ 1.19750446 -0.29591453  0.21669672  1.34008448  0.54819021]
[ 1.2934794  -0.97985747  0.56614025  1.35253582  0.74691093]
[ 2.06127887 -0.01771955  1.80207655  1.42068631  1.40890412]
[-0.62601928  0.55579012  0.24236644  1.28149919  0.49963778]
[-0.91394408  2.07779654 -0.53405176  1.18406951 -0.01253773]
[-0.43406941 -0.25668191  1.57418133  1.47922663  1.46416672]
[-0.81796914  1.17709226 -0.55837761  1.24789076  0.01185981]
[ 1.5814042  -0.49564427  0.43857078  1.34824183  0.66846795]
[ 1.19750446 -0.77443369  1.165054    1.39806018  1.09903558]
[-0.43406941 -0.99390621  0.23196399  1.3721511   0.6278995 ]
[-1.10589394 -0.06397033 -1.89049452  1.07379584 -1.15021447]
[-0.62601928  1.0250253   0.36738565  1.29073989  0.65304928]
[-0.53004434 -0.65124767 -0.35042518  1.30528515  0.18701655]
[-0.91394408 -0.1020592  -0.43317445  1.20418543  0.01879884]
[-0.81796914  0.1931296   1.16459466  1.37369106  1.14222396]
[-0.53004434  0.84254495  0.21362606  1.34007892  0.55895677]
[-1.20186888 -1.16473888 -0.69681908  1.2115524  -0.15858191]
[-0.33809447 -0.18443747  0.07581596  1.36670236  0.54595403]
[ 1.48542926 -0.71574118  1.33466879  1.40988664  1.20563636]
[-0.24211954  0.40192167 -1.18313883  1.18816186 -0.51711967]
[-0.91394408  2.07779654 -1.69238871  1.04060694 -1.11152512]
[ 1.2934794  -0.2496536   1.00214285  1.36477208  0.96447263]
[-0.91394408  0.58354059  0.59236399  1.39615122  0.85929946]
[-0.72199421  1.2310515   0.62573589  1.30291077  0.78770113]
[ 1.0055546  -1.21898979  0.04745742  1.33740508  0.45910732]
[1.96530393 0.13728307 1.79696133 1.25725291 1.24845521]
[ 0.7176298  -0.09188028  1.43374985  1.45724625  1.3508246 ]
[ 1.2934794  -0.54276361  1.51950735  1.4317808   1.33414497]
[-0.72199421 -0.31956674 -1.08174417  1.18041847 -0.38480988]
[ 0.81360473 -1.24955369  1.5141108   1.3635325   1.2573077 ]
[-0.91394408 -0.30447438 -0.15867632  1.34481469  0.38055011]
[-0.33809447  0.73689844 -0.67535628  1.19435044 -0.20149048]
[-1.39381874 -2.29705284  0.52573755  1.35129162  0.80664518]
[-0.81796914 -0.40522608  0.06238963  1.37257618  0.55554635]
[ 1.2934794  -0.81210794  0.81958405  1.3778993   0.9055368 ]
[1.5814042  0.77882166 0.15997179 1.33406463 0.48632609]
[-1.00991901 -1.11191562  0.67263751  1.41139369  0.9422227 ]
[ 1.10152953 -0.99975665  0.78363791  1.39813667  0.92662823]
[ 1.38945433 -1.31161331  0.71760109  1.38829983  0.87724981]
[1.10152953 0.2173254  0.85005333 1.36382872 0.90209293]
[-0.43406941 -0.08765975  0.51292211  1.36754605  0.75591763]
[-0.62601928 -0.05545045  0.22155214  1.35500013  0.5826918 ]
[ 1.96530393 -0.49564427  1.74750296  1.42494646  1.40291995]
[ 0.90957966 -0.22584806  2.41684131  1.51334313  1.86176418]
[-0.14614461 -1.45149371  0.18985506  1.33267672  0.51098035]
[ 1.38945433 -1.38239616  1.25474121  1.42033632  1.19717155]
[ 0.42970499 -0.93439483  0.28909042  1.30689511  0.56834225]
[1.19750446 0.50799765 1.17009836 1.36582019 1.09749771]
[-0.62601928  0.13728307  0.58728921  1.39004747  0.8462904 ]
[-1.10589394 -0.06397033 -0.50609572  1.21882202  0.03448701]
[ 1.869329   -1.34120339  1.0395621   1.39833879  1.0504955 ]
[ 1.10152953 -1.39634855  0.93302455  1.38665789  0.96265232]
[ 1.0055546  -0.17702779 -0.43224444  1.19391979 -0.01629382]
[ 2.1572538  -1.78236468  1.94204628  1.42558526  1.49520314]
[-0.33809447  0.95104678  0.54119563  1.40386911  0.84333657]
[-1.10589394  0.99123264 -1.64979373  1.19046067 -0.79816938]
[ 1.77335407 -0.31956674  0.44046613  1.30814395  0.56366306]
[ 0.7176298  -1.3081163   0.07193716  1.34436643  0.4975081 ]
[ 1.96530393 -0.23830019  1.30352616  1.41753917  1.20163982]
[-0.53004434  0.84254495  0.69862452  1.40770789  0.93531918]
[-1.00991901 -0.94773522  0.36409814  1.33155489  0.68316055]
[-0.33809447  0.15713096 -0.40254672  1.26841554  0.11800836]
[ 1.5814042  -1.14055474  1.62950873  1.40401189  1.33607303]
[-0.33809447 -0.34357731  0.53173385  1.35763735  0.74681952]
[ 0.23775513 -0.23830019 -0.07646227  1.33212415  0.38111787]
[-1.20186888  0.08116143 -0.04607648  1.27048072  0.39968939]
[-0.72199421 -0.97356899 -0.51386433  1.31231094  0.12144938]
[-0.43406941  0.67979221  0.48016692  1.32446189  0.70672542]
[-1.00991901  1.36295187  0.74852402  1.42033122  1.0079559 ]
[-0.24211954 -0.42291659 -0.09381072  1.33501123  0.39368845]
[ 1.0055546  -1.2985578   0.26078719  1.3272748   0.53581709]
[ 0.81360473 -1.49024437  0.50710403  1.32745235  0.65882382]
[1.48542926 0.61951342 0.81710395 1.37804856 0.89868082]
[1.38945433 0.22491916 0.5154765  1.36182056 0.73238221]
[0.33373006 0.39193022 0.57828438 1.31425744 0.74195118]
[ 1.67737913  0.02266846 -0.27991212  1.26907983  0.16780057]
[0.7176298  0.57743199 0.94116153 1.41969428 1.05453785]
[ 0.33373006 -1.38428555 -0.1276112   1.24991515  0.22281074]
[-0.72199421  1.2310515  -0.71181829  1.20983443 -0.12400842]
[ 1.38945433 -0.49564427  1.05534697  1.35070428  0.95663336]
[ 0.81360473 -0.9876256   0.76155502  1.39228741  0.90568432]
[ 1.19750446 -0.86227145  1.73053799  1.4531845   1.45570627]
[ 1.10152953 -0.34357731  1.11841009  1.40100382  1.08469899]
[-0.05016967  0.17345034 -0.50734928  1.26590905  0.05244276]
[ 0.23775513 -0.3694      1.11665724  1.40874952  1.12801295]
[-0.81796914  0.1931296   0.90735628  1.31837946  0.96691579]
[-0.91394408 -0.49564427 -0.09520413  1.28478586  0.3504579 ]
[ 1.10152953 -0.01771955  0.95247872  1.3831042   0.99332398]
[ 1.10152953 -1.32115061  0.70754246  1.34327288  0.79780298]
[ 0.04580526 -0.62431631  1.07427883  1.36061251  1.05383392]
[-0.81796914  0.41675747  0.71166462  1.35195591  0.88811394]
[-0.91394408  1.11941169  0.14397155  1.30756264  0.50595255]
[-0.91394408  0.11262356 -0.24962483  1.23501803  0.21326146]
[ 0.33373006 -1.0989263   1.98844146  1.48983809  1.64650209]
[ 0.23775513 -0.3694      1.78510444  1.47083101  1.53241584]
[ 0.23775513 -0.23830019  1.40888582  1.42434754  1.29119194]
[-1.00991901  0.50799765  0.54740167  1.37955561  0.8185    ]
[-0.91394408 -0.67648065 -0.20172841  1.3521112   0.37927541]
[-1.00991901 -0.59122921  0.37228065  1.40914818  0.79383098]
[-0.72199421 -1.63452871  1.13642385  1.45673262  1.23745936]
[1.86932900e+00 1.65577960e-03 1.09138564e+00 1.36815007e+00 1.01450524e+00]
[-1.10589394  0.99123264 -0.57291006  1.1316728  -0.15666817]
[-0.81796914  0.1931296   0.91106936  1.37263552  1.02469026]
[ 0.42970499 -0.12392504  1.67295871  1.37849034  1.35980881]
[ 0.62165486  0.11262356 -0.50368229  1.13319098 -0.13889304]
[0.33373006 0.39193022 1.01960321 1.33071445 0.96069289]
[ 1.0055546  -0.96683766  2.85155055  1.50478712  2.0082929 ]
[-0.81796914  1.17709226  0.00640261  1.31149506  0.46983839]
[ 1.48542926 -0.05927822  3.0529674   1.51416132  2.0978401 ]
[ 1.38945433 -0.40140559  1.47516445  1.40834575  1.26829153]
[ 0.23775513 -0.73460663  0.60026626  1.3503033   0.7548373 ]
[ 0.52567993 -1.4304088   2.29120079  1.47228753  1.73868767]
[-0.33809447 -0.9138284   0.74381298  1.32372111  0.82900064]
[0.7176298  0.16150222 1.79435101 1.38290811 1.40169889]
[-0.81796914  0.41675747  0.86708177  1.36661984  0.98767719]
[ 2.06127887 -0.37173786  0.79373665  1.31871694  0.82091017]
[ 0.33373006 -0.43481749  0.1526803   1.32879205  0.50257857]
[-0.91394408  2.07779654  0.20122759  1.26765113  0.53401633]
[-0.81796914  1.77449816  1.0282067   1.42813023  1.13224563]
[ 0.52567993 -0.19694132  0.60272587  1.35422088  0.76799405]
[ 1.5814042  -0.11868956  1.0020219   1.37417085  0.98209095]
[-0.91394408  0.34072399  0.49321173  1.31479379  0.77188031]
[-1.39381874 -0.61100541 -0.70820879  1.31593833  0.0311792 ]
[-0.53004434  0.20866585  0.45631917  1.38058983  0.75611167]
[-0.62601928  1.55480696 -0.35824955  1.20491786  0.05707326]
[ 0.33373006 -0.43481749  0.45232222  1.34341102  0.66617576]
[ 0.62165486 -1.61080195  0.27953356  1.35204769  0.61401897]
[ 1.10152953 -0.64109962  1.1289185   1.36866648  1.0337628 ]
[ 1.38945433 -0.20473357  1.7040459   1.43101452  1.4080423 ]
[-0.91394408  0.58354059  0.72916398  1.41124952  0.96980962]
[ 1.10152953 -0.01771955  0.75991781  1.39088096  0.90224206]
[-1.20186888 -0.38772578 -0.57218231  1.21635075  0.00135522]
[ 0.62165486 -0.9138284   0.97965447  1.40596859  1.04643643]
[ 1.5814042  -0.83442635  0.49486934  1.34892419  0.6948367 ]
[-1.10589394  0.42724485  0.40883533  1.39466782  0.77658999]
[-1.00991901e+00  2.70858957e-02 -7.59789264e-01  1.31892925e+00 -4.90247960e-04]
[0.42970499 0.14771593 1.54163057 1.43691617 1.36441016]
[-0.72199421 -0.13397151 -0.98119452  1.10420985 -0.46946173]
[-1.10589394  0.17345034  0.35822375  1.27808457  0.61347863]
[-0.43406941 -1.12292047  0.92192227  1.34943504  0.97153361]
[ 0.52567993 -1.07064745  1.57758214  1.46537161  1.4227389 ]
[1.48542926 0.0455352  1.86733548 1.43225132 1.48730168]
[ 0.42970499 -0.83019157  0.9446293   1.30099069  0.87391071]
[ 1.0055546  -0.59550914 -0.12957936  1.3411275   0.38517029]
[0.14178019 0.13163193 1.74315973 1.47768111 1.53065807]
[-1.00991901  0.0270859   0.60380526  1.3051688   0.78622702]
[ 0.81360473 -0.9876256   0.14892966  1.37887093  0.5986607 ]
[-0.81796914 -4.8633452  -2.50424772  1.02042473 -1.76481933]
[-1.00991901  0.25978513  0.01426803  1.21507502  0.36118275]
[ 0.81360473 -0.79977818  2.18921722  1.49114905  1.71593221]
[0.33373006 0.09473333 1.06435076 1.4133504  1.11932001]
[-0.72199421  0.48831839 -0.40393222  1.29874843  0.1473821 ]
[ 0.23775513 -1.26345776  1.92701568  1.45794067  1.56670237]
[1.5814042  0.08617713 1.48732163 1.38060281 1.21511379]
[ 1.5814042  -0.66943508  0.96627829  1.35047899  0.90522694]
[0.23775513 0.03963142 1.02432469 1.34423895 1.0068619 ]
[-0.62601928  0.55579012 -0.34634118  1.13613832 -0.00961846]
[-1.00991901 -0.397248    0.73072464  1.4174052   0.99580282]
[-0.14614461 -0.76328211  0.78533675  1.30674863  0.81891773]
[ 1.5814042  -0.31233068  2.29460094  1.45449732  1.70005316]
[ 0.42970499 -2.1683808   1.61128002  1.44013748  1.39181167]
[-0.72199421 -0.49564427  0.26398454  1.31825476  0.59557135]
[-0.62601928  1.55480696 -0.57899364  1.23603834 -0.05332755]
[ 1.67737913 -0.45162489  1.03542997  1.38930947  1.01221924]
[ 1.0055546  -0.49564427  1.67466631  1.38961635  1.30887874]
[-0.53004434  0.40853764 -0.80258489  1.19088669 -0.28557543]
[ 0.23775513 -1.71217993  0.39740444  1.35791781  0.68414098]
[-0.72199421  0.06193457  0.38570802  1.31798404  0.67933131]
[ 1.96530393 -0.41200744  1.78024438  1.38339578  1.32961563]
[ 0.81360473 -0.89510374  1.75132936  1.48221523  1.5391799 ]
[-0.72199421  0.26903529  0.51584815  1.30734987  0.71649789]
[-0.72199421  1.2310515  -0.07852602  1.24632808  0.33679122]
[ 1.48542926 -0.96146963  0.44565682  1.34553461  0.64021114]
[ 0.90957966 -0.11173753 -0.20109242  1.18013709  0.07292682]
[ 1.2934794  -0.4478518   1.84613628  1.44791933  1.49365991]
[2.1572538  0.84254495 2.65599429 1.49190698 1.88985601]
[ 1.38945433 -0.84779933  1.0445959   1.36533901  0.99658331]
[-0.81796914 -0.21685485  0.73144176  1.35104825  0.89886071]
[-0.62601928 -0.05545045  0.08516976  1.33126146  0.48502699]
[0.04580526 0.39648188 0.37577041 1.35412863 0.65513952]
[ 1.2934794  -0.14611723  1.16213514  1.37526069  1.0668855 ]
[-1.00991901  1.36295187 -1.28837846  1.16739092 -0.55078276]
[ 1.0055546  -0.78655497  1.26963825  1.37210381  1.16118544]
[-0.33809447  1.41605462  1.02649488  1.37327988  1.06908791]
[ 1.19750446 -1.11191562  0.67376993  1.36100839  0.80815187]
[-0.91394408 -0.1020592   0.60468994  1.31339151  0.81051523]
