[ 1.48542926 -0.79977818  1.05325002  3.14149342  1.46658039]
[ 1.38945433 -1.51896544  0.95919067  3.12470259  1.37795577]
[ 1.96530393 -0.05545045  1.22633224  3.14421949  1.51881556]
[-0.72199421  0.48831839 -0.05270976  3.09654843  0.89700663]
[1.38945433 0.11262356 1.27376122 3.14665943 1.55768948]
[ 1.5814042  -0.66943508  1.29136364  3.16259009  1.60137954]
[ 1.5814042   0.41675747 -0.34574314  3.04569554  0.61891669]
[ 1.2934794  -0.2496536   1.5202281   3.16830915  1.71442089]
[1.869329   0.4124127  1.49927278 3.16085037 1.66281329]
[1.48542926 0.26469052 0.92083976 3.12669332 1.38533275]
[ 1.67737913 -1.37002927  0.64967442  3.10332537  1.21081171]
[ 1.67737913 -1.49928619  0.75470385  3.1061735   1.26572866]
[ 1.67737913 -0.45162489  1.29884472  3.14057418  1.55246685]
[ 1.96530393 -1.02787862  1.68385209  3.17859868  1.78518661]
[ 1.67737913 -0.62431631  1.19706722  3.14473908  1.51946061]
[ 1.5814042  -0.66943508  1.38587391  3.13652675  1.60270318]
[ 2.34920367 -0.17318903  2.00399182  3.15020089  1.83562519]
[ 1.77335407 -0.40874887  0.79246694  3.12744982  1.31000248]
[ 2.1572538  -0.49564427  1.76789272  3.16517555  1.77636987]
[-0.81796914 -0.75298835 -0.66587916  3.05297271  0.51178313]
[ 0.62165486 -1.61080195  0.78449837  3.11205909  1.31164243]
[ 1.48542926 -1.11517632  1.30384509  3.16367438  1.60389738]
[-0.05016967  0.69916754  1.03257355  3.14679249  1.48379804]
[ 0.81360473 -0.27626899  0.91062826  3.14415321  1.40999836]
[ 1.2934794  -0.97985747  0.79797936  3.11915907  1.31761705]
[ 0.52567993 -0.66291792  0.36738719  3.11314568  1.11346285]
[ 1.67737913 -1.23476041  1.61686207  3.16615091  1.72579785]
[ 1.19750446 -0.08389374  0.21453177  2.91964039  0.78814383]
[ 1.77335407 -1.32261514  1.39320996  3.15351824  1.60601195]
[ 0.62165486 -1.2828144  -0.07197     3.00333471  0.77720158]
[ 1.10152953 -1.61080195 -0.03081314  3.06503165  0.79853788]
[ 1.48542926 -1.46816551  1.35476603  3.15138296  1.60730694]
[ 1.48542926 -1.18921795  1.07020852  3.13394851  1.44052075]
[ 1.38945433 -1.16473888  0.99379754  3.12692744  1.39314031]
[ 1.5814042  -0.99126991  0.50451582  3.06997568  1.06083741]
[ 1.2934794  -1.29019412  0.98837587  3.14455172  1.42799254]
[ 1.77335407 -0.13397151  0.65304797  3.10739265  1.22758476]
[ 1.5814042  -1.0668226   1.54429047  3.16879314  1.71498633]
[ 2.1572538  -0.33245046  2.43077046  3.20955026  2.1305929 ]
[ 1.10152953 -0.9138284   0.73388065  3.13435571  1.3211776 ]
[ 2.06127887 -0.10962815  1.88009322  3.17784875  1.85236991]
[1.67737913 0.02266846 0.08587035 2.91059397 0.73058484]
[-1.00991901  0.77332827 -1.04665335  2.86121059  0.06644052]
[-1.10589394 -1.05322311 -0.58273288  2.88972617  0.39263432]
[ 1.5814042  -1.2828144   1.08035205  3.12037625  1.41966549]
[-1.00991901 -1.41564936 -0.50928524  2.90191718  0.4407221 ]
[-1.00991901 -0.397248   -0.47067651  2.89063081  0.44789283]
[0.81360473 1.24400172 1.44587065 3.17861197 1.70834829]
[ 1.38945433 -0.40140559  1.17239616  3.15221853  1.52923131]
[-1.10589394 -1.80119473 -1.20045173  2.84256223 -0.06632538]
[ 1.10152953 -1.7451583   0.11454022  3.08558986  0.93027051]
[ 2.1572538  -0.33245046  2.15100631  3.19017117  1.98903673]
[0.90957966 0.95616479 0.59696854 3.12220588 1.22521659]
[ 0.23775513 -0.23830019  0.4819553   3.11899287  1.18499182]
[ 1.38945433 -0.76328211  1.11213013  3.12605545  1.44884802]
[ 1.38945433 -0.93012129  0.73340525  3.02039264  1.1822393 ]
[ 0.62165486 -0.60533191  0.99111794  3.14184271  1.44452934]
[-0.33809447  0.34072399  0.25207805  3.09707196  1.03058361]
[ 2.06127887 -0.53595117  1.75966473  3.14707402  1.73948875]
[ 1.67737913 -0.78837316  0.89943804  3.11103419  1.32996608]
[ 1.10152953 -0.64109962  0.78174406  3.14636297  1.35827461]
[-0.91394408 -0.30447438 -0.5268941   2.87567731  0.3848218 ]
[-0.43406941  0.67979221  0.44488226  3.12298567  1.17972006]
[ 1.5814042  -0.11868956  1.08501954  3.15301883  1.49642697]
[1.77335407 0.06193457 1.67753733 3.17009169 1.75835691]
[ 0.23775513 -0.1020592   0.44081857  3.10897209  1.13912211]
[-0.53004434  1.59527639 -0.28545858  3.06578289  0.72557692]
[ 0.81360473 -0.79977818  0.10230286  3.10118895  0.9720271 ]
[-0.24211954  0.04896762  0.4542259   3.11423653  1.16938149]
[-0.81796914 -0.58368303 -0.90091891  2.75588165  0.01638729]
[ 0.23775513  0.03963142 -0.86537567  2.73942336 -0.04175756]
[1.67737913 0.12565787 1.23254366 3.14905836 1.54146629]
[-0.33809447  0.15713096  0.263314    3.10099765  1.04370144]
[ 1.38945433 -0.49564427  1.83897152  3.1707048   1.82166447]
[ 1.19750446 -0.49564427  0.69004738  3.00712455  1.12126127]
[-0.43406941  1.12929979 -0.86205438  2.88087663  0.20100304]
[ 1.48542926 -1.46816551  0.28184648  2.98514261  0.89482583]
[ 1.5814042  -1.84806955  1.2095586   3.1332957   1.51703807]
[ 1.38945433 -1.23908273  0.92972965  3.12552618  1.364252  ]
[ 1.2934794  -0.14611723  1.70384099  3.19401122  1.83818797]
[ 1.10152953 -0.82547964  1.0514991   3.13714724  1.45148649]
[ 1.48542926 -0.62946319  1.13131749  3.14367644  1.50477068]
[0.62165486 0.11262356 0.75412972 3.11415073 1.29163745]
[-1.00991901  0.77332827 -1.49805716  2.74058066 -0.38974307]
[ 1.2934794  -1.21555619  1.38526571  3.15729086  1.62398324]
[ 1.10152953 -1.16473888  0.82501646  3.13864218  1.37140166]
[ 2.4451786  -0.60716004  1.03484845  3.02421481  1.28922952]
[ 0.62165486 -0.14348921  0.5256508   3.10800428  1.17266246]
[ 1.77335407 -0.31956674  0.9332614   3.14617774  1.40688772]
[0.62165486 0.11262356 1.1715734  3.14923473 1.53054878]
[ 1.10152953 -1.46964275  0.77336618  3.15973917  1.39649926]
[-0.33809447  0.95104678 -0.01293368  2.91315761  0.70479283]
[ 1.2934794  -1.21555619  0.58971079  3.11425474  1.20308178]
[-0.43406941 -4.74074033 -1.85279996  2.72559452 -0.66297235]
[ 1.2934794  -0.97985747  1.3219857   3.15061351  1.58608271]
[-0.81796914 -0.58368303  0.06540412  3.10479193  0.97851753]
[-0.43406941 -0.71867581 -0.18717422  3.06940737  0.77406835]
[-1.00991901  0.0270859  -0.91340983  2.87751121  0.16881754]
[ 1.67737913 -0.26959879  1.13886648  3.13372095  1.46274585]
[ 1.77335407 -1.69297147  1.22151736  3.13720286  1.51959138]
[-0.05016967 -0.2865522   0.24237478  3.08793793  1.00954941]
[-0.24211954  1.22230135  0.06470318  2.91339337  0.73676015]
[ 1.67737913 -0.70738307  1.5332962   3.15110455  1.66842357]
[ 1.2934794  -1.21555619  1.1513286   3.14460619  1.50119025]
[ 1.19750446 -1.69045608  1.03234251  3.15206645  1.46927562]
[ 0.90957966 -0.33633603  0.90048294  3.13818608  1.39822356]
[2.25322873 0.34072399 1.47901787 3.05051341 1.54460013]
[ 1.96530393 -0.65687189  1.32522967  3.14228404  1.56026788]
[ 1.2934794  -1.43400866  0.76680961  3.12944187  1.30091642]
[ 1.869329   -1.07244997  1.16454132  3.13392144  1.46792684]
[ 1.67737913 -0.70738307  1.92289557  3.15827655  1.84949552]
[ 2.06127887 -1.43655857  1.29212354  3.14992756  1.55366773]
[ 2.06127887 -0.19920995  1.74225293  3.17104047  1.78781112]
[-0.72199421  0.26903529 -0.43643956  2.90435253  0.48016482]
[-0.72199421  0.26903529 -0.28804074  3.09616141  0.79197948]
[-0.72199421  0.72089139 -0.71397077  2.90998661  0.36313731]
[ 1.48542926 -0.62946319  1.04267812  3.13793999  1.43756427]
[ 0.7176298  -1.22292102 -0.25755071  3.05376858  0.70332615]
[-0.53004434  0.01904389 -0.84755926  3.03903509  0.37825424]
[-0.62601928  0.78350719  0.01343728  3.10382429  0.94212792]
[ 0.90957966 -1.58183682  0.83373621  3.1165006   1.32879221]
[ 1.5814042  -0.99126991  1.88558416  3.17448316  1.85502819]
[-0.53004434  0.20866585 -0.66371825  3.04611456  0.48351429]
[ 1.5814042  -0.31233068  1.6985737   3.1680834   1.76444379]
[ 1.48542926 -0.44981587  1.12363163  3.15449048  1.51724423]
[ 1.5814042  -0.75298835  1.80100242  3.17505525  1.83144722]
[ 1.38945433 -1.01033243  0.64328598  3.11373499  1.21877198]
[ 1.96530393 -0.88465276  1.17692275  3.03261187  1.38417932]
[ 1.48542926 -0.79977818  1.3826862   3.16101525  1.62878854]
[-0.81796914  1.17709226 -1.53308467  2.83606896 -0.27456062]
[ 1.67737913 -0.36182535  0.46986168  3.10771258  1.12584293]
[ 1.2934794  -0.81210794  1.01073862  3.13758988  1.43402957]
[ 1.67737913 -0.8673635   1.65190859  3.15025011  1.70964176]
[-0.43406941  0.89830284 -0.43879487  3.05245837  0.62317435]
[ 1.96530393 -0.49564427  0.83357794  3.09795199  1.26488276]
[ 1.67737913 -0.36182535  2.27840774  3.18931575  2.02644066]
[ 1.19750446 -1.1908075   1.16301933  3.15457119  1.53080411]
[ 1.48542926 -0.35624956  1.1478244   3.11416631  1.44285152]
[-0.53004434  0.61951342 -0.32131642  2.90204072  0.55028813]
[-0.24211954 -0.9640105  -0.22548502  2.96133398  0.62914357]
[ 1.5814042  -1.35146296  0.47843309  3.12306557  1.17147242]
[ 1.48542926 -0.71574118  0.3163668   3.10139485  1.0632991 ]
[-1.48979368  0.03963142 -2.1585785   2.70638474 -0.87960076]
[-0.62601928  0.78350719 -0.39963294  3.05085958  0.63226284]
[ 1.19750446 -0.59122921  0.59488139  3.02100689  1.12947337]
[ 1.48542926 -0.79977818  1.7497158   3.16793853  1.80382216]
[ 1.0055546  -0.87798405  0.67354084  3.1477347   1.33276133]
[ 0.90957966 -1.58183682  0.73355269  3.12811279  1.29396587]
[ 2.54115354 -0.34357731  2.15313076  3.20624358  2.02412124]
[-1.20186888 -0.6001903  -1.15109763  3.03749044  0.23876339]
[ 1.96530393 -1.16473888  0.80041789  3.11608273  1.30784491]
[ 1.5814042  -1.0668226   1.31773756  3.13929564  1.54978245]
[-0.62601928  0.55579012 -0.11562134  3.07771944  0.83267175]
[-0.62601928 -0.41200744 -0.08966581  3.0816855   0.85688236]
[ 1.2934794  -0.14611723 -0.45973755  2.79605372  0.30495636]
[ 1.38945433 -0.58730107  0.7506096   3.14087113  1.34353826]
[ 1.19750446 -0.86227145  0.87184953  3.11000601  1.32413622]
[ 1.2934794  -1.21555619 -0.45364443  2.93099813  0.40207923]
[ 1.10152953 -0.64109962  0.51328957  3.10477831  1.15838088]
[ 1.0055546  -1.37603192 -0.24182046  3.0715725   0.75752903]
[ 1.0055546  -0.78655497  1.25819795  3.1475206   1.56044825]
[ 2.25322873 -1.34908127  1.08004966  3.14226895  1.44763739]
[ 1.10152953 -1.46964275  0.37341509  3.12951471  1.15769304]
[-0.72199421 -0.13397151 -0.5486109   2.89256052  0.39254352]
[ 1.67737913 -0.53909197  1.15405338  3.14390843  1.50532526]
[ 1.19750446 -1.75511648 -0.36007724  2.95123231  0.52652364]
[ 1.10152953 -1.5411046   1.90299584  3.19894574  1.92071647]
[-1.20186888 -0.9876256  -1.85954184  2.71137159 -0.68490737]
[ 0.81360473 -0.27626899  0.4123763   3.08772251  1.07950336]
[ 1.0055546  -1.59668603  0.41485004  3.12732168  1.16213506]
[ 1.77335407 -0.22800642  0.33517456  2.97940845  0.89778056]
[ 1.869329   -1.14192884  1.76202166  3.20038916  1.87045354]
[1.48542926 0.0455352  0.58136078 3.14804347 1.28451485]
[ 1.38945433 -1.45149371  1.80559673  3.18377059  1.84855865]
[ 1.2934794  -0.72478626  0.50295457  3.12497477  1.19465073]
[ 2.06127887 -0.61512545  1.7554637   3.16319843  1.78423872]
[ 0.33373006 -1.19711443 -1.87094088  2.70232057 -0.74532373]
[ 1.96530393 -0.23830019  1.49438047  3.16001365  1.68285558]
[ 1.0055546  -0.06397033  0.86142899  3.15142365  1.41661254]
[ 1.5814042  -0.9138284   1.06870248  3.16528285  1.51503095]
[-0.81796914 -0.21685485 -0.75584195  3.06215333  0.48520682]
[ 1.67737913 -1.23476041  1.79918599  3.16167544  1.7976768 ]
[-1.29784381 -3.94903581 -2.31987653  2.69067031 -1.03048845]
[-1.39381874 -1.2274665  -1.05042867  3.04343607  0.30882599]
[ 0.62165486 -1.83383349  0.48460962  3.09990827  1.15377215]
[-1.00991901  0.25978513 -0.21448717  3.10250047  0.85145958]
[ 1.67737913 -0.07746014  1.86981445  3.19994373  1.9111782 ]
[ 1.2934794  -0.54276361  0.83986491  3.13154056  1.34109645]
[ 1.48542926 -0.54085336  0.60943546  2.99960769  1.09140822]
[ 1.38945433 -1.08851291  1.56877848  3.18094559  1.74764984]
[1.96530393 0.2376101  1.07428602 3.14725383 1.47938123]
[ 1.77335407 -0.40874887  1.08120254  3.12932538  1.45950499]
[ 1.48542926 -1.26147545  1.55336805  3.14437207  1.67151402]
[ 1.19750446 -1.55640402  1.3156936   3.16048615  1.61614089]
[ 1.48542926 -0.54085336  1.08519876  3.12369196  1.42804732]
[-1.77771848  1.66907359 -1.46476883  2.75633823 -0.29567355]
[ 2.34920367 -0.41784257  1.46056322  3.1428896   1.60494125]
[ 1.19750446 -1.41564936  1.62561882  3.164087    1.73899319]
[-1.48979368 -1.5411046  -1.77581946  2.72922818 -0.58646078]
[ 1.0055546  -0.87798405  1.20773547  3.16430307  1.57846992]
[ 1.19750446 -0.77443369  0.13072659  3.09266392  0.96280123]
[ 1.0055546  -0.6924368  -0.26779992  2.8837953   0.51610923]
[ 1.19750446 -1.34259947  0.52908567  3.12541314  1.2029769 ]
[ 1.10152953 -0.99975665 -0.41875647  2.96177925  0.50528903]
[ 1.10152953 -0.44571184  0.05000571  3.09104757  0.9285397 ]
[1.77335407 0.16402647 0.535519   3.14409448 1.25312865]
[ 2.25322873 -1.0352367   1.18926436  3.14639103  1.49986064]
[ 0.90957966 -0.74530644  0.39486522  3.09848716  1.0844408 ]
[-0.81796914 -0.40522608 -0.7346875   2.92485611  0.29223818]
[ 1.38945433 -0.84779933  1.04759216  3.14126521  1.45596228]
[ 1.19750446 -1.1908075   1.32215332  3.14290633  1.5704655 ]
[ 1.19750446 -0.59122921  0.35955425  3.11145567  1.09817917]
[ 1.38945433 -0.30447438  1.23906404  3.15452723  1.56581712]
[ 1.38945433 -1.64925567  0.635312    3.12364766  1.24330828]
[ 1.77335407 -0.58033979  1.27018843  3.13193857  1.52030895]
[ 1.5814042  -0.49564427  1.075512    3.1274805   1.4369851 ]
[ 1.96530393 -0.14806265  0.97133351  3.13162472  1.395824  ]
[-1.29784381 -4.09846141 -2.37238045  2.69041782 -1.06225104]
[1.48542926 0.49754304 0.96511713 3.13529267 1.40811498]
[ 1.10152953 -1.46964275  0.33248585  3.10428186  1.07890642]
[ 0.23775513 -0.1020592   0.224858    3.09235811  1.02886863]
[ 1.19750446 -0.49564427  1.0312864   3.13703075  1.44094055]
[ 1.77335407 -0.03736029  1.48290166  3.16636206  1.67076739]
[-1.58576861 -4.8168803  -2.33599293  2.6917761  -1.02822416]
[ 1.38945433  0.00368007 -0.29338353  2.97087866  0.58506517]
[-0.24211954  1.00101473 -1.21641344  2.75602963 -0.18680115]
[ 1.2934794  -0.2496536   1.17104632  3.12330789  1.4726158 ]
[-1.29784381 -4.31904205 -2.34171335  2.69050182 -1.04508655]
[1.77335407 0.06193457 1.47018543 3.15432116 1.63703413]
[ 1.869329   -0.53746268  2.26581572  3.19156095  2.03232044]
[ 1.2934794  -1.21555619  0.6033008   3.12327048  1.22300499]
[ 1.67737913 -0.36182535  1.15094814  3.13162078  1.47441317]
[ 1.2934794  -0.35018892  1.01619097  3.14523455  1.4561111 ]
[-0.24211954  1.45588168 -1.28274596  2.83425081 -0.15804818]
[ 1.0055546  -0.59550914  0.30314202  3.10386596  1.05116159]
[ 1.77335407 -0.97356899  1.37260702  3.14985898  1.59219095]
[ 1.77335407 -1.63452871  1.36453272  3.14851186  1.58175499]
[-1.20186888 -4.37639301 -2.39449929  2.69003933 -1.08131973]
[ 1.48542926 -1.6609214   1.93907485  3.18939204  1.91313998]
[ 1.5814042  -0.58368303  0.10242637  2.96137369  0.76126095]
[ 2.06127887 -0.01771955  1.77271376  3.15871361  1.77087854]
[ 2.34920367 -0.78975179  1.860592    3.15194176  1.79350614]
[ 1.48542926 -1.03928364  0.35860498  3.08740276  1.04916216]
[-0.91394408  0.34072399 -0.56805077  3.08146959  0.62804083]
[ 1.48542926 -1.26147545  1.40091184  3.15285953  1.61284016]
[ 1.19750446 -0.49564427  1.19027684  3.16588184  1.58028232]
[ 1.2934794  -0.63503898  1.60252258  3.16656582  1.73196724]
[ 1.48542926 -0.62946319  1.37217474  3.14153428  1.57746704]
[ 1.2934794  -1.0604644   1.13084252  3.1282552   1.48118164]
[ 1.869329   -0.7777926   1.05506348  3.14560713  1.4730006 ]
[-0.24211954 -0.11547688  0.91741969  3.1421039   1.42347756]
[ 1.10152953 -1.24397377  0.46240881  3.12942644  1.18403358]
[ 1.96530393 -0.81051232  0.75448631  3.11360243  1.26998796]
[-0.62601928  0.55579012  0.79351511  3.13137748  1.35946053]
[-1.10589394  2.01346052 -1.34392184  2.9205388  -0.0388955 ]
[ 1.19750446 -1.55640402  1.28574747  3.1453699   1.57406766]
[ 1.38945433 -0.49564427  0.41935566  3.07845953  1.05025549]
[ 1.77335407 -0.49564427  0.59522161  3.08815449  1.14310955]
[1.96530393 0.44674251 1.57109712 3.15369805 1.68420337]
[-0.33809447  0.34072399  0.91015407  3.14569015  1.43659353]
[ 1.67737913 -1.43538389  1.0455126   3.1428855   1.44495777]
[ 0.04580526 -4.73163893 -2.0721764   2.70449326 -0.8490062 ]
[1.77335407 1.96944114 2.01681643 3.18975478 1.93538095]
[ 0.7176298  -1.62587165  0.34622397  3.09899084  1.07239837]
[1.0055546  0.84254495 0.47604517 3.10556188 1.15838357]
[ 1.96530393 -1.16473888  1.18838741  3.15173685  1.52871928]
[ 1.5814042  -0.58368303  1.16221299  3.14412368  1.50100349]
[-0.81796914 -0.21685485 -0.17451346  3.09608643  0.83364429]
[ 1.96530393 -0.49564427  1.27723741  3.14410629  1.54881868]
[1.77335407 0.48831839 0.98553942 3.16237878 1.47269867]
[ 0.90957966 -0.8400312  -0.22012282  2.79354652  0.43259764]
[ 1.19750446 -1.62423759  0.2330839   3.09746571  1.01724385]
[ 1.67737913 -1.23476041  0.9710168   3.14750337  1.42986314]
[ 1.5814042  -0.75298835  1.00984247  3.12925287  1.42574803]
[-1.20186888 -1.64014821 -1.2042253   2.84256158 -0.06765798]
[-1.10589394 -1.52502059 -1.14286968  2.84295549 -0.03612554]
[-0.43406941  0.08981352  0.81183727  3.14335586  1.38078969]
[-0.33809447  0.15713096  0.06719001  2.99969136  0.84219849]
[-0.53004434  1.07869599  0.18180797  3.12503973  1.0690931 ]
[-0.14614461  0.84254495  0.58028561  3.11731927  1.21763275]
[ 2.1572538  -0.79977818  1.58155078  3.16951895  1.71760017]
[ 1.48542926 -0.44981587  1.64135447  3.18203513  1.78506809]
[ 1.2934794  -1.29019412  1.40885055  3.16145527  1.64704814]
[-1.20186888 -1.33201253 -1.21216821  2.84249907 -0.07215062]
[-0.62601928 -0.23830019 -0.4161891   2.89053697  0.45609076]
[ 1.5814042  -0.11868956  0.94615633  3.12027945  1.37485036]
[ 1.2934794  -0.81210794  0.93513719  3.04631882  1.32191904]
[ 1.869329   -0.18750859  0.26546164  3.08734238  0.99728265]
[ 1.0055546  -0.78655497  0.20225001  2.92939573  0.82024095]
[0.62165486 0.24779419 0.94357692 3.13491139 1.41952637]
[-0.62601928 -0.05545045 -0.03300309  3.10280218  0.9177464 ]
[1.38945433 0.11262356 0.87676102 3.14713325 1.41468688]
[ 1.38945433 -0.30447438  1.44412672  3.16798644  1.67817702]
[ 1.48542926 -0.26004758  0.38196686  2.92015998  0.89140415]
[2.06127887 0.48011871 2.0657354  3.19833674 1.96686442]
[ 1.0055546  -0.6924368   0.94842169  3.15596392  1.45902648]
[-0.62601928 -0.57724117 -1.95598349  2.69656361 -0.79948321]
[ 1.38945433 -0.58730107  0.79543828  3.11974084  1.32129772]
[ 0.7176298  -0.54960351  0.74189833  3.12588974  1.3026281 ]
[ 1.0055546  -1.05322311  1.10909149  3.15546074  1.52049679]
[-0.62601928  0.34072399 -0.54674613  2.94917841  0.4341568 ]
[ 1.2934794  -1.0604644   0.68747769  3.11966455  1.27395976]
[ 0.42970499  0.5967551  -0.47222663  2.88461004  0.40590714]
[ 1.48542926 -0.62946319  0.70207281  3.12192664  1.26772692]
[ 1.48542926 -1.40088992  1.50684617  3.18285676  1.72673097]
[ 1.77335407 -0.97356899  2.69886122  3.21321313  2.23045822]
[ 1.10152953 -0.99975665  1.37736224  3.15658556  1.63041738]
[ 1.869329   -0.53746268  1.07731145  3.13340119  1.44526529]
[ 1.2934794  -1.43400866  1.67625871  3.18362671  1.80258205]
[ 1.19750446 -1.34259947  0.74872516  3.11628272  1.26842536]
[ 1.38945433 -0.67648065  1.60283249  3.17038225  1.74323583]
[ 2.4451786  -0.13720073  1.12794169  3.11976069  1.44009404]
[ 1.38945433 -1.08851291  0.40467767  2.97680559  0.93544087]
[ 1.19750446 -1.11191562  1.21508677  3.14887904  1.55404355]
[ 1.10152953 -1.61080195 -0.13856279  3.08718012  0.82233049]
[ 1.48542926 -0.79977818  0.33872746  3.11699311  1.09764441]
[ 1.5814042  -0.9138284   1.35369254  3.14670717  1.58772772]
[ 1.67737913 -0.26959879  0.91103621  3.1186024   1.34705442]
[ 1.48542926 -0.79977818  0.98726971  3.13571038  1.42978614]
[ 1.19750446 -0.49564427  1.04277882  3.14307712  1.45949331]
[ 1.77335407 -0.13397151  1.57151324  3.15690728  1.68728001]
[ 2.1572538  -0.41503046  1.30612256  3.14395781  1.56249833]
[ 2.25322873 -0.12392504  1.84228383  3.1528825   1.7750592 ]
[ 1.10152953 -0.64109962 -0.19589234  2.97235342  0.672368  ]
[ 1.67737913 -1.62292323  0.36822768  3.08895528  1.0587533 ]
[ 1.38945433 -1.38239616  1.3937968   3.17416242  1.66736579]
[ 1.869329   -0.85408781  1.39925133  3.14310091  1.59637085]
[ 1.5814042  -0.83442635  1.45957836  3.17093875  1.68248172]
[ 1.5814042  -0.9138284   1.61369169  3.15190714  1.71310451]
[ 1.2934794  -1.57097489  0.61037347  3.14249782  1.28711924]
[ 1.38945433 -0.84779933  0.97920603  3.12287936  1.38260921]
[ 1.96530393 -0.57724117  2.02467859  3.16900478  1.88773902]
[ 0.81360473 -1.24955369  0.4724076   3.13298497  1.21013043]
[-0.43406941  1.90891449  0.23983307  3.09137242  1.03714929]
[ 0.90957966 -1.10819567  1.16135566  3.12974784  1.47920011]
[ 1.38945433 -0.58730107  1.36036722  3.16028977  1.61410466]
[ 1.10152953 -1.16473888 -0.30123484  3.04660904  0.63401248]
[-1.29784381 -1.45149371 -0.82235283  2.87012199  0.2182899 ]
[-0.14614461  0.84254495  0.7302665   3.11933905  1.28445393]
[ 1.0055546  -1.21898979  0.80044566  3.14590507  1.36848441]
[ 1.19750446 -1.03091996  1.52653289  3.1622741   1.70629082]
[-0.24211954  0.22124281  0.03089882  3.08538478  0.91995272]
[ 1.10152953 -1.5411046   0.22342202  3.11203218  1.03972082]
[ 1.5814042  -0.9138284   1.40999851  3.17758739  1.68963542]
[-0.14614461  1.04842022  0.09105587  3.08957659  0.94770812]
[ 1.0055546  -0.78655497  0.1011181   3.08721244  0.93694813]
[ 1.96530393 -0.65687189  0.66216296  3.0016803   1.0854748 ]
[ 1.19750446 -0.77443369  0.54616348  3.11057908  1.17895899]
[2.25322873 0.75890813 1.45337385 3.15148485 1.6286877 ]
[ 1.5814042  -0.58368303  0.7622742   3.01102761  1.15892445]
[ 1.19750446 -1.34259947  1.59775149  3.16485448  1.71666371]
[ 1.77335407 -0.82203188  1.33357036  3.1528866   1.59037418]
[-0.24211954  0.22124281  0.03428205  3.10424806  0.95221537]
[-0.33809447  0.15713096  0.44511915  3.12321634  1.18068753]
[ 1.77335407 -0.49564427  1.09425063  3.16013292  1.50299958]
[ 2.1572538  -0.33245046  1.75917857  3.17818146  1.80619488]
[ 1.48542926 -1.18921795  1.45930708  3.14150228  1.62085537]
[-0.33809447  1.17709226  0.05059062  3.11737325  0.98512104]
[1.869329   0.4124127  1.00526313 3.13329767 1.40726313]
[ 1.77335407 -0.13397151  1.62736561  3.15629582  1.71777755]
[ 1.38945433 -1.31161331  1.51319282  3.1708267   1.7042558 ]
[ 1.77335407 -0.58033979  1.27342107  3.1266843   1.5104525 ]
[-0.81796914  0.1931296  -0.92086265  2.87344934  0.16857992]
[ 1.48542926 -0.62946319  0.23233598  3.0004449   0.90311862]
[ 1.48542926 -0.54085336  1.5050422   3.19002909  1.75223001]
[ 1.10152953 -1.16473888  0.98962449  3.14661858  1.44907155]
[ 1.10152953 -1.61080195  1.05970138  3.15161921  1.4917291 ]
[ 1.77335407 -1.32261514  0.57402591  3.09602081  1.1536729 ]
[ 1.48542926 -0.62946319  1.08170479  3.1352131   1.45359602]
[ 2.06127887 -0.2865522   1.4256541   3.1480538   1.60722219]
[ 1.38945433 -1.58486806  1.09960321  3.12650482  1.4462628 ]
[ 1.48542926 -1.03928364  1.16036503  3.15568928  1.53029863]
[ 1.96530393 -0.95708883  1.45501702  3.16792196  1.66134421]
[-0.81796914 -4.75056631 -1.89190194  2.7281137  -0.64887242]
[ 1.10152953 -0.99975665 -0.02190594  3.09975045  0.89634613]
[ 1.77335407 -0.22800642  1.43303599  3.15183643  1.63923334]
[ 2.1572538  -0.57436128  1.17241078  3.11993525  1.45488625]
[ 1.5814042  -0.11868956  0.67170427  3.11954068  1.24470606]
[-0.91394408  1.11941169 -0.87434354  2.76889642  0.04102078]
[ 1.67737913 -0.26959879  1.24368602  3.1593569   1.57040696]
[ 1.5814042  -0.40522608  0.96789492  3.1331405   1.38789766]
[ 1.48542926 -0.79977818  1.87353392  3.16628363  1.83692064]
[ 1.10152953 -0.73460663  1.11620404  3.13992302  1.47357518]
[ 1.48542926 -0.26004758  1.72382161  3.18920435  1.8356641 ]
[ 1.19750446 -1.11191562  1.0191712   3.10754736  1.37987792]
[ 1.77335407 -0.66291792  2.17219138  3.19429997  2.00436603]
[ 1.67737913 -0.45162489  0.47791798  2.94149945  0.9699315 ]
[ 1.10152953 -1.67879937  0.79514706  3.13664603  1.34604231]
[-0.33809447 -0.18443747 -0.6029282   2.95388472  0.42809296]
[ 1.0055546  -1.73470836  0.71328607  3.12598523  1.28216329]
[-0.62601928  0.55579012 -1.45148374  2.7206518  -0.4197127 ]
[ 0.81360473 -1.16473888 -0.95776996  2.74622065 -0.08764011]
[ 1.38945433 -0.40140559  0.78346622  3.12819105  1.30790052]
[ 1.38945433 -1.31161331  0.3764631   3.12512554  1.1495643 ]
