[-0.15361824 -2.77463923  0.99811415 -0.10641772  0.65131727]
[-0.06998598  0.76787611  1.32790276  0.32346062  0.77591829]
[ 0.93360114 -0.78197435  2.61842596  1.36528342  1.11183173]
[0.26454306 0.17745689 1.59536796 0.82919984 0.87098598]
[ 0.1809108  -0.41296233  1.01673495  0.37403454  0.66977594]
[ 0.5990721  -0.60976874  2.51269978  1.29953732  1.09948928]
[ 0.5990721  -2.03185376  2.71810406  1.22367644  1.13506409]
[ 0.26454306  0.76787611  1.15630859 -0.31882819  0.65356235]
[ 0.01364628 -0.53726112  1.67292882  0.74828157  0.90053813]
[-0.2372505  -0.78197435  1.59306335  0.86965898  0.89966267]
[-0.48814728  0.76787611  0.08193475 -0.61721433  0.2543544 ]
[-0.06998598 -0.60976874  1.28153846 -0.22779513  0.72572669]
[-0.2372505   0.76787611  0.34169044 -0.51606649  0.36450493]
