[-0.91394408  0.11262356 -0.6765415  -0.07029199 -0.58806021]
[ 1.48542926 -0.88166039  0.4523802   0.04108915  0.28362015]
[-0.91394408  1.11941169 -1.18056122 -0.14734043 -1.03249835]
[-0.81796914  0.65436209 -0.83004249 -0.07326862 -0.69394601]
[-0.72199421  0.72089139 -0.30485855 -0.0038337  -0.21003024]
[-0.91394408  0.11262356 -0.88231237 -0.05197558 -0.68455804]
[-0.72199421  1.2310515  -1.13806351 -0.06889388 -0.88877773]
[-0.72199421  0.72089139 -0.79746995 -0.04332758 -0.58679289]
[ 1.67737913 -1.37002927  0.22066533 -0.04774178  0.02119129]
[1.38945433 0.11262356 1.16116342 0.05874315 0.68236512]
[-0.33809447 -1.16473888  0.19401556  0.02383824  0.1230185 ]
[-0.91394408  1.11941169 -1.00617816 -0.13064764 -0.89558377]
[ 1.10152953 -1.7451583   0.10582612  0.01771021  0.04222996]
[0.52567993 0.48831839 0.47523959 0.05118601 0.32642796]
[ 0.33373006 -0.78404712 -1.2040662  -0.16691402 -1.11802223]
[ 1.19750446 -0.77443369  0.33969572  0.02652171  0.19010038]
[-0.24211954  0.04896762 -0.52003091 -0.02965087 -0.41407145]
[1.48542926 0.26469052 1.76181178 0.11894094 1.07327718]
[-1.20186888 -0.79977818 -1.07596743 -0.12112299 -0.88944116]
[-0.53004434  1.32915922 -0.53006183 -0.10122243 -0.49803755]
[-0.62601928  1.55480696 -0.61121186 -0.10229075 -0.53631382]
[-1.20186888  0.61951342 -0.94697126 -0.03341958 -0.64485955]
[ 0.23775513 -0.61729783  0.51270876  0.0531366   0.34616307]
[-1.10589394 -0.49564427 -1.37811564 -0.07138568 -1.05806636]
[ 0.62165486 -0.3822384   0.36656768  0.05497444  0.28102269]
[-0.91394408 -0.30447438 -1.25401051 -0.07878779 -0.99936266]
[-0.72199421  0.48831839 -0.79740608 -0.12045212 -0.71821166]
[-0.62601928  1.28163829 -1.33644126 -0.08493272 -1.04443516]
[ 0.33373006 -0.04529213 -0.05198037 -0.04021283 -0.16581619]
[ 0.52567993  1.32254761  0.15295787 -0.0614213  -0.02808739]
[-1.48979368 -0.23830019 -1.80489027 -0.19173899 -1.58459374]
[ 0.90957966 -0.44337125  0.27704652 -0.0670504   0.04263038]
[-0.72199421 -0.49564427  0.09807878  0.04827421  0.13697662]
[-0.81796914  0.65436209 -0.71015387 -0.12145843 -0.64483114]
[-0.62601928  0.78350719 -0.43912627 -0.03904303 -0.38997409]
[-0.91394408  0.58354059 -1.72544932 -0.12086085 -1.45318369]
[-0.53004434  0.84254495 -1.29168803 -0.16645456 -1.14898042]
[-0.14614461  0.11262356  0.06210049 -0.00062875  0.01122859]
[-0.62601928  1.84618687 -0.77750199 -0.05313974 -0.62765595]
[-0.72199421  0.48831839  0.68885919  0.06613962  0.49113609]
[-0.91394408  0.34072399 -0.39603094 -0.01601081 -0.28567928]
[-1.10589394 -0.2865522  -0.67687882  0.00777121 -0.3874186 ]
[ 0.90957966 -0.22584806  1.75434187  0.11700726  1.06900779]
[-0.53004434  1.59527639  0.02222502 -0.00973903 -0.02477496]
[ 1.19750446 -0.59122921  1.67318871  0.10326854  1.00555759]
[ 0.81360473 -0.9876256  -0.44699191 -0.09882083 -0.46803324]
[-0.53004434  1.32915922 -0.53552306 -0.0421747  -0.43874777]
[-0.81796914  0.1931296  -1.04110805 -0.11865938 -0.87063535]
[ 1.67737913 -0.36182535  0.76757759 -0.0030839   0.3421226 ]
[-1.10589394  1.3057643  -1.63393706 -0.11239606 -1.34353797]
[-1.10589394 -0.49564427 -0.23845028  0.04482121 -0.04803743]
[ 0.42970499 -0.83019157 -0.30689546 -0.02938309 -0.29834745]
[-0.81796914  0.41675747 -0.47578446  0.00681846 -0.29616598]
[ 1.0055546  -0.06397033  0.18904504  0.05076319  0.1711125 ]
[-0.53004434 -0.16109696 -0.36795685 -0.04034531 -0.33985983]
[-0.91394408  2.07779654 -0.91838991 -0.12958778 -0.79387372]
[-0.43406941  0.47278214 -0.35722173 -0.00780535 -0.25572365]
[-0.91394408  0.11262356 -0.73814197 -0.02384419 -0.48623088]
[ 1.2934794  -0.63503898  1.33493566  0.08765816  0.83353926]
[-1.00991901  0.50799765 -0.59973193 -0.08191099 -0.48147386]
[-0.62601928 -0.05545045  0.36472752  0.07011409  0.33476198]
[-0.91394408  1.41605462 -1.04089959 -0.1062624  -0.82426247]
[-0.53004434  1.59527639 -0.71017776 -0.13318454 -0.67843199]
[ 1.67737913 -0.17484548  0.52813696  0.0654913   0.3859919 ]
[ 1.5814042  -0.11868956  0.96636249  0.05779604  0.57990421]
[-1.00991901  1.05761108 -1.42471692 -0.17801718 -1.28459338]
[-0.14614461 -0.63219419 -0.15784    -0.11747268 -0.30654561]
[-1.20186888  0.08116143 -2.21084728 -0.22144044 -1.99936996]
[ 1.48542926 -0.88166039  0.663866    0.05613578  0.4107076 ]
[ 1.38945433 -0.93012129  1.21555583  0.07813351  0.73818809]
[-0.43406941  0.89830284 -1.2658069  -0.16956085 -1.16022216]
[-1.10589394  0.17345034 -0.56063801 -0.01816717 -0.37816159]
[-0.81796914  0.90729604 -0.86335781 -0.08085959 -0.72057447]
[-0.72199421  0.06193457 -0.43039667 -0.01652101 -0.30514012]
[-0.91394408  1.7346711  -1.5615142  -0.15946681 -1.31846727]
[ 0.7176298  -1.13522    -0.14020024 -0.0452077  -0.24072599]
[-0.62601928  0.34072399  0.39331994  0.07817861  0.36116688]
[-0.72199421  1.2310515  -1.59490274 -0.0728458  -1.21946136]
[-0.81796914  0.90729604 -0.28232083  0.0102771  -0.17334491]
[-0.72199421  1.81157853 -0.80317309 -0.04948096 -0.60636562]
[ 0.14178019 -0.5587664  -0.33496869 -0.0236356  -0.29667752]
[-0.91394408  0.34072399 -1.73971071 -0.21752234 -1.62515678]
[-6.26019276e-01  1.02502530e+00 -4.28489689e-01  5.57958624e-04 -2.50309625e-01]
[-1.10589394 -0.6924368  -0.82594198 -0.0435559  -0.60717446]
[ 1.96530393 -0.23830019  0.37404092 -0.01729899  0.08978885]
[ 1.48542926 -0.26004758  0.44907518  0.0397164   0.26233067]
[-0.91394408 -0.1020592  -0.86787872 -0.04283429 -0.64760302]
[ 1.67737913 -0.62431631  1.31303158  0.08953546  0.79888811]
[-0.91394408  0.84254495 -1.91715178 -0.22230016 -1.78571614]
[-0.62601928  1.55480696 -0.18463507  0.01143562 -0.09652416]
[-0.53004434  1.59527639 -0.72008326 -0.03070509 -0.52366262]
[ 1.67737913 -0.26959879  0.92653145  0.0405113   0.50708973]
[-0.72199421 -0.13397151 -1.21344668 -0.14010182 -1.06381908]
[-1.00991901  0.50799765 -1.40839335 -0.16978072 -1.24012681]
[-0.81796914  0.41675747 -0.58891596 -0.10490093 -0.52461073]
[-0.81796914 -0.01771955 -0.9460893  -0.12145561 -0.80924317]
[-1.10589394 -1.52502059 -0.38892381  0.0197341  -0.199925  ]
[ 1.10152953 -0.99975665  0.35576024  0.02146201  0.1834094 ]
[-0.62601928 -0.88465276 -1.01296023 -0.03402843 -0.73161492]
[-0.81796914 -0.01771955 -1.37290847 -0.1068628  -1.15516943]
[ 0.62165486 -1.53226972  0.51757895  0.04894226  0.32303998]
[0.7176298  0.29510391 0.15080521 0.02325193 0.0876888 ]
[-1.20186888  0.91974818 -2.32574594 -0.23093126 -2.13179453]
[-1.10589394 -0.2865522  -1.26544778 -0.08108509 -0.98493678]
[ 1.2934794  -0.2496536   1.09317457  0.0622187   0.64321625]
[1.38945433 0.71091978 0.59608447 0.03072451 0.32305215]
[ 1.77335407 -0.31956674  1.63322975  0.09489959  0.96529141]
[-0.62601928  1.0250253  -0.88768174 -0.04199148 -0.65669276]
[-0.91394408  0.84254495 -1.20365928 -0.15910601 -1.07555185]
[-0.91394408  0.34072399 -0.88999254 -0.05614455 -0.69327653]
[ 1.67737913 -0.26959879  1.93130836  0.10224251  1.10601321]
[-0.72199421  0.06193457 -0.38123855 -0.02041092 -0.29302319]
[ 0.42970499  0.29152586 -0.10912391  0.04082136 -0.01149846]
[ 1.19750446 -0.94773522  0.63675646  0.02466977  0.34288393]
[-0.62601928  1.84618687 -1.28700654 -0.15873393 -1.1579739 ]
[-1.20186888 -0.6001903  -1.62150104 -0.16590208 -1.38134563]
[ 1.2934794  -0.72478626  1.18003799  0.09960131  0.7630824 ]
[-0.53004434  0.84254495  0.39885288  0.05959724  0.33344674]
[-0.33809447 -0.01771955 -0.17148339 -0.01745966 -0.17484036]
[-0.62601928  1.0250253   0.1880978  -0.05746938  0.04225375]
[ 1.48542926 -0.79977818  0.21835574  0.00421955  0.04087067]
[-0.14614461  1.04842022  0.5702283   0.04679717  0.37796531]
[-1.29784381 -0.71148124 -1.58167623 -0.16042238 -1.34147182]
[-1.00991901  0.50799765 -0.90931439 -0.12959624 -0.79067358]
[-0.62601928  0.34072399  0.04810289 -0.03430185 -0.00410348]
[ 1.0055546  -0.2865522   0.0805643   0.02665983  0.04880917]
[-0.24211954 -1.20334049 -0.07905254  0.00864503 -0.05794308]
[-1.20186888  0.61951342 -2.28931079 -0.23621928 -2.12273647]
[-0.72199421  1.2310515  -0.25686291 -0.01417015 -0.22133416]
[-0.43406941 -1.12292047 -0.17553268  0.00914395 -0.10379843]
[-1.00991901  0.25978513 -0.98547328 -0.06793268 -0.77050882]
[-0.53004434  0.61951342 -1.12808979 -0.05232511 -0.84765978]
[-0.81796914  0.90729604 -0.63318429 -0.00653126 -0.40191545]
[-0.81796914  0.41675747 -0.74653669 -0.12369935 -0.67131885]
[-0.72199421 -0.13397151 -1.097888   -0.07343211 -0.87561402]
[-0.91394408 -0.49564427 -0.88495421 -0.05430389 -0.67903601]
[ 0.04580526 -0.22254443 -0.68715988 -0.06580732 -0.60777175]
[-0.72199421  0.06193457  0.05400299 -0.00213115  0.00848655]
[-0.62601928  0.78350719 -1.25112814 -0.06060386 -0.95471365]
[-0.91394408  0.58354059 -1.2465536  -0.11299364 -0.99614062]
[ 1.19750446 -1.03091996  1.12916852 -0.00763904  0.58893794]
[ 0.33373006 -1.47355178  0.01063946 -0.06941535 -0.11802914]
[-1.20186888  0.91974818 -1.89894665 -0.12195453 -1.56529093]
[-0.72199421  0.48831839 -0.0497713   0.00720463 -0.02955091]
[-1.00991901 -0.19151036 -2.3393555  -0.24547896 -2.21764786]
[-1.10589394 -0.87798405 -0.96303461 -0.05443074 -0.7185132 ]
[-0.91394408  0.34072399 -1.39950939 -0.17024299 -1.25224724]
[-0.91394408  1.41605462 -1.57818846 -0.19607426 -1.4503996 ]
[-1.00991901  1.05761108 -0.57897028 -0.02713934 -0.41343897]
