[ 0.04580526 -0.22254443  1.87806635 -0.85164547  1.1230294 ]
[ 1.77335407 -0.40874887  4.01215026 -0.7772418   2.10545623]
[ 1.10152953 -0.34357731  2.78039492 -0.84814095  1.50718598]
[ 1.77335407  0.06193457  3.43769598 -0.80923178  1.8205463 ]
[-0.53004434  0.01904389  1.35895605 -0.84859025  0.9006517 ]
[ 0.81360473  0.34072399  2.26524454 -0.85434126  1.26739659]
[ 0.90957966 -0.33633603  1.56247679 -1.05877163  0.67653376]
[-1.20186888  0.91974818  0.40204956 -0.96765409  0.20450012]
[-1.10589394  0.17345034  1.04710639 -0.86269819  0.73588171]
[ 1.67737913  0.12565787  3.57667232 -0.81084925  1.88322269]
[-0.72199421 -0.49564427  0.4446894  -0.9194894   0.28603572]
[-0.53004434  0.61951342  0.91808988 -0.95354615  0.49510702]
[-0.43406941  0.89830284 -0.01753115 -1.20928631 -0.45283295]
[-1.00991901 -1.11191562 -0.14809295 -1.05877163 -0.32195716]
[ 1.10152953  0.2173254   2.27420391 -0.89909129  1.20083188]
[ 0.14178019 -0.68150388  1.90541799 -0.87959178  1.08953469]
[ 1.0055546  -1.21898979  2.84098323 -0.89423888  1.4767824 ]
[-0.43406941 -0.25668191  1.03949349 -0.92874493  0.59970315]
[ 0.81360473 -0.89510374  2.1582016  -0.91131218  1.13022735]
[ 1.38945433 -0.20473357  2.95490675 -0.85775592  1.56397336]
[ 2.06127887 -0.98430887  4.13970863 -0.76753697  2.16470511]
