[ 0.33373006 -0.1800336   0.14690385  1.1985121   0.45116314]
[ 1.19750446 -1.48689555  2.16343541  1.45560455  1.6851387 ]
[-0.53004434  0.84254495  0.88530847  1.38969553  1.05025758]
[-0.72199421  0.72089139 -0.29672432  1.23035584  0.25544689]
[ 1.2934794  -0.72478626  2.21257294  1.48624797  1.75984805]
[-0.43406941 -0.25668191  0.34721474  1.31061213  0.62990929]
[ 0.7176298  -0.54960351  1.14713833  1.42808128  1.21056125]
[-0.53004434  0.40853764  0.52091033  1.37101811  0.84720136]
[-0.72199421  0.26903529  0.27043896  1.38824031  0.76774669]
[-0.62601928  1.28163829  0.47786944  1.41418091  0.90659828]
[-0.53004434  0.61951342  0.60744096  1.38164505  0.90846924]
[-0.53004434 -1.45149371  0.1358906   1.32357678  0.56687871]
[-0.72199421  0.72089139  0.57130154  1.39309318  0.91700525]
[ 1.2934794  -1.63704096  2.15304447  1.49178973  1.75442251]
[ 1.19750446 -1.1908075   1.53691277  1.43250017  1.38678505]
[-0.62601928  0.13728307  0.29287844  1.36561832  0.72592894]
[ 1.77335407 -0.58033979  2.65600716  1.50272483  1.96493917]
[ 0.81360473 -1.33201253 -0.0021799   1.31056534  0.41751059]
[ 1.38945433 -1.64925567  1.06527834  1.3777021   1.0765244 ]
[ 1.19750446 -1.26767651  0.85801728  1.37472875  0.97656676]
[1.67737913 0.23163248 1.80575215 1.44853336 1.52779593]
[ 1.77335407 -1.38777042  1.51300271  1.40962489  1.31762793]
[ 1.67737913 -0.53909197  2.07681544  1.45285222  1.63904553]
[ 1.38945433 -0.58730107  1.24239931  1.38810963  1.18895624]
[ 1.38945433 -0.20473357  1.08350173  1.42313323  1.15929597]
[ 0.23775513 -0.73460663  0.19062872  1.21020384  0.46450584]
[-0.33809447  0.95104678 -0.1979939   1.18916452  0.26198303]
[ 1.2934794  -0.54276361  1.65016877  1.45580783  1.46582565]
[ 1.38945433 -0.49564427  1.86224535  1.45997665  1.56994129]
[-0.53004434 -0.94170734 -0.1970033   1.36274499  0.45501583]
[ 0.14178019 -0.9138284   0.54051825  1.39002626  0.88287389]
[ 1.67737913 -0.36182535  1.8722852   1.42915092  1.52937785]
[-0.24211954  0.04896762  0.40620338  1.34930441  0.75194236]
[ 0.90957966 -1.27472704  1.16340654  1.39874303  1.16433863]
[0.33373006 0.39193022 1.06858006 1.2351474  0.9726428 ]
[ 1.77335407 -1.25597905  2.00338617  1.46112695  1.60820094]
[ 0.7176298  -1.39091171  0.39949768  1.35376041  0.71251466]
[ 1.869329   -0.18750859  1.93819966  1.47107146  1.61500714]
[ 0.04580526  0.9381299  -0.12926293  1.20368602  0.30496646]
[ 1.10152953 -2.67020176  0.08759306  1.19424971  0.3414768 ]
[ 1.0055546  -0.59550914  0.69569591  1.38436027  0.9187886 ]
[ 1.48542926 -1.18921795  2.01061928  1.45617566  1.62640687]
[ 1.77335407 -0.03736029  1.06946722  1.23386643  0.90656791]
[ 1.2934794  -1.21555619  1.98720246  1.4271391   1.55605864]
[-0.72199421  0.96800019 -1.22866407  1.08409373 -0.59201947]
[ 0.81360473 -1.33201253  1.36891849  1.37047603  1.21016698]
[ 1.67737913 -1.09305017  1.7900214   1.44248502  1.5175204 ]
[ 1.48542926 -0.71574118  0.93270923  1.36158986  0.99414839]
[1.19750446 0.14158869 1.57597204 1.46267251 1.4654506 ]
[ 1.38945433 -1.45149371  1.58748494  1.40496239  1.37494638]
[ 1.19750446 -0.29591453  0.96393092  1.40407506  1.08157181]
[ 1.38945433 -1.23908273  1.37045174  1.39499045  1.2445675 ]
[ 1.19750446 -1.26767651  1.46270307  1.43903896  1.36316767]
[ 1.10152953 -0.82547964  0.98223813  1.3741544   1.03891492]
[ 1.5814042  -1.2828144   1.70542015  1.42863304  1.44425364]
[ 1.38945433 -0.1020592   1.41568925  1.41767052  1.30490809]
[-0.53004434 -0.33245046 -0.16987924  1.18461656  0.26104146]
[ 1.67737913 -0.26959879  1.85262505  1.41672027  1.4849583 ]
[-0.53004434  0.40853764 -0.98766426  1.08415665 -0.44540032]
[ 1.5814042  -0.11868956  2.00530777  1.47184747  1.65946716]
[ 1.77335407 -0.31956674  2.3851021   1.49496475  1.84830526]
[ 1.48542926 -1.03928364  1.55971476  1.41128984  1.35389635]
[ 1.10152953 -1.39634855  1.48584205  1.42819906  1.3622762 ]
[ 0.52567993 -1.4304088   1.33040292  1.43667706  1.31013646]
[ 1.48542926 -0.35624956  1.67261622  1.43183871  1.44201542]
[ 0.52567993 -1.59487113  0.32182332  1.38274373  0.76754731]
[ 1.67737913 -0.53909197  2.39292271  1.48261639  1.82447073]
[ 1.10152953 -0.99975665  0.96660737  1.40547865  1.06936919]
[ 1.10152953 -0.5448424   1.15286176  1.40900537  1.16256845]
[ 1.67737913 -0.70738307  1.67244246  1.40808094  1.41034447]
[-0.62601928 -0.57724117  0.23846152  1.36182217  0.67999403]
[ 1.19750446 -0.59122921  1.27553543  1.45995245  1.33080256]
[ 1.19750446 -1.11191562  1.55284612  1.27431885  1.23866366]
[-0.81796914 -0.01771955 -0.12587475  1.32044855  0.43461805]
[-0.53004434  0.61951342  0.21126463  1.31714285  0.59258397]
[-1.10589394 -0.49564427 -0.7023285   1.30585283  0.08691304]
[ 0.33373006 -0.78404712  0.77832056  1.40942     1.01653203]
[-0.72199421  0.96800019 -0.37297629  1.1852506   0.14109807]
[ 1.10152953 -0.64109962  0.47041202  1.22393482  0.63002272]
[ 0.14178019 -0.9138284   0.36599704  1.3821839   0.77039905]
[ 1.0055546  -1.05322311  1.69131731  1.43403121  1.45536388]
[-0.43406941  0.08981352  0.34110626  1.36371299  0.74198999]
[ 0.62165486 -0.60533191  1.4942379   1.45247793  1.41321219]
[-0.53004434  0.61951342  0.53895179  1.40815676  0.92720776]
[-0.81796914 -5.04205637 -2.2073162   0.92465079 -1.51965967]
[1.67737913 0.12565787 1.50688401 1.41887729 1.32775006]
[ 1.67737913 -0.70738307  2.12572069  1.45744535  1.66641103]
[ 2.06127887 -0.61512545  1.49484977  1.42226042  1.32306335]
[ 0.52567993 -0.76986337  0.47418104  1.19033095  0.59495638]
[-0.53004434  1.32915922  0.04359825  1.37703741  0.61968978]
[ 1.10152953 -0.01771955  2.96331235  1.50997025  2.10404844]
[ 1.19750446 -1.11191562  1.79086144  1.44336428  1.52742347]
[ 1.67737913 -0.07746014  1.01273437  1.21257381  0.87960724]
[ 1.2934794  -0.4478518   1.39788497  1.41675415  1.30446018]
[ 0.90957966 -0.44337125  1.2863257   1.42458522  1.27806066]
[-0.72199421  0.72089139 -0.68405424  1.14510148 -0.11551849]
[ 2.1572538  -0.41503046  2.46820129  1.45484629  1.80072154]
[ 2.1572538  -0.49564427  2.60078017  1.49450495  1.92056272]
[ 1.48542926 -1.11517632  1.96837784  1.48272609  1.65448064]
[ 1.38945433 -0.93012129  0.68838982  1.36379043  0.86776111]
[-0.14614461  1.04842022  1.16845345  1.41940646  1.23945264]
[-0.91394408 -0.67648065 -0.0627361   1.18281287  0.33869728]
[ 1.67737913 -0.70738307  1.6857402   1.43822908  1.4495141 ]
[-0.91394408 -0.30447438  0.45328618  1.40589005  0.88846887]
[ 0.7176298  -1.22292102  1.24861324  1.45672419  1.31986039]
[ 0.33373006 -0.1800336   0.13717292  1.37872817  0.66559705]
[ 1.77335407 -0.49564427  1.40404881  1.41767697  1.30167944]
[ 0.7176298  -0.44080045  1.67869297  1.45992664  1.51059562]
[ 0.81360473 -0.79977818  1.43191678  1.45748407  1.39000958]
[ 1.2934794  -1.43400866  1.47226128  1.43368112  1.35028946]
[ 1.0055546  -0.6924368   0.60775026  1.34433054  0.80132684]
[ 1.77335407 -0.03736029  2.71911105  1.49497282  1.97023286]
[ 1.38945433 -0.67648065  2.2285386   1.46961624  1.74801157]
[0.04580526 1.13629381 1.07915136 1.39710067 1.14702953]
[ 2.1572538  -0.16109696  2.68763846  1.47600338  1.92248598]
[-0.33809447 -0.18443747  0.91602983  1.38531697  1.04797641]
[ 0.14178019 -0.79977818  1.28458231  1.4186611   1.26023016]
[ 1.67737913 -0.62431631  1.82460008  1.2546089   1.32966799]
[-0.14614461  0.64671238  0.85494998  1.27801497  0.92768424]
[ 1.19750446 -0.29591453  0.97177908  1.42573067  1.12608773]
[ 0.52567993 -0.4379637   0.57848785  1.24681817  0.72887874]
[ 1.10152953 -1.16473888  1.39216827  1.46221755  1.39193018]
[ 0.52567993 -0.76986337  1.65239847  1.43153057  1.434336  ]
[ 2.34920367 -0.17318903  2.78177626  1.47996247  1.96380741]
[ 1.2934794  -1.76461681  1.35460297  1.40855848  1.27681292]
[1.86932900e+00 1.65577960e-03 1.83131958e+00 1.45135829e+00 1.53828705e+00]
[-1.10589394  1.64545849 -0.65084271  1.29160397  0.08482648]
[0.52567993 0.64181657 1.11968384 1.37878464 1.1283343 ]
[-0.72199421  0.48831839  0.42082551  1.39578743  0.84930154]
[ 0.04580526 -0.49564427  0.89551141  1.43277928  1.12866472]
[ 2.25322873 -0.61100541  2.45593343  1.4551141   1.79775784]
[-0.14614461 -0.35328371  0.96381122  1.38561382  1.06771441]
[-0.43406941  0.27638797  1.01817988  1.41495369  1.16362091]
[ 1.77335407 -1.18781111  2.41070591  1.47829269  1.82754154]
[-1.39381874  0.44108819 -0.17404234  1.3652279   0.51219601]
[ 0.7176298  -1.04490104  0.95827952  1.40499949  1.0829553 ]
