[0.01364628 0.07905369 1.61207883 0.23350087 0.85447467]
[-0.32088276  0.76787611  0.7283163  -0.23715778  0.56250584]
[ 0.68270436 -1.29859117  2.21778245  0.4241474   0.98138987]
[ 0.68270436  0.29099905  1.9297773  -0.04651124  0.87401842]
[-0.32088276  0.76787611  0.42223182 -0.61249315  0.3901497 ]
[-0.32088276 -0.11775272  0.09825883 -1.05932097  0.17929207]
[0.26454306 0.17745689 1.94735848 0.40627429 0.93529058]
[0.5990721  0.27192397 2.54108944 0.57904772 1.06539421]
[ 0.26454306 -0.84935915  1.702847    0.1381776   0.85551801]
[-0.48814728 -1.13963215 -0.08310138 -1.18443276  0.07130847]
[-0.2372505   0.76787611  1.16898464  0.03689662  0.72880354]
[0.5990721  0.27192397 1.98567476 0.1441353  0.90565966]
[-0.48814728  0.76787611  0.12740944 -0.84484362  0.24304902]
