[ 0.1809108   0.14793593 -0.12404271 -0.50432665  0.13476739]
[ 0.84996888 -2.33182481  1.23617556  0.11284678  0.71222029]
[ 0.68270436 -0.15055379  0.90531173  0.01508707  0.60748725]
[ 0.43180758 -3.10675005  0.86275911 -0.59895527  0.53894753]
[ 0.68270436 -1.29859117  1.76554428  0.56268063  0.90219354]
[ 3.27530442 -3.65008843  3.35371773  0.67157312  1.17043381]
[ 0.84996888 -0.83196953  1.10179046  0.06170558  0.66883709]
[-0.57177954  0.76787611 -0.30854788 -1.25683292 -0.06225296]
[ 0.93360114 -0.43200812  0.64916814 -1.02930675  0.37635822]
[ 2.35534956 -2.0111661   3.51602408  0.92832283  1.23126282]
[ 0.76633662 -1.55689958  0.83583813 -0.65253177  0.51662053]
[-0.40451502  0.76787611 -0.43167008 -1.26309511 -0.15114627]
[-0.48814728 -0.26535753 -0.60433554 -1.42765149 -0.34174748]
[ 0.26454306 -0.35928786  0.86797507 -0.03744573  0.60186654]
[ 1.0172334  -0.73500918  0.7164705  -0.86196717  0.43362073]
[ 2.35534956 -1.29859117  2.75753845  0.35046203  1.04913866]
[-0.2372505   0.76787611  0.02938685 -1.12463117  0.13017082]
[-0.73904406  0.76787611 -0.77142916 -0.77707973 -0.29514013]
[-0.2372505   0.76787611 -0.31674566 -1.38172878 -0.13634274]
[-0.06998598 -0.60976874  0.38378423 -0.1616458   0.43374179]
[0.01364628 0.07905369 0.64053685 0.20330061 0.57790948]
[-0.57177954  0.76787611 -1.35734404 -1.70005668 -1.69534466]
[-0.06998598 -0.60976874  0.34553534 -0.15364411  0.41475248]
[-0.57177954  0.76787611 -0.45126004 -0.55407625 -0.00717324]
[-0.6554118   0.76787611 -1.09214109 -1.51949692 -0.90859024]
[-0.40451502 -0.18587802  0.22159806 -0.05971129  0.4000566 ]
[-0.32088276 -0.11775272 -0.3047604  -0.52206951  0.0704037 ]
[-0.57177954  0.76787611 -0.22420103 -0.40378374  0.15682187]
[-0.40451502 -0.18587802 -0.00910437 -0.39786945  0.24640084]
[-0.40451502 -0.18587802 -0.22608595 -0.41491652  0.1405043 ]
[-0.57177954 -0.35928786 -0.29044021 -0.55581575  0.07955498]
[-0.40451502  0.76787611 -0.33711901 -1.29579764 -0.10463098]
[ 0.84996888 -2.82125128  1.09989774 -0.41317702  0.63513871]
[-0.82267632  0.76787611 -0.99252631 -1.52680281 -0.74411282]
[0.1809108  0.14793593 0.96773346 0.21443339 0.67167855]
[-0.48814728  0.76787611 -0.32856789 -0.67932001  0.01519084]
[ 1.10086566 -0.00704912  1.44733403  0.21269389  0.78026231]
[-0.32088276  0.76787611 -0.16001739 -1.19803793  0.02906364]
[-0.6554118  -0.47200426 -0.66332909 -1.41582292 -0.37179028]
[-0.73904406  0.76787611 -0.72114107 -0.74855198 -0.24286513]
[-0.48814728  0.76787611 -1.02689444 -1.54593727 -0.85608553]
[-0.57177954 -0.35928786 -0.21969232 -0.55094516  0.11569286]
[-0.82267632  0.76787611 -0.83908485 -1.44852545 -0.5321513 ]
[-0.2372505   0.76787611 -0.20182397 -1.06861938  0.02794238]
[ 1.26813018 -1.18982974  1.69040733  0.29827713  0.84021145]
[ 0.84996888 -0.0872138   1.26003741  0.07527365  0.71253694]
[-0.48814728 -0.26535753  0.02055619 -0.37595179  0.26882346]
[ 0.01364628  0.07905369  0.44700153 -0.14111974  0.46456907]
[-0.82267632  0.76787611 -1.36878756 -1.70005668 -1.69729072]
