[-3.8375532   6.8484059  -6.42111117 -0.19208396 -9.84043549]
[-0.93414311  0.94834185 -0.13345896  1.73180959  0.29765876]
[0.40589232 0.57692646 0.30880455 1.73312    0.60714687]
[-3.43148186  0.06873047 -4.438954    1.25528749 -5.08059562]
[-1.17778591 -0.93513356 -0.34923113  1.73089173  0.0990559 ]
[-0.6295896  -0.28273563 -0.69618337  1.72724598 -0.19665097]
[-2.98480338  1.51556566 -2.42576094  1.69119347 -1.83917459]
[-0.85292884  0.30893803 -0.15913755  1.72375924  0.2185595 ]
[-2.4772142  -1.69930806 -2.53877321  1.66102588 -2.1392992 ]
[-3.16753548 -2.66635528 -2.84947303  1.67473866 -2.32660146]
[-3.75633893  6.62713238 -4.39718165  1.58443283 -4.30367253]
[ 1.68501704 -0.10125249  1.03492683  1.75886654  1.28463703]
[-1.90871433  0.19952807 -1.51227989  1.71167119 -0.95758198]
[-3.39087472  5.21576617 -4.33294745  1.33722303 -4.69156416]
[-2.78176771 -2.96718781 -2.76728393  1.57489184 -2.47547609]
[-2.96449981 -2.49434053 -2.4505563   1.68894956 -1.8793641 ]
[-3.24874975  4.22198547 -3.70953839  1.47292881 -3.73657789]
[-0.89353598 -0.08094894 -0.09374109  1.74059179  0.36882757]
[1.64440991 1.20942504 0.88525382 1.76815258 1.2016999 ]
[-1.40112515 -1.0868028  -0.57359001  1.73996317 -0.02398352]
[-3.85785676  8.01009185 -5.57864926  1.32679274 -6.46529938]
[-3.59391039  1.7483212  -3.27857802  1.66976805 -2.7609216 ]
[ 0.87287436 -0.44261757  1.24219911  1.7568645   1.44150953]
[-3.75633893  5.71253518 -4.10682771  1.55691916 -3.98043762]
[-3.7766425   7.97869494 -6.18068774 -0.15693569 -9.33961141]
[-2.84267841 -3.34484914 -2.16033342  1.66039091 -1.7329281 ]
[-3.7766425   8.83986754 -4.97849171  1.3977384  -5.49073148]
[-3.81724963  7.36471077 -5.86794519  0.88688855 -7.56090513]
[-3.57360683 -3.69694426 -4.41208365  1.45730584 -4.67955012]
[-3.73603536  1.78553575 -4.61414092  1.45793639 -4.88867356]
[-2.84267841 -3.30466708 -2.95173416  1.59762111 -2.68722103]
[-2.92389268 -2.88345382 -3.11692427  1.45853179 -3.16966934]
[-1.34021445  0.69601323 -0.17707261  1.75069447  0.37039191]
[-3.81724963  6.60384043 -4.39111565  1.58903247 -4.27345173]
[ 0.50741015 -0.42596093  0.80154813  1.75782564  1.11065444]
[-3.79694606  7.88101564 -5.45730618  1.28298234 -6.28384206]
[-3.73603536  8.98339631 -4.80234406  1.32850689 -5.27569475]
[-3.61421396  1.73698768 -4.44389745  1.45494371 -4.63908658]
[-2.84267841  3.29501356 -3.23329018  1.6217245  -2.92811607]
[-3.49239256  3.26041383 -3.14001323  1.65154418 -2.67729753]
[-3.7766425   6.8484059  -5.16830118  1.23148721 -6.04587124]
[-3.87816033  8.39732051 -6.69847938  0.21218639 -9.63425941]
[ 0.77135652 -0.78863236  1.80092926  1.7841075   2.00978327]
[-1.90871433 -0.48071484 -1.24780544  1.71423665 -0.72130825]
[-3.35026759  0.6781395  -3.86922807  1.38214398 -4.00534325]
[ 0.69014225 -0.70015595  1.34644538  1.76510721  1.55999911]
[1.17742786 0.27840775 1.12628377 1.76828111 1.41711694]
[-3.55330326 -3.08095197 -4.14970925  1.53355162 -4.16003813]
[ 0.40589232 -0.21639272  0.38710452  1.75759351  0.80198849]
[-3.8375532   8.59093483 -6.37211302  0.78554576 -8.56560006]
[-1.79025228e-04 -3.32925478e-01  3.58398510e-01  1.76467463e+00  8.13838159e-01]
[-3.39087472  0.75956915 -4.40019329  1.22287327 -5.04927149]
[1.48198137 0.18681379 2.12106156 1.7856949  2.21957051]
[-0.77171457 -0.11190659  0.85012155  1.77658529  1.28687567]
[ 0.10133881 -0.5612667   1.70646375  1.77493072  1.9058732 ]
[ 0.71044582 -0.85475232  1.69770567  1.77659025  1.86091526]
[-3.67512466 -3.12509306 -4.83569081  1.42252405 -5.22505924]
[-0.10169686 -0.97349206  0.09930717  1.73705649  0.47704588]
[ 0.46680302 -0.19386426  1.42311754  1.76681365  1.64050393]
[-0.06108973  0.44917582  0.52878548  1.75155002  0.87327362]
[-3.47208899 -3.54769894 -3.7154315   1.54734479 -3.61847598]
[-3.45178542  0.03318161 -4.1428251   1.30174377 -4.54067216]
[-3.65482109 -0.26395711 -4.61863325  1.46007756 -4.89398428]
[-0.73110744 -2.39287116 -0.25326187  1.73590691  0.17466884]
[-3.81724963  8.21509526 -5.32500055  1.33572323 -6.09836097]
[-3.7766425   7.58210229 -5.40364811  1.12234295 -6.63717745]
[-3.79694606  0.72009157 -5.80824997  0.79179902 -7.74661683]
[-0.52807177 -1.8365796  -0.18905591  1.73301322  0.23992144]
[-3.12692835 -3.3502916  -3.65557055  1.36273005 -3.85027548]
[-1.13717878 -1.69451879 -0.42382646  1.7365165   0.07037825]
[-3.67512466 -3.45750081 -5.01113401  1.42178023 -5.45119262]
[-3.12692835 -3.14527604 -3.25354098  1.54982789 -3.04397046]
[-3.67512466  5.41863856 -5.1012532   1.44566432 -5.51878172]
[-3.75633893  5.71253518 -4.99853788  1.2856571  -5.61045295]
[-0.34533967 -0.99823731  0.82570378  1.75574806  1.15647599]
[-0.30473253 -0.18612866  0.5726996   1.75980659  0.97464194]
[-0.22351826 -0.55609671  1.22962196  1.77384266  1.5287462 ]
[ 0.56832085 -0.06047369 -0.48176953  1.73107869 -0.04431522]
[-3.69542823  6.95166687 -5.18548542  1.24956902 -6.00861938]
[-2.63964274 -2.27712717 -2.47694555  1.67494311 -1.97921426]
[-0.42655393 -0.39226887 -0.1359455   1.75413817  0.39334351]
[ 0.42619588 -0.00965011  1.53114896  1.78268275  1.79461047]
[-3.73603536  7.41508197 -5.52737507  1.17175147 -6.70119303]
[-3.75633893  6.30808685 -6.0821681   0.78379361 -8.19610824]
[-0.6905003  -0.57384966  0.70905114  1.76064382  1.09738395]
[ 0.24346378 -0.32212851  0.00557734  1.74435712  0.42373538]
[ 0.93378506 -0.24261669  1.64103189  1.77554824  1.82812539]
[-2.4163035  -0.04910448 -1.68963585  1.70370857 -1.1412617 ]
[ 0.75105296 -0.83016813  1.23462182  1.76782385  1.49271945]
[-3.10662478  2.05645132 -2.87574344  1.67075745 -2.37939049]
[-3.79694606  7.47634425 -4.91547379  1.46745551 -5.22112623]
[-2.57873204  3.58069572 -1.9585798   1.70638856 -1.35824835]
[-3.65482109 -1.37275626 -5.2673281   0.90370447 -6.68180044]
[-0.02048259 -0.83799196  1.01185073  1.76229122  1.31655448]
[-3.81724963  8.21509526 -5.41939751  1.24249932 -6.33370081]
[ 0.36528518 -0.69571938  1.42418423  1.77894663  1.68348675]
[-2.96449981  4.12445262 -2.65726882  1.65664105 -2.21253753]
[-3.75633893  1.13954919 -5.10225975  1.20290825 -6.00521858]
[-3.37057115  5.13644764 -3.77708559  1.52331649 -3.7049202 ]
[-3.73603536  7.41508197 -5.15962162  0.90857804 -6.44035689]
[-3.37057115  5.13644764 -3.77708559  1.52331649 -3.7049202 ]
[-3.75633893  8.48104562 -4.61734749  1.46847896 -4.86808156]
[0.18255308 0.31006723 0.99906029 1.76169409 1.30052268]
[-3.79694606  0.8349727  -4.88993795  1.4569795  -5.22514046]
[-3.79694606  7.47634425 -4.98375182  1.44596792 -5.37764327]
[-3.57360683 -3.00677607 -4.30707522  1.52456568 -4.38524151]
[-3.7766425   7.20584773 -4.88090705  1.40289836 -5.34116566]
[-3.65482109  7.77775466 -4.53798452  1.33199157 -4.96687014]
[1.31955283 0.23347604 0.40124472 1.72732677 0.63966162]
[-3.37057115  1.35679955 -4.26457042  1.33310228 -4.65232376]
[-3.71573179  4.93504079 -4.89062507  1.33438257 -5.36340166]
[1.19773143 1.48437946 0.90762254 1.75503779 1.19323764]
[-0.48746463  0.89184166  0.53887639  1.76364095  0.96525571]
[-0.97475024  0.81352087  0.04054123  1.74544526  0.50407372]
[ 1.05560646 -0.07589688  0.56947059  1.76387717  0.95822969]
[1.3398564  0.63904025 0.96382708 1.75009053 1.21593509]
[-3.7766425   5.58111213 -4.8930954   1.44408678 -5.28827124]
[-3.61421396  1.96336751 -4.49500944  1.12658469 -5.1635925 ]
[-3.16753548 -2.59497673 -3.1808641   1.58059736 -2.94119773]
[ 0.89317792 -0.59637723 -0.09530624  1.7368895   0.29119069]
[ 0.50741015 -0.65581834  0.46635821  1.7344428   0.75015685]
[ 0.36528518 -1.00881549  0.33198709  1.74224252  0.67348483]
[1.17742786 0.10143887 1.07350678 1.75717178 1.32315513]
[ 0.58862442 -0.71394191  1.5735184   1.77304413  1.76701442]
[-0.3250361  -0.0245346   0.23235289  1.74773138  0.63763184]
[-1.78689293 -0.44620313 -0.78057085  1.72919086 -0.24351962]
[-3.43148186  2.61470596 -3.93291648  1.54122163 -3.90625466]
[-3.14723192  1.69736429 -3.28513925  1.60141223 -2.98741716]
[-1.46203585  0.89779962 -1.05483677  1.71922657 -0.51333874]
[ 0.12164238 -0.69444804  0.11549116  1.73624104  0.46961967]
[-0.2641254  -0.61985992  0.23379129  1.75306736  0.66755446]
[-3.81724963  7.77775466 -4.54095279  1.58565033 -4.46456312]
[-3.59391039  1.53784152 -3.93564753  1.5608797  -3.81329505]
[-3.30966045  2.02956044 -3.79101233  1.62605486 -3.50400491]
[-3.30966045  1.945878   -3.72128209  1.62765204 -3.42087899]
[-3.45178542  4.01208174 -4.38825267  1.48066657 -4.57995556]
[-3.24874975  2.03861842 -4.12976405  1.49026706 -4.25182188]
[-3.45178542  4.01208174 -4.38825267  1.48066657 -4.57995556]
[-2.92389268  0.64379419 -2.88568743  1.66719492 -2.42374307]
[-2.84267841 -0.58210152 -4.54483152  1.4204366  -4.93359123]
[-3.7766425   6.8484059  -4.74694895  1.38416301 -5.07111813]
[-3.43148186 -2.56546373 -4.2990771   1.32555816 -4.71227283]
[-2.78176771  0.76042601 -2.58785475  1.68751664 -2.0296439 ]
[-3.7766425   5.87583161 -4.77531028  1.47426134 -5.01703164]
[-2.63964274 -0.37552359 -1.89550493  1.68480805 -1.37804125]
[-3.73603536 -3.4203243  -5.39288785  0.90185036 -6.86882284]
[-3.51269612 -3.37443053 -4.9335504   1.18441573 -5.89140248]
[-3.67512466  0.56163483 -4.67036193  1.22778269 -5.38512292]
[-2.55842847  2.52212716 -2.15341478  1.68795842 -1.59723212]
[-3.8375532   7.24669823 -5.11493058  1.45827679 -5.50298202]
[ 0.38558875 -0.27756787  0.9296291   1.75774089  1.22270619]
[-3.79694606  7.47634425 -4.79493842  1.49992399 -4.93752944]
[-3.73603536  5.56313633 -5.21729691  1.18932342 -6.22043059]
[0.36528518 0.30503193 0.57075291 1.75860754 0.93350129]
[ 0.56832085 -0.20984991  1.44970187  1.77763226  1.71141703]
[-3.73603536  8.98339631 -5.01546917  1.4165559  -5.46276438]
[-3.73603536  8.98339631 -5.01546917  1.4165559  -5.46276438]
[ 0.79166009 -0.22272602  0.74754266  1.74907868  1.02993967]
[ 0.77135652 -0.42361693  1.30285769  1.76700894  1.54440744]
[ 0.66983869 -0.27568884  1.66306287  1.78163294  1.86588322]
[-3.75633893  0.39124239 -4.54197713  1.46530275 -4.77747199]
[-3.22844619  1.88662859 -3.47885569  1.61844815 -3.19163258]
[-3.75633893  6.62713238 -4.6308165   1.525852   -4.73925267]
[-3.55330326  1.4707136  -4.70288758  1.46034802 -4.9963526 ]
[-3.79694606  7.47634425 -4.96939321  1.45335586 -5.32305017]
[-3.22844619  0.06667166 -3.60688883  1.4494778  -3.73380172]
[-1.09657165 -1.97092423 -0.56200131  1.71466181 -0.11238481]
[-3.16753548  2.77736484 -3.15144932  1.63555596 -2.79841441]
[-0.14230399 -0.39410518  1.05915542  1.78425402  1.46701795]
[ 0.16224951 -0.8309497   1.85722366  1.78995991  2.07772445]
[ 0.52771372 -0.50610374  1.80154758  1.78271052  1.98430557]
[-1.31991088 -0.77057948 -0.66519141  1.72371204 -0.17537561]
[ 0.44649945 -1.08136347  1.54101757  1.77906546  1.7907805 ]
[ 0.58862442 -0.34544196  1.31552278  1.76737278  1.56901494]
[-2.15235713 -2.9192393  -1.32539281  1.68433746 -0.86857016]
[-0.6295896   1.2139484   0.68434439  1.76630758  1.10119142]
[0.30437448 0.22263999 1.708021   1.78869001 1.96642186]
[ 0.44649945 -0.47941883  1.52355814  1.78267809  1.78643403]
[ 0.14194594 -0.01862509  0.65680526  1.76569279  1.05178968]
[ 0.75105296 -0.03100764  1.30980506  1.77444957  1.58572221]
[0.77135652 0.07219828 1.70760645 1.78853833 1.95163706]
[0.95408863 0.65520215 0.39608969 1.74756237 0.72905823]
[-1.90871433 -1.27743844 -1.07191963  1.70212504 -0.58534259]
[0.30437448 0.65833921 0.783641   1.77262335 1.19827303]
[1.50228494 0.29204131 0.98276034 1.75963037 1.24781671]
[-0.5077682  -1.44776791  0.27052512  1.74526648  0.6725963 ]
[ 0.69014225 -0.62003753  0.64545706  1.75105963  0.96636202]
[0.77135652 0.29642438 0.77076179 1.76198489 1.10798603]
[0.89317792 0.01495909 1.03746834 1.76324757 1.31607364]
[0.60892799 0.60581065 0.52868973 1.74427777 0.83886002]
[-0.14230399  0.25161078  0.40750717  1.75427054  0.81657937]
[-3.32996402 -4.13609863 -4.50871671  1.35261763 -5.06485973]
[ 0.52771372 -0.06362555  1.09255442  1.76334474  1.36214711]
[ 0.60892799 -0.08968788  0.69375902  1.76318613  1.06843548]
[-3.59391039 -2.25921201 -5.09989198  1.03634434 -6.20155238]
[-0.06108973 -0.23042916  1.1017424   1.77923752  1.4766034 ]
[-2.59903561 -0.13159654 -2.93453082  1.58919537 -2.70725088]
[ 0.71044582 -0.19044866  1.48243186  1.77616344  1.72753482]
[-1.68537509 -2.26356833 -0.96263167  1.7130643  -0.43783106]
[1.31955283 0.25408167 1.23917888 1.76385782 1.46260375]
[-3.79694606  5.15868087 -5.37657409  1.33837344 -6.1589444 ]
[-3.14723192 -1.66691892 -3.64968195  1.37456256 -3.83571912]
[-3.79694606  6.72925862 -5.1370709   1.35915621 -5.76411394]
[-3.37057115  5.13644764 -3.77708559  1.52331649 -3.7049202 ]
[-3.73603536  0.34296453 -4.29037826  1.48158294 -4.40389686]
[-3.67512466  8.39732051 -4.08957389  1.59951892 -3.90824364]
[ 0.18255308 -0.58782956  0.02597583  1.73190453  0.38488964]
[-3.30966045  2.02956044 -3.79101233  1.62605486 -3.50400491]
[ 1.03530289 -0.32139939  2.48054214  1.79891788  2.54432672]
[-3.14723192 -3.54868342 -3.49226557  1.49796033 -3.51503159]
[-1.79025228e-04 -3.10091356e-01  5.98913600e-01  1.75163007e+00  9.35382547e-01]
[ 0.42619588 -0.55604941  0.82371162  1.75704956  1.13737485]
[0.97439219 0.62352265 0.97020218 1.74836074 1.18190799]
[-3.30966045  2.66173571 -4.20959864  1.53880034 -4.22323654]
[-3.61421396 -4.1852204  -4.36516338  1.37493882 -4.6742753 ]
[-2.0508393  -0.73021202 -0.77864769  1.73906508 -0.17937379]
[ 0.40589232 -0.22715239  0.87266079  1.7307788   1.09935082]
[-1.17778591 -1.04914637  0.0491172   1.73538735  0.45702378]
[-0.81232171 -0.78872799  0.97672334  1.77653215  1.37105223]
[-0.48746463 -0.63848154 -0.9560268   1.71600762 -0.47970501]
[-3.47208899  3.23427181 -3.25042326  1.60496742 -2.90345278]
[-2.61933917 -2.06987885 -2.77388     1.58262349 -2.53886364]
[-1.94932146  0.65274746 -1.98425875  1.69678176 -1.47418142]
[-3.47208899 -3.21953907 -3.56099477  1.57312438 -3.35880753]
[-0.12200043  0.5766711   0.30252739  1.73018468  0.62601928]
[-1.34021445 -0.42185837 -0.44458163  1.74663664  0.12250388]
[-2.07114286 -0.7855304  -1.2516529   1.70698235 -0.72443193]
[-3.18783905 -4.02860899 -5.08173952  0.90441495 -6.50892067]
[-0.34533967 -0.25484207  0.54693667  1.76878911  0.99370664]
[1.86774914 0.33332149 1.69830919 1.76131436 1.76657487]
[-3.37057115  6.3769971  -4.07056003  1.46617633 -4.17728553]
[-2.98480338 -2.63869609 -3.02691254  1.59280291 -2.72564154]
[-3.65482109  0.59933661 -4.86029913  1.36007072 -5.32005936]
[-1.38082158 -0.41495096 -0.47628123  1.71722029 -0.00760373]
[ 0.08103524  0.04453491 -0.32254515  1.73093774  0.10852458]
[-3.81724963  7.36471077 -5.35562932  1.24282108 -6.2450777 ]
[-3.37057115 -1.2468648  -3.77259007  1.53504866 -3.73977745]
[-2.98480338  1.12933657 -3.32013909  1.53551727 -3.17646846]
[-3.8984639   5.65352891 -6.25392167  0.24341423 -8.80203674]
[-3.79694606  7.47634425 -4.91547379  1.46745551 -5.22112623]
[-0.73110744 -1.29346241  0.21699944  1.75478997  0.67419275]
[-2.31478567 -1.85461155 -1.24238665  1.72368633 -0.64273948]
[-3.55330326 -3.58000076 -4.42738192  1.40173207 -4.75480143]
[-2.96449981 -0.83659352 -3.25718797  1.4794494  -3.26524689]
[-2.98480338 -0.08362178 -2.36492019  1.69007541 -1.79748904]
[-3.67512466  7.05043824 -4.65813023  1.1178853  -5.38054171]
[ 0.66983869 -0.60981319  1.51197842  1.75562659  1.63525447]
[ 0.91348149 -0.4735438   1.94414696  1.78034382  2.07925083]
[-1.09657165 -1.7052603   0.13756796  1.74889189  0.59897199]
[ 1.11651716 -0.20116853  2.08658892  1.78671199  2.19407846]
[1.25864213 0.11483987 1.56666744 1.77083179 1.73051982]
[-3.28935689  0.81129777 -4.34915886  1.49822048 -4.46254463]
[-3.7766425   6.8484059  -4.74694895  1.38416301 -5.07111813]
[ 0.02012454 -1.08083656  0.65094549  1.74063755  0.92294463]
[-3.8375532   7.24669823 -5.19662898  1.45445493 -5.62429963]
[-2.80207128 -3.18405181 -2.54787855  1.64550457 -2.17256929]
[ 0.93378506 -0.05456037  1.85347171  1.78356075  2.0269932 ]
[-3.71573179  7.86842284 -3.74999285  1.65468915 -3.30699246]
[-3.8375532   8.11569967 -5.19075555  1.40226179 -5.73704978]
[-3.75633893  6.30808685 -4.85432965  1.45638295 -5.21032891]
[ 0.58862442 -0.59566446  1.02295218  1.75193915  1.26760811]
[-0.04078616 -0.05180308  1.19104919  1.77453342  1.50676396]
[-0.14230399 -0.56295527  0.20995786  1.7522435   0.63934616]
[-0.18291113  0.02001154  0.48978014  1.75287731  0.84617548]
[-0.73110744 -1.54347475  0.28981952  1.75446743  0.7262707 ]
[-0.2032147  -1.21925364  0.25185531  1.72743446  0.54526688]
