[-0.5077682   1.18349442 -0.66114474  0.42079877 -0.50439018]
[-0.4468575   0.00635002  0.34148453  0.47259215  0.5311669 ]
[0.10133881 0.30947449 1.26819694 0.48445313 1.30594359]
[-0.42655393 -0.21429203  0.50082219  0.48184296  0.70235231]
[-0.28442896  0.57056015 -0.1288293   0.46749562  0.11947106]
[-1.23869662  0.57035838 -0.67399891  0.44520193 -0.40278765]
[-0.3859468  -0.48237769  0.11685387  0.47407918  0.35885671]
[-0.12200043 -0.53171666  1.18342744  0.49199195  1.27885164]
[0.64953512 0.07702336 1.58901173 0.48860531 1.54515331]
[-1.05596451 -0.01928742 -0.3180833   0.46557797 -0.02626431]
[ 0.83226722 -0.18885933  1.05344715  0.49101696  1.14983138]
[0.54801729 0.31249408 1.14234449 0.49324226 1.23881961]
[0.60892799 0.84636178 0.81048808 0.47039119 0.86366842]
[ 1.05560646 -0.05607787  1.51789518  0.4857429   1.45462796]
[-1.23869662  0.43031847 -0.49579356  0.46522247 -0.15699425]
[-1.25900018  1.58209622 -1.02686654  0.44204194 -0.74027824]
[-0.93414311  0.63381207 -0.53693109  0.46109421 -0.23483424]
[-1.84780363 -0.47253239 -1.69853278  0.42816257 -1.36298796]
[0.38558875 1.13404861 0.76306477 0.47274996 0.84844777]
[-0.42655393  1.55843738  0.62031547  0.48098465  0.79638689]
[-0.5686789   0.62197432 -0.0949115   0.42431552 -0.01091592]
[-0.46716107 -0.0990649  -0.15106964  0.46247464  0.08870719]
[-0.6905003  -0.20215246 -0.62596269  0.44238568 -0.41556244]
[-0.18291113  0.29301873  0.92375815  0.47895326  1.03218128]
[-0.67019674  0.33484795  0.08789638  0.45259636  0.24390791]
[-0.54837534 -0.09394046  0.79158291  0.49358516  0.99373848]
[-0.10169686  0.01297838 -0.13222699  0.45345005  0.02862228]
[-0.6295896  -0.28273563  0.425497    0.46626251  0.57953858]
[0.10133881 1.34292091 0.29485366 0.47687948 0.49975959]
[-0.71080387  0.88031311 -0.18997462  0.46154708  0.05582175]
[-1.19808948  0.33350551 -0.310962    0.43837032 -0.08862203]
[ 0.04042811 -0.23571625  0.43557541  0.45978304  0.56952589]
[-0.46716107  0.49228907  0.00999204  0.44502271  0.13845415]
[-0.36564323  0.63973137  0.66873015  0.4832599   0.85669571]
[-0.12200043  0.54665741  0.29628653  0.46015113  0.42822055]
[-0.02048259  1.4653472   0.51992439  0.46830062  0.64007591]
[-0.24382183  0.5068577   0.54988086  0.43932096  0.58343908]
[-0.99505381  0.2289878   0.04258619  0.47102663  0.30823033]
[-1.70567866  0.48064583 -1.03347322  0.45199408 -0.67450688]
[-2.25387497 -1.85956713 -1.73231489  0.41423326 -1.4150002 ]
[-1.03566094 -0.15324883 -0.2295151   0.470502    0.07315975]
[-1.60416082 -0.6937964  -0.74399124  0.45481494 -0.42497821]
[-0.2032147  -0.11747784  1.29714159  0.49386175  1.38986723]
[-0.04078616  0.66180544  0.05835528  0.46140312  0.22817344]
[1.03530289 0.40473394 1.85648771 0.49871275 1.78329431]
[-0.87323241 -0.27922659 -0.07865009  0.45183795  0.11581847]
[-1.34021445  0.423124   -0.47826861  0.45423197 -0.18255062]
[0.04042811 0.51035193 0.61147013 0.47401916 0.73918211]
[-0.97475024  0.93545424 -1.14053986  0.37737021 -1.05310931]
[ 0.42619588 -0.02101797  1.29461555  0.48882356  1.34304114]
[ 0.54801729 -0.53647726  1.32253925  0.49415303  1.36492327]
[-0.2032147  -0.26666175  0.65333296  0.47594688  0.78882164]
[-0.99505381  1.53046574 -0.20986779  0.47112191  0.09941418]
[-0.48746463 -0.30722624  0.30237072  0.44794431  0.43922291]
[-0.5686789   0.76064937  0.15253858  0.46762993  0.34801223]
[-1.05596451  0.09747618 -0.45878773  0.44575678 -0.22907642]
[0.16224951 0.2641505  1.12009774 0.47732815 1.15449566]
[-0.81232171  0.46315745  0.20376809  0.45746919  0.41854542]
[ 0.10133881 -0.07007936  0.82688224  0.46231557  0.86350972]
