[ 0.09727854 -1.48645183  1.46489868  1.30086927  0.8916798 ]
[ 2.18808504 -1.37807068  3.94069462  2.40474436  1.37406068]
[ 2.02082052 -1.85494775  3.67120769  2.26201498  1.32757146]
[ 1.0172334  -0.03204671  1.69297235  0.87065661  0.88515289]
[ 0.93360114 -1.71188463  2.77375485  2.24328808  1.20834861]
[ 1.76992374 -1.60636289  2.8583898   1.8176306   1.17273362]
[-0.06998598 -1.71188463  0.81431733  0.45410952  0.64258698]
[ 0.01364628 -0.53726112  1.13489244  0.91519627  0.77261748]
[-0.98994084  0.76787611 -0.89323088 -0.3891073  -0.29765088]
[ 3.44256894 -2.86104205  5.08790392  2.5717681   1.51277311]
[0.09727854 0.1153075  0.84043266 0.90203683 0.69426331]
[-0.82267632  0.76787611 -0.11860615 -0.00242204  0.25609169]
[ 1.4353947  -2.26294257  1.75755279  0.73147016  0.8721579 ]
[-0.57177954 -1.29859117 -0.31079702  0.19800645  0.17874915]
[ 2.77351086 -2.77463923  4.21542217  2.4239774   1.4027008 ]
[ 1.10086566 -0.35928786  2.45590319  1.44967224  1.08846278]
[ 2.60624634 -2.74820255  3.89075584  1.95327413  1.32910656]
[ 2.18808504 -2.2774441   3.92268435  2.42600193  1.37394098]
[ 1.60265922 -2.87883086  2.74660727  1.79991597  1.15483387]
[ 1.35176244 -1.40191454  2.27791492  1.26797066  1.03002965]
[ 2.6898786  -3.84193552  4.12496326  2.28833387  1.38071689]
