[-0.81796914  0.41675747 -0.40588909  0.08635991 -0.27277847]
[-1.29784381 -0.01771955 -0.5119552   0.0914197  -0.3216044 ]
[-1.20186888 -0.6001903  -0.84646764  0.11072332 -0.50061044]
[-0.91394408  0.11262356 -1.50721504 -0.04843601 -1.27596957]
[-0.53004434  0.84254495  0.07108759  0.11063108  0.04882678]
[-0.62601928  0.55579012 -0.07181133  0.1378538   0.02306278]
[ 1.67737913 -0.78837316  1.76312229  0.31614546  1.1798203 ]
[-0.53004434  0.01904389 -0.1279912   0.12702269 -0.03232522]
[-1.00991901 -0.397248   -0.81366514  0.03104483 -0.58836832]
[ 0.81360473 -1.49024437  0.94528231  0.26831465  0.71788347]
[-0.14614461 -0.35328371  0.66214692  0.18439331  0.49437852]
[-0.91394408  0.58354059 -0.58710349  0.12304338 -0.31273479]
[-0.72199421 -0.13397151 -0.60639147  0.07029772 -0.46886151]
[-0.81796914  1.77449816 -0.73519873  0.07414527 -0.48503923]
[-0.72199421  0.48831839  0.87850233  0.32936152  0.84119963]
[-0.81796914 -0.40522608 -0.23150912  0.21570075  0.02873764]
[ 1.38945433 -0.20473357  2.11824308  0.34870467  1.39544506]
[ 0.33373006 -1.0989263   0.72454548  0.27962011  0.63610984]
[ 1.10152953 -0.9138284   1.08100992  0.22194643  0.69814683]
[-0.81796914  0.90729604 -0.71258641 -0.0313197  -0.59081935]
[-0.53004434 -0.16109696  0.82019579  0.29938491  0.75178979]
[-0.62601928  0.78350719  0.48604032  0.23518885  0.46478578]
[-0.43406941  1.12929979 -0.00482172  0.07494904 -0.02842617]
[-0.53004434  0.61951342  1.09207251  0.34708396  0.97816585]
[ 0.62165486 -1.19469834  0.67201394  0.26342615  0.60118179]
[-0.81796914 -0.21685485 -0.23384731  0.1462209  -0.0410944 ]
[ 0.90957966 -1.43237673  0.98573576  0.26599558  0.74705466]
[-0.14614461 -1.1268656   1.00554191  0.33005988  0.88572938]
[-0.91394408  1.41605462 -1.16700797 -0.01538927 -0.93420631]
[ 1.0055546  -1.21898979  1.19961071  0.33658226  0.96763371]
[ 0.81360473 -1.49024437  1.11183826  0.2715956   0.81999756]
[0.81360473 0.76679839 1.51393767 0.33921757 1.11714177]
[-0.81796914  0.1931296  -1.20313739 -0.07150812 -1.04497228]
[ 2.1572538  -0.41503046  2.90382463  0.38188318  1.77342452]
[ 2.06127887 -0.10962815  1.54921049  0.30028092  1.03469736]
[ 1.48542926 -0.54085336  1.63428597  0.30394399  1.08969113]
[-0.43406941  0.27638797  0.82624357  0.2764841   0.72391405]
[-0.81796914  0.90729604 -0.85270089 -0.07799098 -0.79064691]
[ 2.06127887 -0.37173786  1.75952826  0.2584586   1.14514469]
[ 2.1572538  -1.45149371  1.65611827  0.31101979  1.11211033]
[-0.05016967 -0.2865522   0.13115079  0.15084586  0.15583258]
[-0.62601928  2.49138525 -1.00841158  0.01217603 -0.77768298]
[-0.91394408  0.58354059 -1.04961155  0.00595671 -0.79160193]
[-0.53004434  0.40853764 -1.24805267 -0.11000995 -1.16502433]
[-1.10589394 -0.6924368  -0.96138779  0.02407444 -0.70838338]
[-0.62601928  0.13728307  0.65803975  0.28603708  0.63897083]
[ 1.2934794  -1.13900447  1.36871446  0.29533972  0.9810332 ]
[ 1.5814042  -0.01771955  1.68691561  0.3295987   1.18218005]
[-0.33809447  0.53373206  0.57385179  0.26972454  0.55989584]
[ 1.5814042  -0.75298835  1.57370703  0.23804815  1.02199608]
[ 1.19750446 -0.29591453  1.40058083  0.32942741  1.04845968]
[-0.62601928 -0.05545045 -0.14810992  0.1389211  -0.02757106]
[-0.43406941  0.47278214 -0.57264449  0.06348545 -0.36932629]
[-0.91394408  1.7346711  -0.28733541  0.11255486 -0.14637719]
[1.67737913 0.23163248 2.25974217 0.36410804 1.49315818]
[ 1.19750446 -0.86227145  1.8730413   0.33797897  1.26375635]
[-0.43406941  0.27638797 -0.5651881  -0.03915974 -0.53214768]
[-0.33809447  0.34072399  0.78559724  0.27589115  0.68990195]
[-0.53004434  0.84254495  0.51633504  0.2223022   0.46565517]
[-0.24211954  0.79107614  1.28724384  0.33074506  1.03662924]
[ 0.33373006 -2.0996382   0.62546152  0.25119833  0.55171009]
