[-1.19808948 -0.63573018 -0.91359244 -1.22280743 -1.05148624]
[-0.73110744  0.08769277  0.15728941 -1.20543104 -0.01590081]
[-0.81232171  0.75303689 -0.27755054 -1.22465038 -0.500595  ]
[-0.87323241  1.19566598 -0.39108981 -1.22275874 -0.60522508]
[-0.79201814  0.57692646 -0.16443422 -1.22696094 -0.40881229]
[-0.34533967  0.27631801  0.01796655 -1.19023545 -0.15201492]
[-1.82750006 -1.02457458 -1.62847378 -1.26740999 -1.87621784]
[-0.79201814  1.30076275  0.05061622 -1.18512535 -0.05405568]
[-0.77171457  0.65637489 -0.20375737 -1.20342347 -0.34146555]
[-1.42142872  0.18350523 -1.39961719 -1.29253007 -1.73587961]
[ 0.12164238  1.24415122  0.21266707 -1.20506502 -0.03367096]
[-0.93414311  0.84733472 -0.11425016 -1.18746255 -0.22283719]
[-1.07626808  0.75707849 -0.4549324  -1.21287093 -0.63514632]
[-1.11687521 -0.18073315 -0.54418303 -1.22927715 -0.74176762]
[-0.6905003  -0.54863506 -0.5618743  -1.19570475 -0.65899237]
[-1.34021445  0.20672492 -0.11327651 -1.1936701  -0.25256721]
[-0.48746463  0.16162819  0.13396823 -1.17610797  0.02497649]
[-1.54325012 -1.48368649 -1.47635697 -1.2709695  -1.74319686]
[ 2.35503475  3.47474257 -2.50529378 -1.33039223 -2.99502615]
[-0.34533967  1.47023017  0.37602312 -1.17371851  0.24170366]
[-0.16260756  0.27215701 -0.05598753 -1.21911765 -0.32006001]
[-1.31991088 -0.27960891 -0.63461403 -1.20572982 -0.71634275]
[ 0.04042811 -0.10568659  0.02544434 -1.21441714 -0.21188227]
[ 0.14194594 -0.12561468  0.19987374 -1.22945572 -0.1200065 ]
[-1.13717878 -0.15962035 -0.72458519 -1.23257581 -0.94678242]
[-0.93414311  0.96885248 -1.02755294 -1.25547786 -1.32014358]
[ 0.83226722  1.244741    0.94447389 -1.16174391  0.73156046]
[-0.34533967 -0.72554661  0.19422226 -1.18206668  0.02341345]
[ 0.87287436  1.61346664 -0.4968376  -1.21704076 -0.69308869]
[-1.17778591  0.05353231 -0.56882948 -1.21509617 -0.70132407]
[-0.48746463  0.40544176 -0.42848977 -1.20713114 -0.57605057]
[-1.11687521  0.31536012 -1.24549632 -1.28897658 -1.59231763]
[ 2.9438382   2.63266439 -2.65846081 -1.33290182 -3.236206  ]
[ 1.66471347  1.029756    1.64028679 -1.15970528  1.24072625]
[-1.50264299 -0.98221797 -0.99003418 -1.27751485 -1.25783798]
[-0.54837534  0.04829297  0.01719188 -1.19558135 -0.16330607]
[-1.03566094  0.05701107 -0.1361617  -1.19415157 -0.29549481]
[-0.14230399  0.98442772  0.850556   -1.17626867  0.59454742]
[ 0.34498161  0.88380102  0.19788949 -1.20661147 -0.07152484]
[-1.52294655 -0.02777298 -1.29666605 -1.28207551 -1.59917138]
[ 0.26376735  1.47239442  0.47805937 -1.1816135   0.26121009]
[-0.04078616 -0.82786856  0.30246807 -1.21108269 -0.00207203]
[-0.71080387  0.36769222 -0.47984416 -1.22364373 -0.68767776]
[ 0.20285665 -0.38151182  0.52453316 -1.19202347  0.28263144]
[-1.46203585 -1.18338311 -0.92004293 -1.22503837 -1.07265493]
[-0.95444668  1.85745882 -0.13717387 -1.18470068 -0.21249773]
[ 1.29924927 -0.2349704   1.76303666 -1.15484637  1.38415211]
[ 0.93378506 -0.08493706  1.63327097 -1.16130027  1.23883784]
[-0.30473253 -0.49115061  0.49351045 -1.18826773  0.25662364]
[-0.5686789   1.24791512 -0.96716196 -1.30998925 -1.27458225]
[-0.5686789   1.2280586  -0.5744895  -1.22460033 -0.78669045]
[ 0.89317792  0.98946802  1.26257982 -1.1678269   0.93148187]
[ 0.62923155  1.72004178  0.59551875 -1.2017611   0.30208393]
[-0.40625037  0.2977224   0.32483516 -1.19860634  0.09365811]
[-2.2944821   1.61025831 -3.34793418 -1.46924729 -4.10159092]
[ 0.30437448  0.74319502 -0.31616917 -1.25870061 -0.70595725]
[-0.06108973 -0.5909623   0.21431931 -1.21845592 -0.07695846]
[-0.85292884  1.11663559 -0.74244832 -1.2345768  -0.96458465]
[-0.87323241  3.38226799 -1.56017286 -1.25999942 -1.80411294]
[-0.60928604  0.17115216  0.84273077 -1.16524708  0.65696336]
[-0.5077682   2.3751405  -1.08168739 -1.23526578 -1.27463729]
[-0.85292884  0.42941558 -0.37381176 -1.21234115 -0.54440944]
[-0.52807177 -0.33938714 -0.8018407  -1.25222084 -1.07724434]
[-0.28442896  0.17039687 -0.47748439 -1.22330789 -0.67462088]
[-0.08139329  0.47139661 -0.40546077 -1.23882215 -0.66475813]
[ 1.38046353  1.79487641  0.56038827 -1.20534504  0.25473441]
[-0.34533967 -0.26745643  0.89996182 -1.17143573  0.67203687]
[ 0.64953512  0.23658439  0.89164338 -1.16952143  0.6318119 ]
[ 0.38558875  1.55755896 -0.08332891 -1.20865183 -0.29479896]
[-2.37569637  0.60738176 -2.47939908 -1.47186503 -3.05413522]
[ 0.56832085  1.03581236  0.29562122 -1.24602902 -0.12869924]
[ 1.11651716  0.85308026  0.36122037 -1.20802613  0.06681742]
[-0.83262527  0.68980283  0.3123427  -1.19871812  0.11535186]
[-1.82750006  1.51831739 -1.15990483 -1.31239561 -1.47679156]
[-0.87323241 -0.17667134  0.81231574 -1.16378957  0.63905667]
[ 0.36528518 -0.30656471  0.02453126 -1.21218805 -0.21597615]
[-0.81232171 -1.53782278  0.18822899 -1.20858723 -0.02165045]
[-0.5686789  -0.25356462 -0.12318012 -1.19882667 -0.25453077]
[ 0.85257079  0.75668444  0.58671518 -1.1999491   0.2869778 ]
[ 0.91348149  1.35974332  0.39387686 -1.18885375  0.13336688]
[ 0.60892799  0.59287345  0.73715133 -1.17504485  0.48023805]
[-0.22351826  0.79705627  0.44815523 -1.20420624  0.19405249]
[-0.6905003   0.18307657 -0.42588958 -1.21027602 -0.565541  ]
[-0.48746463  1.01885455  1.02386326 -1.15970552  0.823765  ]
[-0.52807177 -0.14000412 -0.09026778 -1.19124373 -0.23472314]
[-2.09144643 -1.0563997  -1.72755387 -1.25745747 -1.94308857]
[ 0.91348149  0.77073609  0.25421212 -1.20925015 -0.04103954]
[-0.73110744  1.64356751 -0.85880295 -1.22243475 -1.00818712]
[-1.17778591  1.49513961 -0.44534138 -1.2448679  -0.67688294]
[-0.28442896  0.53941224  0.78938572 -1.161537    0.62632013]
[-0.95444668  0.70271244 -0.5740664  -1.22357117 -0.75736068]
[-1.48233942 -1.33871419 -1.16149207 -1.26669072 -1.38120172]
[ 0.54801729  0.53762542  0.63830807 -1.19935216  0.33559448]
[-0.6905003  -0.08803779  0.76853341 -1.16813437  0.58869866]
[ 0.54801729  1.47863931  0.72000028 -1.16560432  0.54125344]
[-0.3250361   1.22449446  0.12720926 -1.19950355 -0.05755691]
[-0.79201814  2.02145593 -0.58612384 -1.26297753 -0.87721742]
[ 0.26376735  1.22148954  0.34117317 -1.19966085  0.08425174]
[-0.99505381 -0.11648879 -1.09902556 -1.24478271 -1.32997495]
[ 0.24346378  1.01110055  0.84903869 -1.17536922  0.58946121]
[-0.64989317  1.61047328 -0.92828966 -1.23826029 -1.12214105]
[-0.5077682   2.58150489 -0.53432575 -1.21866957 -0.72556891]
[ 0.40589232  1.0919919   1.09196695 -1.17306787  0.7875784 ]
[ 0.14194594  0.72873195  0.23081499 -1.19828858  0.01059463]
[ 0.52771372  1.97681962  0.05267186 -1.20388424 -0.14063754]
[ 0.91348149  0.87402097  0.61850099 -1.19043774  0.34804881]
[-1.27930375 -0.72984075 -0.99868081 -1.23249038 -1.17524628]
[-0.46716107  0.8799216  -0.79544501 -1.26477255 -1.12461977]
[-1.79025228e-04  2.13756905e+00  5.76451249e-01 -1.18673142e+00  3.67550001e-01]
[-0.3859468   0.42693034  0.0351316  -1.23139667 -0.25246734]
[-1.13717878  0.90257239 -1.12736347 -1.23664659 -1.32652738]
[-0.3859468  -0.13054396 -0.22034511 -1.21871043 -0.46655857]
[-0.91383954  0.42205805 -1.15758532 -1.25217041 -1.39464415]
[-0.93414311  1.70980617 -0.26637311 -1.22699813 -0.4890722 ]
[ 0.02012454  1.38164845  0.13392623 -1.20637788 -0.10894564]
[-0.04078616 -0.46247106  0.12137889 -1.20463081 -0.08733163]
[ 0.58862442  0.91135359  0.43024486 -1.20376855  0.12986082]
[-0.2641254   0.546142   -0.19672243 -1.21878432 -0.42043648]
[-0.52807177  2.27561555  0.05510934 -1.19503239 -0.09852546]
[-1.25900018 -0.49644725 -0.52706318 -1.23096765 -0.74048011]
[-0.83262527  0.15254118 -0.2546579  -1.20260148 -0.43357847]
[-1.19808948  0.2959089  -1.28686015 -1.25825822 -1.56677392]
[-0.71080387  0.20588055 -0.59897548 -1.22429807 -0.79689573]
[ 0.56832085 -0.04955544  1.22963129 -1.1828913   0.8871869 ]
[-0.71080387  1.97621358 -0.2752947  -1.22176198 -0.49232332]
[ 0.44649945  1.14597725 -0.33630737 -1.21802023 -0.56808254]
[-0.16260756  1.04731307 -0.86805503 -1.24458086 -1.12295849]
[-0.58898247  1.04813784 -0.39771649 -1.21602939 -0.58773614]
[ 0.95408863  0.54625958  0.61481396 -1.19732574  0.30002478]
[ 0.04042811 -0.88667916 -0.15967099 -1.21497557 -0.42029438]
[-0.34533967  0.1465464   0.30686737 -1.19116325  0.14442908]
[-1.13717878  0.05701107 -1.02302356 -1.22599758 -1.1667631 ]
[-1.07626808  0.24395401 -1.2143707  -1.22859795 -1.33201296]
[-0.71080387 -0.25393427  0.07504878 -1.17790732 -0.01845089]
[-0.6905003  -0.27160481 -0.97572291 -1.22417704 -1.11288501]
[-0.58898247  0.89843736  0.0497805  -1.17841378 -0.05519217]
[-0.85292884  0.19225933 -0.49135741 -1.22368168 -0.70718244]
[-1.36051802 -0.33704676 -1.39123227 -1.24686226 -1.57710982]
[ 0.38558875  1.38960975 -0.87783237 -1.23687338 -1.12029132]
[-0.16260756  1.15143851  0.56245584 -1.19939576  0.31335718]
[ 1.42107067  0.08209471  1.43269513 -1.19151052  0.97690801]
[-1.40112515  0.6483596  -0.17794285 -1.19986539 -0.32540723]
[ 0.56832085  0.36742108  1.91225844 -1.15618588  1.48772257]
[-0.2641254   1.48352893  0.41280832 -1.17519312  0.27006817]
[ 0.26376735  0.86409468  0.26818949 -1.18126012  0.10233082]
[-1.38082158 -0.14517825 -0.35026541 -1.19397514 -0.4484221 ]
[-1.88841076 -2.65260625 -0.81608094 -1.20435456 -0.87666538]
[-0.12200043 -0.44231143  0.18148175 -1.19129236 -0.03152956]
[-1.62446439 -0.03085173 -1.09434574 -1.24650777 -1.28041459]
[-0.40625037 -0.97933035  0.32951625 -1.17186682  0.20185839]
[-0.81232171  0.90648163  0.69144117 -1.16874092  0.52663715]
[ 0.08103524  1.21942353  0.51107584 -1.18380026  0.27686529]
[-1.13717878  0.9675675   0.25046589 -1.18110067  0.10159608]
[-0.24382183  0.66225     0.96107934 -1.17072252  0.71028498]
[ 0.02012454  1.56348266  0.27594899 -1.18665979  0.08698303]
[ 0.18255308 -0.09839843  1.50945996 -1.15799517  1.18902924]
[ 1.01499933  1.94681323  0.2724015  -1.17897762  0.09436075]
[ 0.10133881  0.61496905  1.18631598 -1.15855196  0.9452391 ]
[ 0.02012454  0.72479     0.82907882 -1.1709641   0.58787823]
[ 0.20285665  0.38265203  1.23880921 -1.16921448  0.92170721]
[-0.97475024  0.73426928 -0.83589972 -1.21782026 -1.00297981]
[-0.12200043  1.21299317  0.98159324 -1.16460754  0.77292983]
[-0.79201814  1.05147795  0.67790055 -1.17365686  0.48440745]
[ 0.56832085  0.45430083  1.53652588 -1.1613193   1.18091986]
[-0.36564323 -0.18709555  1.26917169 -1.16585047  0.99028455]
[ 1.36015997  1.03818061  1.35252097 -1.16125652  1.03028371]
[ 0.60892799  0.06372359  1.84324785 -1.1573103   1.42833959]
[-1.23869662  0.18337939  0.23540376 -1.17490853  0.14551344]
[-0.16260756  0.76608267 -0.41346844 -1.20371952 -0.56323414]
[-0.58898247 -0.1263659   0.58604514 -1.16943049  0.42898124]
[-0.22351826  1.87365662 -0.4758184  -1.20159689 -0.63530749]
[ 1.218035    0.45229968  1.63508299 -1.15786838  1.26299326]
[-0.64989317  0.20029266  0.41375759 -1.17293491  0.25862756]
[ 0.42619588  0.07096002  0.89721827 -1.17146056  0.63461637]
[-0.99505381  0.19461778 -0.43631158 -1.19600471 -0.54790788]
[-0.6295896  -0.25566171  0.21124546 -1.18113942  0.05359468]
[ 0.20285665  1.51607691  0.85777647 -1.18360324  0.55361967]
[-0.3250361   0.44852951  0.66426942 -1.18474808  0.40916069]
[-0.2641254   0.12262181  0.79274673 -1.16638418  0.60157208]
[-0.54837534  0.4144529   0.17192302 -1.1985917  -0.02410766]
[-0.3250361   0.28395826  0.83533009 -1.16420423  0.66448832]
[-0.5077682   1.03200115  0.00640308 -1.21717064 -0.23212247]
[-1.40112515  0.00501953 -0.58000879 -1.21133892 -0.72968817]
[-0.02048259  1.42885606  0.90100438 -1.18232018  0.62742433]
[ 0.99469576  1.48926928  1.50620636 -1.16541037  1.11635825]
[-1.13717878  1.45391019  0.10796592 -1.18304673 -0.01916974]
[-0.6295896   1.19393449  1.0372935  -1.15868689  0.85344018]
[ 0.50741015  1.6400673   1.14999697 -1.16753356  0.84945054]
[ 0.12164238  1.19393449  1.20587343 -1.15705602  0.97356962]
[-1.79025228e-04  9.02614707e-02  1.07944043e+00 -1.17318356e+00  7.89662344e-01]
[-0.22351826  1.12009238  0.30267163 -1.17451999  0.16898604]
[-0.81232171 -0.14637409 -0.39418459 -1.19239946 -0.48446676]
[-0.22351826  2.17905017 -1.4499135  -1.2308241  -1.58077308]
[ 0.26376735  1.20528425  1.17895056 -1.15546333  0.96601631]
[ 1.64440991  0.72734108  2.0524343  -1.1532477   1.58565782]
[ 0.58862442  0.75956915  0.65230151 -1.17281165  0.42888957]
[ 0.46680302  0.79856002  0.87048318 -1.18872662  0.52044415]
[ 0.32467805  1.78096921  1.23557884 -1.16355169  0.95265586]
[-0.95444668  0.36945429 -0.18767097 -1.19366621 -0.3285457 ]
[ 0.02012454  0.92680988 -0.00316486 -1.19238731 -0.1650825 ]
[-0.3859468   0.23144268  0.83833254 -1.16360155  0.65444248]
[-0.89353598  1.12657995  0.19739095 -1.18678226  0.03821495]
[-0.36564323  0.51193704  0.58501401 -1.17388443  0.40923144]
[-0.18291113  2.09076126  0.05919454 -1.19799456 -0.12494695]
[-1.34021445  0.78401141 -0.59330935 -1.22916071 -0.76330242]
[ 0.99469576  1.07657981  1.15541077 -1.16332648  0.87392382]
[-1.11687521  1.01793871 -0.06426999 -1.20531491 -0.26264129]
[-1.15748235  1.35197177 -1.04021735 -1.27022816 -1.27355222]
[-1.21839305  1.24026679 -0.12575772 -1.18704299 -0.23903418]
[-0.28442896  0.68160922  0.69072058 -1.18027056  0.45507119]
[ 0.36528518 -0.66737622  0.96803469 -1.16679084  0.71700551]
[ 0.73074939  1.28727598  1.51046834 -1.15801316  1.19315266]
[ 1.96926698  0.6754952   1.86595258 -1.16482069  1.38462446]
[-0.87323241  0.84779596  0.43627942 -1.17324462  0.29233832]
[-0.6295896   1.2139484   0.89206505 -1.16310546  0.71541371]
[-1.36051802  1.15061287 -0.44802749 -1.19250679 -0.5274945 ]
[-0.04078616  1.37118019  0.36071939 -1.18500177  0.15324974]
[-1.07626808 -0.6593904   0.30463718 -1.20219588  0.1088332 ]
[-0.64989317  0.73426928  0.18485253 -1.19220075 -0.01213051]
[-0.73110744  1.0286976   0.29063648 -1.16956388  0.19772889]
[-0.14230399  0.39310281  1.46495277 -1.15263998  1.1952721 ]
[-0.58898247  2.03091557 -0.34788525 -1.21144935 -0.53007263]
[-0.14230399  0.02296899  0.84220069 -1.17450611  0.57419714]
[ 0.64953512  0.57800782  1.2884135  -1.16212907  0.98419895]
[-1.23869662  1.6916536  -1.91172168 -1.22424154 -1.99118135]
[-0.24382183  1.06246035  0.09581893 -1.19222082 -0.04337322]
[ 2.07078481  1.43726265  1.07474379 -1.1879346   0.70495025]
[-0.08139329  0.85260741  1.46888079 -1.15775072  1.1637187 ]
[ 0.89317792  0.81752561  1.41252568 -1.16247108  1.065037  ]
[ 0.66983869  1.29251653  0.26770835 -1.20791296 -0.03417963]
[ 1.0962136   1.65117673  1.9260299  -1.18228459  1.43922331]
[-0.5077682  -0.25153217 -0.23330664 -1.18896925 -0.33295353]
[ 0.97439219  0.41117362  1.4780449  -1.16367336  1.11669621]
[-0.6905003   1.69474456 -0.84145666 -1.22052791 -0.98709052]
[-0.34533967  0.76127014  0.03978366 -1.20589242 -0.17509797]
[ 1.01499933  1.38868116  1.02136393 -1.17180349  0.72167052]
[-0.64989317  0.88021044  0.01935104 -1.19744617 -0.12915086]
[-0.3250361   2.24836301  0.58043562 -1.17391083  0.40344317]
[-1.11687521  1.26712141 -0.49469593 -1.21097838 -0.65046048]
[ 0.50741015  1.70868728 -0.29422362 -1.22283301 -0.54182141]
[ 0.91348149  0.0739064   0.05474169 -1.21087143 -0.21612716]
[ 2.21290978  1.29812854  1.07335985 -1.18692423  0.71886497]
[-1.15748235  0.93895994 -0.19033991 -1.17892493 -0.24083595]
[-1.68537509 -0.16726616 -1.25484677 -1.28471275 -1.55696149]
[-0.28442896 -0.7496482   0.88153769 -1.1713932   0.65672611]
[ 0.60892799  1.32879306 -0.10406171 -1.22245114 -0.3572154 ]
[ 0.71044582  1.61214979 -0.41785243 -1.21278669 -0.60469236]
[ 1.11651716  1.47462051  1.66994457 -1.1575538   1.28615828]
[ 0.77135652  1.26408897  0.62794136 -1.17711942  0.38049589]
[-0.52807177 -0.62383052  0.44391449 -1.18288956  0.22515791]
[-0.87323241 -0.55616151  0.22499344 -1.2157156  -0.02858428]
[-0.6905003   0.72071369 -0.9005981  -1.20611054 -0.99398162]
[ 1.03530289  0.87402097  0.61203242 -1.18476841  0.3357208 ]
[ 0.64953512  1.65498632  0.25651711 -1.20580591 -0.02822294]
[-0.6905003   0.79355788  0.33058114 -1.17249237  0.21652862]
[-0.91383954  1.86133717 -1.22099845 -1.24397746 -1.41806596]
[-0.04078616  0.19317938  0.66114087 -1.1698585   0.46232026]
[ 0.97439219  1.33937971  0.55456802 -1.18742823  0.27013416]
[-0.95444668  1.15279076 -0.88665739 -1.22713565 -1.05555205]
[-0.36564323  0.04038587  0.19319311 -1.20141865 -0.01403134]
[-1.40112515  0.67034876 -0.11900833 -1.19668914 -0.26942245]
[-1.42142872  0.59570528 -0.32716879 -1.18582708 -0.39622513]
[-1.79025228e-04  7.19043412e-01  1.23481954e-01 -1.18737207e+00 -5.12776194e-02]
[-1.09657165  1.06830991 -0.38946514 -1.21836531 -0.56939409]
[-1.44173229 -0.32018886 -0.74801599 -1.20272905 -0.83696999]
[-1.11687521  0.86695905 -1.65863565 -1.2805282  -1.95601935]
[ 0.34498161  0.8110307   1.13905082 -1.16338341  0.87121543]
[ 0.36528518  1.52075307  0.69608973 -1.18256352  0.42045988]
[-0.02048259  2.31099722  0.48875521 -1.17323667  0.31745612]
[-0.71080387  1.36104509 -1.14536387 -1.22935973 -1.29477603]
[ 0.89317792 -0.21755307  0.3701357  -1.20245555  0.11211777]
[ 1.19773143  1.20593125  1.02863213 -1.16772008  0.74268964]
[-1.56355369  1.37895988 -1.8408743  -1.26203542 -2.06790621]
[-0.06108973 -0.92511883  1.22035005 -1.15544858  0.99495163]
[ 0.18255308  2.07937933 -0.23224452 -1.20674733 -0.42387386]
[ 0.56832085 -0.17837746  2.06180306 -1.1463587   1.65862045]
[-0.58898247 -0.1263659  -0.00599243 -1.18223088 -0.13407249]
[-0.54837534  1.64682698  0.15628913 -1.18063367  0.03073196]
[-0.58898247 -0.07007936  0.25306176 -1.20798033  0.03064575]
[-0.89353598  0.68666529  0.18825204 -1.17522527  0.08519388]
[-0.6905003  -0.99663729  0.6594582  -1.16808703  0.49111737]
[-0.81232171  0.86756043 -0.71947224 -1.22375768 -0.90567513]
[-0.34533967  0.29102488 -0.57749142 -1.23302358 -0.82601217]
[-1.09657165 -0.6440954  -0.63344019 -1.22711092 -0.83327827]
[ 0.38558875  0.20022649 -0.38050259 -1.24683682 -0.7005377 ]
[-1.11687521 -0.13251623 -0.22799715 -1.2413399  -0.50360853]
[-1.88841076 -0.01381332 -1.92035585 -1.26704171 -2.1608125 ]
[-0.60928604  0.59079087 -0.44178355 -1.21056342 -0.58051352]
[-0.60928604  0.34296453 -0.29661208 -1.21724327 -0.50359639]
[ 0.48710658 -0.21836785  0.32667036 -1.19327604  0.10728956]
[-0.81232171  0.69700216 -1.13370115 -1.23087522 -1.29925168]
[-0.10169686  0.14406332 -0.75914326 -1.22418886 -0.95293473]
[-0.46716107  0.65609284 -0.09640547 -1.20541684 -0.28468866]
[ 0.12164238  0.34296453 -0.21563227 -1.21072193 -0.41063523]
[-1.17778591  1.42047035 -0.69200463 -1.21229986 -0.80689689]
[-1.68537509 -0.92706819 -1.30550921 -1.23782454 -1.46188453]
[-0.79201814  2.02145593 -2.11612467 -1.37134686 -2.51523694]
[-0.60928604  0.18644264 -0.58543664 -1.22681275 -0.79457981]
[ 0.69014225  1.1034898   0.31846975 -1.20069551  0.06711905]
[-0.81232171  0.05076754 -0.48620534 -1.20044246 -0.61964292]
[-0.42655393  0.77034401 -0.22998843 -1.20723637 -0.40387657]
[-0.6295896   0.30299254 -0.27864089 -1.19701077 -0.42633999]
[ 0.66983869  1.41581568  0.46411025 -1.19783788  0.20406223]
[ 1.4007671   1.79624146  0.37639716 -1.20496115  0.07363226]
[ 0.16224951 -0.76434463  0.39044176 -1.19053089  0.13986058]
[-0.40625037 -0.3827148  -0.55858295 -1.2234883  -0.75663424]
[ 0.64953512  1.39725337  0.81298814 -1.18378064  0.51159106]
[ 1.3398564   0.92274175  1.10493677 -1.17182055  0.792926  ]
[-1.09657165  0.85300291 -1.08722744 -1.23402484 -1.28852452]
[ 0.36528518  0.67487481  0.40775038 -1.20225508  0.12634   ]
[-0.34533967 -0.3421758   0.43914595 -1.17028758  0.30557159]
[ 0.89317792  1.34205501  0.17316583 -1.20273038 -0.06583973]
[-0.24382183  0.02213869 -0.06190275 -1.20588313 -0.26121611]
[ 0.73074939  0.8470181   0.28280234 -1.21107734 -0.03305732]
[-0.67019674 -0.23413107 -0.02197782 -1.20318624 -0.18906627]
[-1.09657165 -0.4448278  -1.10527904 -1.28491217 -1.40335554]
[ 0.99469576  0.86544171 -0.38497117 -1.21759815 -0.599121  ]
[ 0.95408863  0.38275317  1.15040688 -1.17601668  0.80703644]
[-0.5686789  -0.53581929 -0.63273588 -1.2316123  -0.87256581]
[ 0.48710658  0.43072766  0.68966743 -1.20151765  0.37784582]
[ 0.62923155  1.65290375 -0.12429385 -1.19075927 -0.28268629]
[ 0.69014225  0.98946802  1.09149407 -1.17063116  0.81087347]
[ 1.0962136   1.16225884  0.34223937 -1.21488216 -0.00161065]
[-1.19808948  0.83794377 -0.56497676 -1.18988224 -0.61558453]
[-1.27930375 -1.31172961 -0.47077397 -1.22703913 -0.67120202]
[-0.85292884  0.07920258 -0.29992708 -1.19939394 -0.43246342]
[ 1.07591003  1.05132809  0.77485902 -1.19730014  0.43657252]
[ 2.05048125  1.59854487  0.52095618 -1.20236846  0.19078179]
[-0.52807177  0.9526512  -0.72829115 -1.22173212 -0.90062895]
[-1.62446439 -1.11587135 -1.17502981 -1.2454813  -1.36652757]
[-0.77171457 -1.04341315 -1.51787531 -1.28618769 -1.82928482]
[-1.79025228e-04  1.16905233e+00 -5.70480578e-01 -1.21699351e+00 -7.55682721e-01]
[ 0.93378506  1.49686494 -0.01008967 -1.21283707 -0.28857662]
[-1.11687521 -0.09999609 -1.13621466 -1.23154712 -1.3064705 ]
[-1.31991088  1.49115078 -1.30865865 -1.2130622  -1.36067538]
[-0.73110744  0.24513835 -0.55854928 -1.21985328 -0.74402016]
[ 0.58862442  1.23323648  0.08646104 -1.20760982 -0.14937897]
[ 1.29924927  1.10400604  0.45834363 -1.20364769  0.15179814]
[ 0.46680302  0.95579597 -0.27776586 -1.22619448 -0.56743707]
[-0.77171457 -1.58686452 -0.35656538 -1.21356349 -0.53649205]
[-1.21839305 -0.63399007 -0.92744831 -1.23609751 -1.13965764]
[-0.58898247  1.26337725 -0.53892484 -1.21084834 -0.67263155]
[ 0.75105296  0.27887152 -0.13479903 -1.20694801 -0.32242556]
[-1.56355369  0.5746123  -1.86168    -1.29313042 -2.20794883]
[-1.07626808  0.24395401 -0.48969405 -1.20914963 -0.61305815]
[-1.21839305 -0.23705455 -0.95980684 -1.23421208 -1.16392818]
[ 1.23833856  1.04181132  1.44240966 -1.16274782  1.08690838]
[ 0.30437448  0.67235397 -0.12521194 -1.21846315 -0.39383182]
[-1.79025228e-04  9.86215994e-01 -7.21782931e-01 -1.22957841e+00 -9.41689731e-01]
[-0.95444668  1.15279076 -0.8688336  -1.22587899 -1.02120925]
[ 0.87287436  1.08139445  0.76385061 -1.17897395  0.51152086]
[-1.79025228e-04  4.97563195e-01 -1.15505249e-01 -1.20431023e+00 -2.98916190e-01]
[ 0.12164238  1.46898047 -0.70144125 -1.23695755 -0.97611776]
[-1.44173229  0.47871211 -1.1069571  -1.25381999 -1.31829435]
[ 0.24346378  1.10513838 -1.46724015 -1.25172257 -1.67805426]
[ 0.44649945  0.30566626 -0.45683992 -1.21882113 -0.65784599]
[ 0.12164238  0.52128976  0.35889947 -1.18006612  0.17686424]
[-1.17778591 -0.37159195 -1.31128398 -1.24396757 -1.52109239]
[-1.54325012 -0.03985664 -0.95526462 -1.24289104 -1.11653783]
[ 0.99469576  0.58036827 -1.28028307 -1.2359819  -1.49921131]
[-1.34021445 -1.19743596 -1.23909827 -1.22641354 -1.3580707 ]
[-0.12200043  0.35715306 -0.61987376 -1.23213288 -0.88812552]
[ 1.4616778   0.80352675  0.63343291 -1.20592142  0.26864555]
[ 1.31955283  0.85785487  0.71449598 -1.19398908  0.40431297]
[ 0.30437448  0.70053611  0.05157722 -1.21522473 -0.20430727]
[-0.22351826  1.12009238  0.01704395 -1.21619069 -0.24160355]
[-0.5077682   1.38099609  0.05793022 -1.18237198 -0.03933284]
[-0.81232171  0.86756043 -0.23631724 -1.1885913  -0.34568523]
[-0.22351826  0.33571815 -0.55620804 -1.23088598 -0.81805106]
[-0.16260756 -0.99389047  0.51077107 -1.17816236  0.3018009 ]
[-0.3250361  -0.19498874 -0.23629295 -1.24140799 -0.52978239]
[-1.86810719 -1.13630895 -2.27132689 -1.31516154 -2.64087411]
[-0.79201814  0.01377836 -0.97734425 -1.21802561 -1.10190543]
[ 0.24346378 -0.54185593 -0.22812969 -1.2214636  -0.4797297 ]
[-0.93414311 -1.11869553 -0.48834772 -1.21452524 -0.65428684]
[ 0.14194594  0.80321345  1.00574001 -1.18605765  0.69217472]
[ 0.62923155 -0.53327859 -0.06961918 -1.22740758 -0.39324444]
[ 0.95408863  1.87766892  0.08221172 -1.21201475 -0.19478217]
[ 0.04042811  1.06101268  0.04661078 -1.21439052 -0.1935128 ]
[-0.12200043  0.82554726 -0.66778445 -1.21959595 -0.84578119]
[-1.48233942  0.19019487 -1.0008613  -1.22851544 -1.15187498]
[-0.46716107  1.98991171  0.73884535 -1.17036113  0.5608016 ]
[-0.58898247  0.11930384 -1.40532364 -1.25649469 -1.66324935]
[-1.31991088  0.63994651 -0.8260142  -1.21214749 -0.91998044]
[ 0.24346378 -0.61196264  0.18350689 -1.21158359 -0.10877687]
[ 0.46680302  1.18058987  0.13434568 -1.20336468 -0.08155222]
[-1.62446439 -1.07318597 -1.19416526 -1.24300087 -1.36847746]
[ 0.32467805  1.2976263  -0.27222159 -1.20380152 -0.43693035]
[-0.91383954  1.09985683 -0.94021982 -1.24683347 -1.16874465]
[-1.42142872  0.6615984  -1.98334089 -1.27056535 -2.2495333 ]
[-1.60416082  0.24654795 -2.08542062 -1.28005179 -2.33230342]
[ 1.42107067  0.45913313  1.83633528 -1.15381288  1.43225998]
[-1.15748235 -0.59659686 -1.72186005 -1.23992171 -1.88012737]
[ 0.79166009 -0.13194497  0.37923579 -1.20088419  0.08954952]
[-1.05596451  0.43475207 -0.71907219 -1.23733682 -0.93317612]
[ 0.54801729  0.81821819 -0.01913755 -1.21872652 -0.27430777]
[ 1.23833856  1.40420108  0.47607925 -1.17833017  0.25978495]
[-1.15748235 -0.76349781 -0.26198177 -1.19638919 -0.39720618]
[-1.36051802 -0.40231032 -1.55918849 -1.24510936 -1.74274679]
[-0.22351826 -0.02256782  0.14999588 -1.19993701 -0.05619157]
[-1.68537509 -0.53461679 -1.75224869 -1.26220896 -1.97655948]
[ 0.16224951  0.79355788 -0.41543833 -1.22298878 -0.65150762]
[-1.17778591  0.80264242 -1.17939109 -1.23410147 -1.31987523]
[-1.72598222 -0.71775814 -2.40680389 -1.34792586 -2.80752562]
[-1.36051802  0.77595657 -1.23767839 -1.22686389 -1.36999117]
[-1.15748235  0.48594127 -1.5111626  -1.2365403  -1.67046357]
[-0.10169686  0.61318775  0.08542497 -1.19562168 -0.14166408]
[-1.21839305 -0.93562995 -1.55494806 -1.25128579 -1.74697448]
[-0.08139329  0.47139661 -0.18943967 -1.2104219  -0.40724102]
[ 0.73074939 -0.44797059  0.04032693 -1.20657064 -0.21229538]
[-1.96962503 -1.50634564 -1.53499721 -1.21916681 -1.61477232]
[ 1.92865984  1.06127642  0.11683397 -1.21173296 -0.17779275]
[ 1.0962136   1.39968597  0.85297216 -1.18977213  0.53347568]
[-1.74628579 -0.06767794 -2.04267687 -1.25652855 -2.22231127]
[-1.40112515 -1.69205213 -1.94230552 -1.28881942 -2.30598968]
[-0.77171457  0.93846957 -0.89265839 -1.21705256 -1.01245079]
[-1.34021445 -0.40586325 -1.54407729 -1.25843774 -1.76872676]
[-0.36564323  1.253347   -0.82356789 -1.22333715 -1.00232363]
[ 1.76623131  0.91934585  0.76781231 -1.20940784  0.41414268]
[ 0.16224951  1.58209622 -0.23719412 -1.22728543 -0.49516522]
[ 0.14194594 -0.10211987 -0.73196854 -1.2231183  -0.93312043]
[ 1.17742786  0.65982013  0.57937928 -1.18704927  0.28671384]
[ 1.48198137  0.98582233  1.00897287 -1.18964999  0.64693043]
[-1.29960732  1.60115979 -1.91955964 -1.28077801 -2.24264697]
[-0.75141101  1.04281642 -1.19581085 -1.25079807 -1.45182848]
[-1.40112515 -0.10388347 -1.07040427 -1.24760694 -1.27956979]
[-0.97475024  0.52430088 -1.07421433 -1.2579     -1.28462419]
[-1.38082158  1.47787019 -2.46360098 -1.28696092 -2.81369285]
[ 1.74592774  1.1873286   1.06373194 -1.19111527  0.68362001]
[-0.58898247  0.44779346 -0.40319083 -1.21072609 -0.56927178]
[ 0.97439219  0.16699317  0.93284153 -1.18485949  0.64463194]
[ 0.26376735  0.50891967  0.21470802 -1.18973298 -0.00185207]
[-1.11687521 -0.2596269   0.12035112 -1.19949789 -0.03867474]
[-0.64989317  0.88021044 -0.3487711  -1.22323382 -0.58207348]
[-1.70567866  2.0629533  -1.82576148 -1.25775186 -2.01542094]
[ 1.1571243   0.48167331  0.58233772 -1.19400204  0.30901257]
[ 0.69014225  1.59367689  0.18937967 -1.20744075 -0.06790032]
[-0.83262527  2.14885816 -0.96207064 -1.26052799 -1.24879029]
[-1.27930375 -0.0873743  -1.2730545  -1.22369845 -1.37853037]
[ 0.18255308  0.96611168  0.45420092 -1.19720941  0.20771271]
[-1.34021445  0.36284365 -1.4949335  -1.2526148  -1.69361884]
[ 2.03017768  1.35923081  0.7467135  -1.19529342  0.40723866]
[-0.06108973  0.89008115 -1.43480088 -1.28579724 -1.79262542]
[-1.11687521 -1.69019558 -1.44538916 -1.25261907 -1.66065499]
[-0.64989317  1.93193023 -1.96286924 -1.26610128 -2.20972339]
[-1.23869662  0.16505394 -0.99352603 -1.24788548 -1.23635336]
[ 0.10133881 -0.24562302  0.14417207 -1.20573502 -0.0959004 ]
[ 1.36015997  0.73572502  0.30864993 -1.19731039  0.06863137]
[-1.27930375  1.76738694 -1.53195721 -1.33967399 -1.94040218]
[-0.89353598  2.25600995 -0.94547342 -1.2356086  -1.14083684]
[-1.94932146 -0.99773533 -1.74185194 -1.25017637 -1.93940418]
[ 0.62923155  0.30106153 -0.23371869 -1.21295673 -0.47127661]
[ 1.07591003  0.32641827  1.30891526 -1.16152718  1.0019066 ]
[-0.4468575  -0.43892299 -0.46634202 -1.21276162 -0.64582326]
[-1.62446439  0.21403754 -1.5059427  -1.2513344  -1.70987083]
[-0.95444668  1.21822422 -1.21533098 -1.24030105 -1.4024167 ]
[-1.58385725  1.10307087 -1.50838215 -1.25140921 -1.6983471 ]
[ 0.36528518  0.87402097 -0.20038174 -1.2092154  -0.37616807]
[-1.94932146 -0.45362012 -2.06838479 -1.25478789 -2.24689847]
[-1.72598222  0.86534358 -1.84163386 -1.25059574 -2.00538604]
[ 0.75105296  1.30550433  0.69408539 -1.19332168  0.3996928 ]
[-0.34533967  1.31455643 -1.19221635 -1.26212332 -1.47222487]
[-1.84780363 -0.09371742 -2.13046452 -1.27787351 -2.39481839]
[-0.6905003   1.71762625 -0.67114172 -1.22507549 -0.87612763]
[ 0.38558875  1.55755896  0.26890659 -1.22897731 -0.0788125 ]
[-0.93414311  0.7294264  -1.16560643 -1.26094058 -1.4773812 ]
[ 1.23833856  1.95666679 -0.62519131 -1.21920188 -0.81436493]
[-1.15748235  0.37112662 -1.56891886 -1.26900762 -1.83561083]
[ 0.02012454  1.99234928 -0.86899637 -1.24943145 -1.15843519]
[-1.64476796 -0.12170985 -1.28112859 -1.23196312 -1.41462835]
[-0.5077682   0.49388442 -0.47904264 -1.21873588 -0.6744628 ]
[-1.01535738  1.50270896 -0.8080194  -1.23163491 -0.99840266]
[-0.85292884  0.95328313 -0.86799506 -1.2323246  -1.08483541]
[-1.19808948  0.64863893 -1.77117701 -1.32457283 -2.11484605]
[-1.23869662  0.16505394 -1.40576437 -1.20804408 -1.44685926]
[-0.10169686  0.91195357 -0.72424151 -1.22469115 -0.92849095]
[-1.42142872 -0.4891531  -1.72712417 -1.23852013 -1.86486234]
[-0.02048259  2.13727301 -0.48100136 -1.21037532 -0.62899745]
[-0.48746463  0.75146949 -0.25271638 -1.20500564 -0.40127608]
[-0.4468575  -0.41428261 -1.17640716 -1.23522833 -1.36301861]
[-1.05596451  0.99375518 -1.64267067 -1.25533312 -1.85771003]
[-0.79201814  2.14945146 -1.20422519 -1.25776567 -1.45889798]
[ 0.14194594  1.63427019 -0.53344261 -1.23433545 -0.79336287]
[-1.17778591  1.52032133 -1.08903098 -1.2393762  -1.28224158]
[-0.89353598  0.48390842 -1.47907624 -1.27552856 -1.79232821]
[-0.85292884  0.34296453 -1.33475016 -1.23850795 -1.5212249 ]
[-0.5686789   0.2338586  -1.19250332 -1.2649731  -1.48403978]
[ 0.36528518  1.78440344 -0.34662974 -1.21513574 -0.55979468]
[-0.52807177  1.80370416 -0.02608937 -1.19811659 -0.16688572]
[-0.89353598  0.07624561 -1.18414987 -1.23377788 -1.35517964]
[ 0.58862442  0.65274746 -0.79366571 -1.22657833 -1.00909365]
[-1.07626808  0.13890705 -1.24153773 -1.23991724 -1.42475965]
[-0.28442896  1.46072341 -0.21706302 -1.20330719 -0.36695978]
[ 0.34498161  1.20465956 -0.35505084 -1.22107568 -0.61166757]
[-1.15748235  1.65175155 -2.45399176 -1.32294429 -2.95464433]
[-0.99505381 -0.0050108  -1.4055369  -1.24822358 -1.59085982]
[-0.79201814  1.01136315 -1.27706782 -1.27606049 -1.61403635]
[-0.64989317  0.16932825 -0.9618528  -1.22892848 -1.14805641]
[-1.42142872 -0.7066529  -1.83146361 -1.2400125  -1.9634472 ]
[-0.3250361   0.86833514 -0.54822422 -1.22049585 -0.75243939]
[-0.40625037 -0.67801017 -0.69975682 -1.22296455 -0.88567636]
[-0.5686789   0.74304293 -0.76322582 -1.24040873 -0.99376028]
[-0.16260756  1.59601905 -0.84756379 -1.23371055 -1.0999854 ]
[-1.29960732  0.84418634 -1.49189715 -1.2301276  -1.61315881]
[-0.77171457 -1.15200224 -1.44998612 -1.24934509 -1.67519259]
[-0.46716107  0.93342326 -1.48803853 -1.25842376 -1.78111203]
[-0.5077682   0.81488328 -0.44351071 -1.22046143 -0.65850879]
[-1.11687521  0.99602042 -1.10627238 -1.26373358 -1.37570603]
[-0.97475024  0.65659092 -0.99156828 -1.22891314 -1.15651798]
[-0.3859468   0.97344784 -0.29305583 -1.21545578 -0.49959273]
[-1.42142872  0.42534448 -2.23145813 -1.30909735 -2.68137863]
[-1.11687521  1.24383743 -1.27467742 -1.24771864 -1.48690062]
[ 0.26376735  0.8344637  -0.38127377 -1.21150392 -0.56423953]
[-1.07626808  0.94445286 -0.27800642 -1.21207488 -0.45547207]
[-0.83262527  0.74605557 -1.25768849 -1.2507025  -1.49483412]
[-0.5686789   2.0318072  -1.8329944  -1.31967401 -2.14122125]
[-1.31991088  1.01983127 -1.23823711 -1.23481973 -1.40484361]
[-1.21839305  1.38644385 -1.65295996 -1.24159171 -1.81584136]
[ 0.66983869  0.77918947  1.15826072 -1.18661684  0.80129888]
[-1.15748235  0.1162941  -1.2892181  -1.23758764 -1.47492555]
[-0.48746463  0.66621628 -0.51424834 -1.22146015 -0.71910433]
[ 0.16224951  0.56163483 -0.12722689 -1.20721423 -0.31433587]
[-0.60928604  0.60790138 -0.06364686 -1.1997656  -0.22976279]
[-0.54837534  1.8469488  -1.09266066 -1.24839824 -1.32914005]
[-1.09657165  1.20318819 -0.39747121 -1.24273583 -0.64228884]
[-1.23869662  1.50811821 -1.74821755 -1.25688803 -1.96508772]
[-0.14230399  2.20166207 -0.82675169 -1.23178907 -1.06297168]
[ 0.48710658  1.60383537  0.55619174 -1.20069356  0.26272562]
[ 0.04042811  0.99592015 -0.45760764 -1.20992584 -0.62578018]
[ 0.85257079  1.16194314  0.06126785 -1.2110843  -0.20483575]
[ 0.58862442  0.84163948 -0.35665571 -1.24267237 -0.6936563 ]
[ 0.14194594 -0.83065415 -0.48278638 -1.21134232 -0.65800615]
[-0.04078616 -0.16218671  0.7402964  -1.17283632  0.54797492]
[-1.15748235  1.4992473  -1.9123794  -1.26593551 -2.19241146]
[-1.05596451  0.37940958 -1.28974284 -1.23102784 -1.44122532]
[ 0.95408863  1.09640641 -0.55019174 -1.21598822 -0.7607019 ]
[-0.71080387 -0.3363185  -0.20439435 -1.19954385 -0.32664259]
[-0.64989317  0.42466552 -1.01021151 -1.22372328 -1.15689146]
[-0.48746463  0.71714434 -0.39073588 -1.23349769 -0.65682624]
[-0.6295896   0.23992373 -0.45447975 -1.21968687 -0.64882276]
[-0.71080387  0.624327   -1.68588323 -1.30203248 -2.06376222]
[-0.48746463  0.53360018 -0.79384379 -1.21496342 -0.94186167]
[-0.81232171  0.41117362 -0.80468543 -1.24733546 -1.06669303]
[-0.3859468   1.00913489 -0.83831285 -1.22469823 -1.03236206]
[-1.29960732 -0.16726616 -1.65938977 -1.29467253 -2.02740962]
[-0.87323241  0.45640617 -1.13811946 -1.26433459 -1.46231719]
[-0.73110744  1.39968597 -1.08573441 -1.23434772 -1.29224951]
[-0.85292884 -0.79973667 -0.67136472 -1.19883491 -0.77204012]
[-0.18291113 -0.03218543 -0.70306194 -1.2480988  -1.02087842]
[-1.17778591  0.6773334  -1.23719872 -1.26069074 -1.47488904]
[ 0.28407091  1.87044762  0.81376919 -1.16764509  0.60218814]
[-0.87323241 -0.30797173 -0.95801604 -1.23767655 -1.18280662]
[-1.68537509 -0.72051704 -1.48104571 -1.25315596 -1.68787507]
[ 0.95408863  0.57020342  1.43196179 -1.15778943  1.13066526]
[ 0.18255308  1.2723133   0.64984505 -1.16548342  0.4822433 ]
[-0.4468575   1.59702552 -1.07364539 -1.24351699 -1.30546615]
[ 1.74592774  0.42258745  2.69401564 -1.1416361   2.12209262]
[-1.48233942 -0.59320097 -1.03603124 -1.22786891 -1.19028603]
[-0.60928604  0.89241785  0.01567564 -1.19100318 -0.11696485]
[ 1.80683844  0.94934813  0.92602742 -1.19166451  0.56047481]
[ 1.0962136   1.30028701  0.39911041 -1.20199477  0.10358178]
[-0.60928604  0.4565967  -0.01231883 -1.20849561 -0.22459138]
[-0.24382183  0.47652364  0.19335104 -1.19258137  0.02552242]
[ 1.62410634  0.6571106   1.30019861 -1.18772633  0.88817275]
[ 0.42619588  1.41225385  0.43815646 -1.20215098  0.15932567]
[-0.6295896   0.72315267 -0.36769811 -1.20925415 -0.51413199]
[ 0.18255308  1.20593125 -0.09015529 -1.21047775 -0.33135473]
[-0.10169686  0.92832122  0.07074365 -1.20695437 -0.15648121]
[-0.24382183 -0.52034732 -0.60574013 -1.21468456 -0.76358835]
[-1.13717878  0.7549186  -1.77080956 -1.25719136 -1.99467907]
[-0.83262527  0.45509014 -0.85859794 -1.25428514 -1.1410695 ]
[-0.87323241  0.67519549 -0.77067796 -1.22043542 -0.93645441]
[-0.6905003   1.34415822 -2.1674291  -1.30304065 -2.47735456]
[-0.83262527  1.46796567 -1.44835544 -1.25882536 -1.74746458]
[-0.93414311  1.78397723 -0.60726804 -1.2177452  -0.77360884]
[ 1.19773143  0.9198017   1.04368655 -1.1912051   0.65887743]
[ 0.22316021  2.24278369  0.64220847 -1.19120705  0.38766661]
[-0.36564323  2.46719029 -0.57537112 -1.20932856 -0.70661675]
[ 0.97439219  1.29614276  0.52247468 -1.20582531  0.17525823]
[ 1.29924927  0.97693889  0.62258265 -1.19303131  0.33670354]
[-0.6295896   0.79484971 -0.5761969  -1.21567823 -0.73897166]
[-1.15748235  0.40900962 -0.20743623 -1.19442638 -0.35086602]
[-1.03566094  0.09049508 -0.70821515 -1.21662239 -0.84873517]
[-1.40112515 -0.08596567 -0.56807468 -1.19386298 -0.61521842]
[-0.77171457 -0.46160193  0.31691007 -1.18245316  0.14734661]
[-0.42655393 -0.37986228  0.04894992 -1.18489816 -0.10998452]
[ 0.69014225  0.62701798  0.95604925 -1.1935643   0.63984068]
[ 0.08103524  0.4249659   0.737085   -1.1766085   0.4976758 ]
[-0.91383954  1.78631066  0.17713517 -1.17601595  0.06918795]
[ 1.0962136   1.2862768   0.35009544 -1.20804494  0.05884419]
[-0.81232171  0.75303689 -0.27755054 -1.22465038 -0.500595  ]
[-0.79201814  0.57692646 -0.16443422 -1.22696094 -0.40881229]
[-0.34533967  0.27631801  0.01796655 -1.19023545 -0.15201492]
[ 0.32467805 -0.83322142  1.19972627 -1.17349874  0.87595969]
[ 0.64953512 -0.08640025  0.84289318 -1.18980528  0.53802261]
[ 0.26376735  1.4210091   0.22980223 -1.18705913  0.03402481]
[ 0.83226722  1.93814162 -1.7323517  -1.2542831  -1.98815621]
[-0.5686789   1.75463355 -0.5973878  -1.20361915 -0.67878516]
[-0.48746463  0.01713708  0.35092732 -1.18454465  0.17139271]
[ 0.42619588  0.78851994  1.03078751 -1.1760672   0.72722315]
[-2.4772142  -1.52757184 -2.31914078 -1.41627164 -2.85114001]
[-0.93414311 -0.53625339  0.34507526 -1.16896027  0.2491451 ]
[-0.97475024 -0.33292548  0.41032049 -1.20760346  0.18486913]
[-1.01535738  0.68005829 -0.43811821 -1.20081169 -0.58264622]
[-0.42655393  0.65274746  0.85233031 -1.16588577  0.65098987]
[-0.12200043  1.56286358  0.7991502  -1.17179098  0.57024092]
[-0.36564323  0.01284837 -0.08238327 -1.20463612 -0.30558738]
[-1.44173229  0.19225933 -1.41343492 -1.26425368 -1.66461436]
[-0.6295896   0.39965683 -0.11183185 -1.23492121 -0.39771252]
[-0.60928604  0.78329379 -0.55222724 -1.20397769 -0.70106897]
[-1.21839305  0.64035614 -0.69314227 -1.23157276 -0.88404941]
[ 0.04042811 -0.15353686  0.55701364 -1.18115725  0.31359374]
[-0.40625037 -0.99977348  1.05602091 -1.16020058  0.83744603]
[ 0.64953512  0.47725467  1.76438967 -1.15378324  1.38725728]
[-1.94932146 -1.90476271 -1.04568986 -1.19969974 -1.076843  ]
[-0.48746463  0.51734127  0.07509708 -1.18636513 -0.0673085 ]
[-0.81232171 -0.17574175  0.18750028 -1.18228861  0.04541907]
[-0.79201814 -0.00153544 -0.40858044 -1.23211614 -0.64531944]
[-1.29960732  1.2668142   0.02111491 -1.1843595  -0.0823961 ]
[-1.19808948  0.44862693 -0.04899858 -1.18078585 -0.14519651]
[-1.88841076 -0.79375958 -1.52086243 -1.3151553  -1.8863826 ]
[-1.13717878 -0.7508532  -0.29928717 -1.21778358 -0.46872117]
[-0.3859468   1.02709711  0.54215878 -1.17456279  0.36441669]
[-1.13717878  1.16905233 -0.30874649 -1.24587103 -0.55037646]
[ 0.58862442  0.91135359  1.21729986 -1.15947915  0.94903111]
[-1.27930375 -0.22272602  0.47389948 -1.17232517  0.35594002]
[-0.5077682   1.401266    0.39219233 -1.17753128  0.23366849]
[-0.36564323  0.12429424  0.53438068 -1.18090044  0.32308707]
[-1.84780363 -0.54711597 -0.75091641 -1.20125882 -0.8149799 ]
[-1.29960732  0.42205805 -0.71442229 -1.28361747 -1.03043251]
[-1.03566094  0.33396358  0.30552646 -1.17553751  0.18327484]
[-1.17778591  0.93205993 -0.01074272 -1.17971214 -0.09590299]
[-1.29960732 -0.41281791 -0.1908774  -1.19172612 -0.29508504]
[-0.83262527  1.6520472   0.20875734 -1.17565986  0.10185015]
[-0.81232171  0.55141659 -0.12365191 -1.24431458 -0.38372576]
[-0.08139329  0.93350795  0.5254606  -1.18510575  0.26330551]
[ 0.71044582  0.45725338  1.7073464  -1.16065142  1.3177433 ]
[-1.62446439 -0.49175081 -1.22124032 -1.23505461 -1.39179418]
[ 0.32467805  1.04435983  0.92657707 -1.16559485  0.68957751]
[-0.2641254   0.51534374  0.78806617 -1.17045234  0.58944317]
[ 0.12164238  0.3162687   0.87778269 -1.20018982  0.56402762]
[ 0.18255308  1.09226334  1.44544083 -1.1579394   1.13866374]
[-0.85292884  0.46456157 -0.42341398 -1.19227791 -0.53504028]
[-0.16260756  1.31271977  0.29429624 -1.18037643  0.10921775]
[-1.03566094  0.12429424 -0.17094947 -1.19370115 -0.29922111]
[-0.36564323  0.67235397 -0.0841145  -1.21036928 -0.30416365]
[-0.18291113 -0.08362178  1.07858874 -1.1602038   0.85090122]
[-0.16260756  1.08172804  0.81568686 -1.17121983  0.5848051 ]
[ 0.83226722  0.76483996  1.02476647 -1.18968015  0.67203   ]
[-0.99505381  0.70723189 -0.35663821 -1.22921122 -0.59593673]
[-0.42655393  0.90919027  0.19035402 -1.18445026  0.02795388]
[-0.93414311 -0.63009593  0.10945768 -1.18525275 -0.03282154]
[ 0.22316021  0.63572642  0.89984035 -1.16056512  0.70759642]
[-1.25900018 -0.19449017  0.6483308  -1.16182879  0.54273254]
[-1.09657165  2.59013583  0.1622816  -1.21138208 -0.042091  ]
[-0.46716107  1.89886673 -0.55213449 -1.20930183 -0.67842371]
[-0.28442896  1.30765766  0.98601395 -1.16878877  0.72955647]
[ 0.38558875  0.50459041  1.7508989  -1.15012568  1.41974628]
[-1.9899286  -0.56425688 -1.22983134 -1.2094319  -1.27773684]
[-1.23869662  0.61133263 -0.52666956 -1.19393895 -0.58655476]
[ 0.14194594  1.5795039   0.70892514 -1.16508743  0.53957142]
[-0.73110744  0.79887148  0.34846151 -1.17682884  0.2050614 ]
[-1.13717878  0.2876187  -0.18993978 -1.19568012 -0.28011191]
[-1.25900018  0.3817885  -0.38034421 -1.2495939  -0.63534189]
[-2.07114286 -2.09438412 -1.69883152 -1.22496567 -1.79469847]
[-1.11687521 -0.0671706   0.04893863 -1.19130547 -0.09845287]
[-0.2641254   0.98773755  0.73176167 -1.16845552  0.54311301]
[-0.71080387  0.50240134 -0.2477267  -1.21178003 -0.44967858]
[-1.58385725  1.54454678 -2.27691514 -1.38089057 -2.79890615]
[-0.2641254   0.78532679  0.72361231 -1.16189285  0.5834136 ]
[-1.15748235  0.3150142  -0.05150797 -1.19099257 -0.20142712]
[-0.5686789   1.18862787  0.02228012 -1.1820831  -0.08417678]
[-0.04078616  0.92755489  0.89982398 -1.15904549  0.72576136]
[-0.30473253  0.26246976  0.94469527 -1.16060604  0.74326379]
[-0.58898247 -0.23627454  1.00880549 -1.16245178  0.79377058]
[-0.36564323  2.10872719  0.39394937 -1.20312344  0.1334545 ]
[-0.83262527  0.67123092 -0.04148683 -1.18539439 -0.1870865 ]
[-1.03566094  1.59613737 -0.29580402 -1.21438772 -0.4974566 ]
[-1.48233942  1.45459714 -0.60173993 -1.2509243  -0.80913516]
[-1.48233942  2.20166207 -0.78488677 -1.23075933 -0.95054332]
[ 0.66983869  0.33699761  1.14542704 -1.16951126  0.85757319]
[-1.58385725 -0.86609114 -1.17551578 -1.25992086 -1.40345706]
[-1.01535738  0.39710136 -0.69283007 -1.21406286 -0.8722884 ]
[-1.03566094  1.13029486 -0.04493555 -1.18760913 -0.18007674]
[-1.09657165  0.49278398 -0.07281379 -1.23265148 -0.29701474]
[-8.52928841e-01 -8.60354100e-01  1.54739032e-01 -1.18372241e+00  1.12502824e-03]
[-1.42142872  1.00876664  0.06515937 -1.20333951 -0.08197407]
[-0.40625037  0.46636354  0.47490572 -1.17501128  0.30492785]
[-1.15748235  1.4992473   0.25363132 -1.17085113  0.17010896]
[-0.4468575   0.06268475  0.81184547 -1.16431291  0.63691245]
[-1.03566094 -0.60799699  0.02159585 -1.18485926 -0.09870447]
[-0.6905003   0.24619937  0.38757127 -1.17886035  0.21305197]
[-1.17778591 -0.30951127 -0.49766194 -1.23844481 -0.70432378]
[-0.97475024 -0.28874966  0.44067098 -1.17496163  0.29041374]
[ 0.62923155 -0.1568061   1.3327211  -1.16259378  1.02589048]
[-0.22351826 -0.16395297  0.99593224 -1.16341921  0.78838936]
[-0.83262527  0.4902739  -0.44478056 -1.26900495 -0.75819702]
[-0.85292884  2.30972588 -0.14544175 -1.19793596 -0.27197996]
[ 0.38558875  0.72201913  1.12433168 -1.16537369  0.84347694]
[-1.50264299 -0.1825311  -1.17488268 -1.24648495 -1.37194684]
[-0.28442896 -0.37524417  1.49144068 -1.15130896  1.23012402]
[-0.93414311  1.07299561 -0.69140376 -1.2129197  -0.81826084]
[-1.92901789 -0.19297893 -1.03748439 -1.200923   -1.06955564]
[-0.54837534 -0.0235392   0.16283252 -1.18579722 -0.01707946]
[ 0.02012454  2.24468747  0.56037466 -1.16997865  0.41393255]
[-1.40112515  0.6483596  -0.17794285 -1.19986539 -0.32540723]
[-0.42655393  0.68598597  0.41066289 -1.20391486  0.14156167]
[-0.58898247  0.61496905  0.67832886 -1.16634955  0.52150993]
[-0.6905003   0.15192068  0.05934732 -1.18244666 -0.07355731]
[-1.31991088 -1.15814003 -0.36351802 -1.19949136 -0.47178143]
[-1.19808948  1.15155047 -0.1598115  -1.18207653 -0.232492  ]
[-0.97475024  0.0701282  -1.17501499 -1.21081251 -1.25845629]
[-0.48746463  0.70009419  0.59963181 -1.17415809  0.41878989]
[-0.89353598  0.96096976  0.11890025 -1.19753939 -0.05873187]
[-0.81232171  0.48064583  0.4435642  -1.17473347  0.29075588]
[-0.42655393  0.87402097  0.21174332 -1.18618602  0.03327493]
[-0.54837534  0.64592404  0.30992298 -1.17217314  0.19523485]
[-1.88841076 -0.54111509 -1.4440319  -1.21839079 -1.52456038]
[-0.4468575   0.06268475  0.88790019 -1.16272761  0.70081113]
[-1.54325012  1.03997611 -0.71080239 -1.25765977 -0.971812  ]
[-1.05596451  0.39776643  0.12927323 -1.17618037  0.02880151]
[ 0.54801729  0.44846656  1.38904724 -1.15865294  1.07872124]
[-0.87323241 -0.08627716 -0.18298791 -1.20733111 -0.31783876]
[-1.21839305  0.83049176 -0.1874147  -1.18318859 -0.26186206]
[-1.96962503 -0.71761792 -1.53579841 -1.305144   -1.83792915]
[-0.40625037  0.2977224   0.84163497 -1.16706142  0.6355116 ]
[-1.27930375  1.17505587 -0.26765127 -1.21469185 -0.4336609 ]
[-1.78689293 -0.27482605 -1.08957068 -1.2188687  -1.2070776 ]
[ 0.56832085  0.36742108  1.91225844 -1.15618588  1.48772257]
[-0.73110744  0.78030513  0.08463008 -1.18403359 -0.05397755]
[-1.31991088  0.72609439 -0.47770692 -1.20961401 -0.62928865]
[-1.42142872 -0.32449792 -1.16871631 -1.25691158 -1.41988753]
[-1.80719649 -0.55291738 -0.69590432 -1.19970732 -0.76191814]
[-1.19808948 -0.59259369 -0.20142363 -1.18704661 -0.28296056]
[-0.4468575   1.27446956  0.23251672 -1.21013102 -0.01561354]
[-0.42655393  0.82184294  0.73358927 -1.17372499  0.51502897]
[-1.27930375 -0.0873743  -0.46676522 -1.23447953 -0.70012044]
[-0.73110744  0.31006723  0.31785014 -1.18537156  0.13557877]
[-0.3859468   0.88559083  0.47298512 -1.16987266  0.34506442]
[-0.73110744  0.52925768  0.11085038 -1.18452545 -0.02984282]
[-1.25900018  0.32370342 -0.07765141 -1.21468833 -0.25706242]
[-0.30473253  0.56387531  0.67518336 -1.20645842  0.35569395]
[-0.75141101  0.26894561 -0.03476875 -1.18707893 -0.1572855 ]
[-0.67019674  1.12415625  0.62839915 -1.16645967  0.48497854]
[-1.56355369  0.06493222 -0.6356094  -1.20418156 -0.75365599]
[-0.36564323  1.52695922  0.76406976 -1.1676469   0.57834624]
[-0.06108973  1.05431791  1.16995272 -1.15709687  0.94661507]
[ 0.22316021  0.22055464  0.53771059 -1.18775826  0.26596426]
[-0.08139329  0.0856585   1.47935769 -1.15115166  1.21422877]
[-0.5077682   1.46266184 -0.3286504  -1.20388759 -0.47121162]
[-0.91383954  0.18133866 -0.44818516 -1.20875438 -0.62622758]
[-1.07626808  0.63694221  0.65992493 -1.17441271  0.48011671]
[-0.48746463  0.75146949  0.72884688 -1.17096687  0.54693401]
[ 0.81196366  0.36627109  1.51327409 -1.16196017  1.14097729]
[-0.08139329  0.12509523 -0.32910886 -1.217355   -0.52986932]
[-1.01535738  0.92229883 -0.16819689 -1.17987842 -0.23120368]
[-0.08139329  0.77332165  0.77385329 -1.2024443   0.44205619]
[-0.3859468   1.23007017  0.28410049 -1.19472339  0.04475286]
[ 0.02012454  0.09778875  1.28998711 -1.16064583  1.00792591]
[-0.2032147   0.50523178  0.85775104 -1.16565391  0.65054803]
[-0.67019674 -0.2753597   0.46315718 -1.17069117  0.32488319]
[-0.52807177  0.42205805  0.65156496 -1.16604292  0.49533502]
[ 1.17742786  0.62458537 -0.06493999 -1.20234737 -0.31758416]
[-1.15748235 -1.89792564 -0.72746905 -1.21436372 -0.85673432]
[ 0.66983869  1.35371611  0.15583497 -1.19947479 -0.06861523]
[-1.34021445 -0.30825796 -1.54202007 -1.29561827 -1.86930377]
[-0.28442896  0.93075777  0.4982182  -1.16672893  0.37935903]
[-0.3859468  -1.04952504 -0.62289644 -1.23732847 -0.85489246]
[-1.79025228e-04 -1.05455241e+00  5.60060725e-01 -1.17621059e+00  3.50140354e-01]
[ 0.36528518  0.1210305   0.55104346 -1.19498753  0.29316432]
[-0.02048259  1.04707399 -0.93260307 -1.23615572 -1.16567271]
[-0.6905003  -0.35312139 -0.92749319 -1.23900688 -1.17091916]
[-0.83262527  0.54366896 -0.54713738 -1.2250361  -0.75864488]
[-0.4468575   0.1634525  -0.32679005 -1.20730059 -0.46711273]
[-0.52807177  1.45908315 -0.63244137 -1.22113202 -0.80156402]
[-0.91383954 -0.41457186 -0.38994287 -1.21426671 -0.56091293]
[-0.95444668  0.68341903 -0.98314948 -1.27344206 -1.27944656]
[ 1.78653487  0.87776608  1.39814585 -1.18506375  0.9591735 ]
[-0.10169686  0.09105315 -0.06281913 -1.20747192 -0.25892724]
[-1.11687521  0.03318161 -0.86704683 -1.22643578 -1.01117847]
[ 0.71044582  1.0217932   0.37587941 -1.19458673  0.07374259]
[ 0.26376735 -0.71039029  1.04942836 -1.16301539  0.81190116]
[-0.46716107  0.25917079 -0.25975658 -1.21600427 -0.46780425]
[-1.36051802  0.29339927 -1.30253189 -1.21593179 -1.38803151]
[ 0.48710658  0.80352675  0.24040422 -1.21227708 -0.05932353]
[-0.22351826  0.74835947 -0.41244319 -1.20909546 -0.57390886]
[ 0.69014225  0.93363871  0.33974418 -1.19932564  0.11340678]
[ 0.54801729  1.09048419  0.13722683 -1.21240438 -0.1558438 ]
[-1.54325012 -1.495747   -1.82590413 -1.24656033 -1.99060997]
[-0.81232171  0.86756043 -0.71947224 -1.22375768 -0.90567513]
[-0.34533967  0.29102488 -0.57749142 -1.23302358 -0.82601217]
[-0.3250361  -0.3817262  -0.31238821 -1.21292644 -0.50372008]
[-1.09657165 -0.6440954  -0.63344019 -1.22711092 -0.83327827]
[-1.11687521 -0.13251623 -0.22799715 -1.2413399  -0.50360853]
[-0.58898247  1.40637584 -0.72415281 -1.25563227 -1.01285483]
[-0.28442896  0.61776171 -0.35414511 -1.20128454 -0.50652555]
[-0.12200043  0.21765908  0.11966012 -1.20468492 -0.11138784]
[-1.09657165  1.15773606 -0.85252067 -1.19705041 -0.89354079]
[-1.88841076 -0.01381332 -1.92035585 -1.26704171 -2.1608125 ]
[-0.18291113 -0.57063256  0.11883861 -1.21057052 -0.14563106]
[ 0.34498161 -0.39821624 -0.15703457 -1.20852084 -0.37016676]
[ 0.12164238  0.34296453 -0.21563227 -1.21072193 -0.41063523]
[-1.17778591  1.42047035 -0.69200463 -1.21229986 -0.80689689]
[-1.05596451 -0.25715305 -0.31977592 -1.21085515 -0.48149067]
[-0.10169686  0.76759684  0.11158791 -1.21842063 -0.1708752 ]
[ 0.44649945  0.69637885  0.87222027 -1.1971711   0.52397276]
[-0.48746463  0.58279647 -0.44198474 -1.2134727  -0.64638694]
[ 0.32467805  0.96832071 -0.08597718 -1.2193991  -0.34551168]
[-0.81232171  0.05076754 -0.48620534 -1.20044246 -0.61964292]
[-0.42655393  0.77034401 -0.22998843 -1.20723637 -0.40387657]
[ 0.18255308  0.87402097  0.31420616 -1.20237334  0.05705533]
[ 0.52771372  1.42720476  0.29935754 -1.22430351 -0.03343001]
[-0.3250361   0.40292252 -0.13715856 -1.20685676 -0.3281614 ]
[-0.12200043  0.76182595 -0.09047458 -1.21282912 -0.33368561]
[-1.72598222 -0.75095641 -1.23369522 -1.24565728 -1.41443832]
[ 0.22316021  0.23324975  0.1231568  -1.20805681 -0.11988415]
[-0.91383954  0.53017148 -0.77388786 -1.2238197  -0.94786536]
[-1.34021445 -0.30825796 -1.05691157 -1.23682358 -1.25192962]
[-0.79201814 -0.15111962 -0.96055158 -1.21993212 -1.08404466]
[ 0.16224951  1.45741973 -0.08154746 -1.20609201 -0.26870398]
[-0.42655393  1.59992546  0.42625855 -1.17254631  0.28631659]
[-1.34021445  0.07538854 -0.56128164 -1.23223404 -0.72582147]
[-0.04078616  0.60181603  0.31524685 -1.18426127  0.12114982]
[-0.71080387 -0.0536613  -0.51551985 -1.24420438 -0.7625143 ]
[-1.13717878 -0.99773533 -1.31769556 -1.26394517 -1.55652934]
[-1.17778591  0.88845185 -0.81245276 -1.22904898 -0.98172066]
[-0.52807177  0.91616831 -0.54606801 -1.21747976 -0.71470682]
[ 1.31955283  0.93112381  1.10370564 -1.18968247  0.73369009]
[ 0.36528518  0.36846982  0.80439299 -1.18325072  0.56379253]
[-0.2641254   0.51534374 -0.4255058  -1.21284683 -0.5953271 ]
[-0.34533967 -0.87534141 -1.10992348 -1.26429731 -1.40080888]
[ 0.97439219  0.56334053  0.34991913 -1.19697782  0.09434798]
[-0.4468575   0.00635002 -0.36046989 -1.24260588 -0.6389293 ]
[-0.95444668 -0.65494275 -0.96142708 -1.22380935 -1.11745307]
[-0.08139329  0.98284401  0.11070742 -1.20109743 -0.08732278]
[ 0.42619588  0.80264242  0.57094332 -1.171234    0.3865204 ]
[ 0.30437448  1.7427244  -0.19040628 -1.23042624 -0.48696444]
[-0.67019674 -0.13596366 -2.02131589 -1.27765597 -2.34621975]
[-1.29960732  0.6697685  -1.54303057 -1.25257713 -1.76943861]
[-0.36564323  0.19574097  0.02390665 -1.21075524 -0.2017999 ]
[ 0.04042811  0.27537553  0.63047469 -1.17818247  0.41820082]
[-1.60416082 -1.45816272 -0.85786485 -1.2250001  -0.96881831]
[-0.5686789  -0.73845948 -0.35862006 -1.21572085 -0.55961767]
[ 0.54801729  0.27625761  0.66898986 -1.19214084  0.37786518]
[ 0.73074939  0.49961327  0.33862208 -1.19498367  0.10557761]
[-0.79201814  2.20166207 -0.99690902 -1.22803686 -1.12861686]
[ 0.54801729  0.80438945  0.7542833  -1.17093222  0.53494557]
[-0.85292884  0.46456157 -0.46307478 -1.22648769 -0.67791914]
[-0.73110744  1.31434415 -1.09089488 -1.24551033 -1.3446007 ]
[-1.27930375  0.85177    -0.55717452 -1.21601976 -0.71152874]
[ 0.60892799 -0.30785537  0.82063611 -1.19696142  0.48944292]
[-1.07626808  1.05246736 -1.08288347 -1.23192372 -1.26204025]
[ 1.4007671   1.10831058  1.09317009 -1.18666821  0.74431232]
[-0.60928604  1.31979827 -0.96094408 -1.26647215 -1.27205952]
[-1.79025228e-04 -4.00514479e-01  1.67908819e-01 -1.20797414e+00 -8.32574332e-02]
[ 0.69014225  0.89227033  0.374206   -1.21037132  0.06852315]
[-0.14230399 -0.25260404 -0.0468097  -1.19936079 -0.20474754]
[ 0.56832085 -0.11456101  0.6655673  -1.18700467  0.43603921]
[-0.89353598  0.68666529 -0.4227624  -1.22740043 -0.61489326]
[-0.97475024 -0.53171666  0.31001281 -1.17058201  0.21448171]
[-0.04078616  0.94375566  0.87063341 -1.16249581  0.69233575]
[ 0.54801729  0.34908874  1.34917865 -1.16897626  1.01117896]
[-0.5077682   0.41369721 -0.1437541  -1.20592569 -0.34110639]
[-0.6905003   1.55991228 -0.07380147 -1.1956272  -0.26717957]
[ 0.91348149  1.06145266  1.71913348 -1.15284558  1.36224454]
[ 0.54801729  1.43012724  1.15607655 -1.16904717  0.86350189]
[-0.10169686 -0.03813532  0.58656563 -1.17340442  0.39331786]
[-1.72598222 -0.59877555 -1.15400564 -1.22333704 -1.25717436]
[-0.3250361   0.07078532 -0.17844429 -1.19797064 -0.34139884]
[-0.36564323  0.21020042 -0.61361709 -1.21302176 -0.76171704]
[-0.60928604  1.10053794 -0.17495561 -1.21517908 -0.37338069]
[ 0.81196366  2.54029117  0.18434504 -1.20817625 -0.0739326 ]
[-0.14230399 -0.96457348  1.03697711 -1.17463951  0.74295074]
[-0.40625037  0.34296453  0.52822853 -1.19483496  0.24432914]
[-0.36564323  0.72180734 -0.53951714 -1.22678601 -0.76094052]
[-0.3250361  -0.3817262  -0.31238821 -1.21292644 -0.50372008]
[-1.38082158  0.99897543 -1.6212659  -1.28252482 -1.88574366]
[ 0.95408863  0.81816552  1.26061943 -1.18705965  0.88033595]
[ 2.21290978  1.88405402  1.0415226  -1.18855958  0.68360998]
[ 1.07591003  0.97252338  0.08224973 -1.19886529 -0.16211502]
[-0.46716107  1.36875515 -0.47097039 -1.21524968 -0.66011836]
[-0.40625037  0.62649467  0.02931334 -1.21843267 -0.23355809]
[-0.87323241 -0.96697468 -1.37380601 -1.27093938 -1.70078203]
[ 1.76623131  0.77389162  0.64756596 -1.20962796  0.27335388]
[-0.08139329  1.53057871  0.81501337 -1.16855419  0.61445978]
[ 0.10133881  1.02620118 -0.31903043 -1.22227741 -0.53968379]
[ 0.60892799  0.4162137   0.21692411 -1.20215241 -0.02593813]
[-0.18291113 -1.04229117 -0.52407624 -1.21062966 -0.64452684]
[-1.05596451 -0.11639321 -1.84623502 -1.26011935 -2.0674832 ]
[-0.40625037  1.77203612 -0.98643195 -1.23394165 -1.17253243]
[ 0.42619588  0.32418981  0.98374497 -1.17306635  0.69536061]
[-0.10169686  0.13073756  0.08293283 -1.21474656 -0.1991087 ]
[ 1.01499933  0.25458664  0.58380552 -1.19608202  0.29454488]
[-0.71080387 -0.63454626 -0.5320198  -1.20661083 -0.64512276]
[ 0.18255308  0.63843216 -0.39035119 -1.21390072 -0.59105134]
[-0.60928604  0.78329379 -1.23489746 -1.27413557 -1.58849253]
[-1.27930375 -0.32085601 -1.25200853 -1.23562488 -1.40848073]
[-0.99505381  0.61046939 -0.45117126 -1.22162094 -0.63142366]
[ 0.46680302  1.21151478 -0.06710882 -1.20945068 -0.28928117]
[ 0.44649945  1.17677277 -0.00763969 -1.20508046 -0.20793954]
[ 0.83226722  1.453528    0.05923061 -1.20406793 -0.18152384]
[-0.46716107  2.01296181 -1.78946669 -1.26323906 -2.03557694]
[-0.64989317  0.2158741  -0.95023712 -1.26211646 -1.23187788]
[ 0.56832085  1.54669246 -0.55423544 -1.21519227 -0.72105732]
[ 0.60892799  0.57997966  0.9916743  -1.16704933  0.72481381]
[-1.38082158 -0.0742941  -1.39335624 -1.23418815 -1.54661889]
[ 0.77135652  0.7635683  -0.79523918 -1.22958807 -1.03406751]
[-1.01535738  0.2896048  -0.97114133 -1.23772809 -1.16730877]
[-1.56355369  0.1858915  -1.9453453  -1.29223391 -2.35060841]
[-1.11687521  0.11902507 -1.50930457 -1.26313146 -1.78285657]
[-0.95444668 -0.52027993 -0.73525975 -1.23796887 -0.98972634]
[-0.97475024  0.91487147 -0.51896345 -1.2108016  -0.65166176]
[ 0.87287436  0.52530511  0.21456827 -1.20392608 -0.05045786]
[-0.6295896   0.99897543 -1.29895997 -1.25835508 -1.58728252]
[-1.66507152 -0.07589688 -2.359036   -1.26443344 -2.55513763]
[-0.2641254   1.42545655 -0.03496715 -1.20794168 -0.2457443 ]
[ 0.69014225  0.93363871  0.04306954 -1.20934184 -0.21243781]
[-1.46203585  0.80352675 -1.55296162 -1.2402168  -1.70494117]
[-1.19808948  0.52737839 -0.4098508  -1.20435183 -0.492849  ]
[-0.5077682   1.2222547   0.15482144 -1.17619934  0.04497208]
[ 0.38558875  1.59195015  0.41951422 -1.19671815  0.17669463]
[-0.18291113  0.43753623  0.47540277 -1.18021972  0.28061373]
[-0.08139329 -0.67417288  0.40485618 -1.17702859  0.21910852]
[ 0.79166009  0.69089806  1.26820785 -1.16282897  0.97210285]
[-0.6905003  -1.46315753 -0.14372284 -1.24162551 -0.42892067]
[ 0.42619588 -0.39712476  0.25330864 -1.20340562  0.00468793]
[-1.66507152 -0.52017733 -0.66259515 -1.18903025 -0.68320899]
[-0.5686789   0.14285631  0.28355169 -1.17434514  0.1507346 ]
[-1.42142872 -0.11573717 -0.52506038 -1.19918509 -0.62953047]
[ 1.2789457   0.41290105  1.6473091  -1.15965028  1.25914828]
[-0.83262527 -0.84859972  0.59271334 -1.16813209  0.44562413]
[-0.77171457  0.41040027 -0.35559223 -1.27232227 -0.70279917]
[-0.14230399 -0.63887237  0.37427966 -1.1757308   0.21335436]
[ 0.12164238  0.41055354  0.89544715 -1.1931165   0.60712938]
[-1.96962503 -1.20924564 -1.24991483 -1.25093858 -1.4161723 ]
[-0.46716107  0.3816874   0.39576632 -1.20770378  0.16026672]
[-0.46716107  0.28942181  0.83714798 -1.16679731  0.63225912]
[-0.36564323  0.37312595  0.78365706 -1.16865153  0.56974753]
[-0.77171457  0.11619534  0.37009978 -1.17930337  0.2020847 ]
[-1.13717878  1.60383537 -0.3964973  -1.21044317 -0.53481402]
[-0.89353598  0.9813051   0.05486735 -1.18128946 -0.06968845]
[-0.12200043  0.63741167  1.07927783 -1.15949606  0.86793515]
[-0.4468575   1.1033408   0.05401378 -1.21470446 -0.15962425]
[-1.19808948  1.0822784   0.123574   -1.1735008   0.04649664]
[-1.46203585  0.87402097 -0.81693028 -1.26661621 -1.0856825 ]
[-0.52807177  1.47983778  0.644776   -1.17597584  0.42493819]
[-0.60928604  0.9294677  -0.68998078 -1.21287366 -0.82331733]
[-1.54325012 -0.58638423 -1.0612149  -1.23622356 -1.21697354]
[ 0.10133881 -0.08206186  0.94722744 -1.16221851  0.72727028]
[-1.48233942 -0.24147129 -0.42887935 -1.21402566 -0.56318154]
[-1.78689293  0.41332532 -0.64656026 -1.19285975 -0.67484896]
[-1.40112515  0.67034876 -0.36811195 -1.19470485 -0.47425519]
[-0.60928604  0.34296453  0.43496058 -1.17479422  0.2783714 ]
[-0.5077682   1.26137979  0.38871997 -1.17210774  0.26472266]
[-1.46203585 -0.46676508 -0.61303354 -1.19650221 -0.6837464 ]
[ 0.64953512  1.39725337  0.23237948 -1.18573257  0.01773402]
[-1.07626808 -0.6593904   0.30463718 -1.20219588  0.1088332 ]
[-0.85292884 -1.00117831  0.50723986 -1.16428706  0.40837375]
[-0.95444668 -1.52232412 -0.59280805 -1.21638197 -0.74719593]
[-1.19808948 -0.63573018 -1.21466991 -1.248807   -1.43951938]
[-0.87323241  0.10179125 -0.66432157 -1.2205263  -0.80514073]
[-1.05596451  0.66457123 -0.4969545  -1.19047117 -0.56488535]
[-0.60928604  0.59079087 -0.44178355 -1.21056342 -0.58051352]
[-0.10169686 -0.56628185 -0.49478489 -1.25151192 -0.80802456]
[-0.46716107  0.65609284 -0.09640547 -1.20541684 -0.28468866]
[ 0.69014225  0.05701107  0.83772796 -1.18786695  0.54310818]
[-1.40112515 -0.95185847 -1.83672139 -1.28688481 -2.1905991 ]
[ 0.66983869  1.12870168  0.93765141 -1.17023663  0.66318357]
[-0.85292884  1.07517871 -0.40934913 -1.22883815 -0.60660083]
[-0.24382183  1.89334731  0.43488671 -1.17353784  0.28826381]
[-0.42655393  1.62081909  0.22049374 -1.2012307  -0.00799765]
[ 0.48710658  0.81752561 -0.16772142 -1.21133182 -0.39874468]
[-0.75141101 -0.17484309  0.32035428 -1.19374345  0.13350813]
[-0.60928604  0.47311403 -0.18399165 -1.18855201 -0.28889636]
[-1.11687521  1.58209622 -0.42447127 -1.24639473 -0.68386946]
[ 0.14194594 -0.11388705 -0.18042524 -1.22238177 -0.42928172]
[ 0.77135652  0.92361028  0.83590387 -1.18791508  0.55783808]
[-0.36564323  1.4867784  -0.63820029 -1.20854138 -0.75691264]
[-0.99505381  0.46054637  0.56322457 -1.17060742  0.41066251]
[ 0.44649945  0.82177034  0.35997653 -1.19240164  0.11637179]
[ 0.34498161  0.97291416  0.10762755 -1.19508909 -0.11707032]
[-1.17778591  1.08851452 -0.99663408 -1.22497572 -1.17292838]
[-0.97475024  1.23513935 -1.04452374 -1.27328598 -1.34671829]
[ 0.60892799  1.85611164  1.09139144 -1.19295415  0.75598337]
[ 1.0962136   0.03670187  1.23878365 -1.18403681  0.87261916]
[ 1.03530289 -0.15095509  1.64219692 -1.15764904  1.2652328 ]
[ 0.77135652  0.02897641  1.57455731 -1.15724271  1.2364251 ]
[ 0.06073168  1.42396435  0.05251591 -1.19990533 -0.13005926]
[-0.87323241  1.17436137 -0.40380736 -1.22095942 -0.58626546]
[-0.36564323  2.54226109 -0.29008539 -1.21154767 -0.47050792]
[-1.15748235  0.56446735 -0.8335039  -1.24358956 -1.06477616]
[-0.10169686  0.36416641  0.4719602  -1.19678775  0.22654577]
[-0.6295896   0.58359948  0.41105323 -1.19476529  0.1865284 ]
[-1.34021445  0.78401141 -0.54352538 -1.23180065 -0.75793933]
[ 0.44649945  0.06626523  0.14586125 -1.21027578 -0.12881358]
[ 0.69014225  1.48150251  0.76932519 -1.19158814  0.45978502]
[-1.15748235 -0.21896728 -0.46806928 -1.21473059 -0.63794898]
[-0.60928604  0.29530562 -1.04745679 -1.25558336 -1.30480515]
[-0.4468575   0.8157911  -0.58451378 -1.21617599 -0.76186616]
[-0.87323241  0.86744849 -0.6472061  -1.24586943 -0.90579782]
[-0.87323241  0.23288222 -0.4591054  -1.21524083 -0.61102619]
[ 0.34498161 -0.01541179  0.70491914 -1.16822267  0.51801335]
[-0.91383954 -0.30043077 -0.39347414 -1.22736903 -0.60316417]
[ 1.0962136   0.76182595  1.89343432 -1.15315186  1.487752  ]
[-0.3859468   0.4735342   0.45474136 -1.18626437  0.22144089]
[-0.12200043  1.94350963 -0.46550454 -1.23510319 -0.71918111]
[-1.48233942  1.39998741 -0.6840456  -1.25354612 -0.91242274]
[ 0.06073168  0.01209691  1.36671557 -1.18288961  1.03508417]
[-0.5686789   1.64405281  0.33029935 -1.18020137  0.17058577]
[ 0.18255308  1.37390203 -0.07448339 -1.18583336 -0.22509166]
[ 0.75105296  0.3962393   1.21053602 -1.16710373  0.89116258]
[-1.01535738  0.45203236  0.22838237 -1.18407002  0.07562099]
[-1.23869662  0.22030937  0.18648979 -1.21963301 -0.01788269]
[-0.77171457  1.24188122  0.53164124 -1.17283726  0.35905212]
[-1.19808948  0.64863893  0.37145448 -1.17685134  0.22976718]
[-0.58898247 -1.79340428  0.22004223 -1.20997698 -0.00963211]
[ 0.48710658  0.73426928  1.01493791 -1.1830835   0.70878036]
[ 0.18255308  0.96611168  0.75018794 -1.17699365  0.49712384]
[-1.34021445  1.73110573 -0.37967303 -1.19774435 -0.50160162]
[-1.05596451  0.90886719 -0.66104864 -1.2184802  -0.83189526]
[-0.2032147   0.65901837  0.15603573 -1.1884809  -0.03100479]
[-0.83262527 -0.06651095  0.34431938 -1.18424149  0.17557854]
[-1.05596451 -0.95849772  0.04654127 -1.17929546 -0.05160593]
[-0.42655393  1.07137303  0.40148305 -1.17364484  0.24922651]
[ 0.40589232  0.12285562  1.24766007 -1.16823399  0.93207754]
[ 1.31955283  0.70360734  1.54405217 -1.15455373  1.20250494]
[-1.92901789 -0.72065275 -1.28397119 -1.26019997 -1.52387872]
[-0.30473253  0.59538025  0.53668351 -1.17310352  0.37190088]
[-0.91383954  0.73667879  0.48313656 -1.16438819  0.38135323]
[-0.77171457  0.72964393  0.74070258 -1.15939026  0.62199184]
[ 0.69014225  0.43936376 -0.14592112 -1.219006   -0.4102734 ]
[ 1.86774914  1.52984368  1.74002114 -1.18843427  1.25789014]
[ 0.77135652  0.84278236  0.65054214 -1.20595812  0.34094364]
[ 0.81196366  1.35980084  1.19038049 -1.1636309   0.89293097]
[ 0.97439219  1.11379562  1.11774301 -1.17211394  0.8022199 ]
[-0.54837534 -0.81872142  0.69313642 -1.17554631  0.47809169]
[-0.04078616  1.1263825   0.97003207 -1.16422241  0.7519443 ]
[-0.77171457 -0.32601454  0.08440786 -1.21811472 -0.1764426 ]
[-1.44173229  0.69751377 -1.87221944 -1.24350429 -2.01780594]
[-1.19808948 -0.51940414 -1.10713745 -1.23168516 -1.26105125]
[ 1.29924927  1.34310648  1.56801442 -1.1667481   1.17178534]
[-1.36051802 -0.27049721 -1.23721137 -1.25457777 -1.45691399]
[-1.88841076 -0.75886724 -1.34451946 -1.2379308  -1.47163943]
[-0.71080387 -0.02408918  0.87390272 -1.17221162  0.66307741]
[-0.28442896  0.61776171 -0.35414511 -1.20128454 -0.50652555]
[ 0.46680302 -0.75475412  0.44969192 -1.18516294  0.20655482]
[-1.09657165  1.15773606 -0.85252067 -1.19705041 -0.89354079]
[-1.05596451  0.66457123 -0.4969545  -1.19047117 -0.56488535]
[-0.40625037  0.48207703 -0.18270641 -1.20451817 -0.32356504]
[-0.18291113 -0.57063256  0.11883861 -1.21057052 -0.14563106]
[ 0.30437448 -0.4659131   0.09839247 -1.2383627  -0.23092702]
[ 0.73074939  0.63741167  1.01193655 -1.19585208  0.63568294]
[ 0.24346378  0.94959826 -0.56872221 -1.22947251 -0.82094498]
[ 1.94896341  0.77674469  0.79565773 -1.20865401  0.37121597]
[ 0.62923155  1.13574233  0.3467643  -1.22416477  0.00188501]
[ 0.99469576  1.45947382  0.4276299  -1.20164527  0.14780431]
[-1.21839305  0.1752625  -0.9464042  -1.22828657 -1.09658822]
[ 0.24346378  0.24006086 -0.8944708  -1.24408078 -1.15116121]
[-1.70567866 -0.80084933 -1.36764297 -1.2332009  -1.50037413]
[-0.73110744 -1.58910264 -0.39016652 -1.24361222 -0.6578741 ]
[-0.12200043  0.01794639 -0.26204197 -1.21882707 -0.50431847]
[-0.83262527 -1.18852127 -0.37599906 -1.21633868 -0.57333869]
[-1.25900018 -0.48121543 -1.10057315 -1.23244745 -1.2735455 ]
[-0.28442896  1.23316113  0.30868426 -1.20275671  0.08212076]
[ 0.95408863  0.70462498  0.51607809 -1.17735023  0.29036949]
[-0.18291113 -0.04511517 -0.28901957 -1.22047015 -0.51614652]
[-1.27930375  0.87402097 -0.15771943 -1.19362001 -0.27834773]
[ 1.1571243  -0.07350711  0.87293966 -1.19998075  0.50361261]
[-0.64989317 -0.42515218 -0.1708688  -1.19726243 -0.27030297]
[-0.2032147   0.70637586 -0.31001729 -1.21453014 -0.51049622]
[-0.81232171  1.33937971 -0.44260308 -1.20867684 -0.57653347]
[-0.89353598  0.19054287 -0.85966963 -1.22904192 -1.05684919]
[-0.52807177 -0.96070526 -0.11111662 -1.22138668 -0.33550338]
[ 1.29924927  0.43979972  1.09787588 -1.20110332  0.6817774 ]
[-0.67019674  0.58631545 -0.45424392 -1.2333807  -0.67575935]
[-0.5686789  -0.56032772 -0.65447084 -1.23160373 -0.87463999]
[-1.36051802 -0.08053617 -0.94511808 -1.24297662 -1.12622554]
[-0.64989317  0.47455374 -0.3750076  -1.20706498 -0.52357632]
[-0.97475024  0.91487147 -0.99618591 -1.21894651 -1.10215628]
[-1.64476796 -0.2732341  -1.78840941 -1.2600384  -2.04634162]
[-1.05596451  2.55457932 -1.70531987 -1.26862135 -1.98089977]
[ 0.20285665  0.64418992 -0.50534857 -1.22443341 -0.7323622 ]
[-0.30473253  0.95985984 -0.89381946 -1.24533472 -1.15824626]
[-1.44173229  0.78861716 -2.17107515 -1.27610352 -2.46669634]
[-1.58385725 -0.04511517 -1.86523388 -1.29841947 -2.19514601]
[-0.83262527  1.42315001 -1.01555565 -1.24951299 -1.25967921]
[-1.76658936 -0.12170985 -2.16334386 -1.28106992 -2.47481773]
[-1.31991088  1.87505387 -1.79394661 -1.2617748  -2.02221156]
[-1.15748235  0.13391787 -1.7899875  -1.25609993 -2.01774623]
[-1.11687521 -0.71122213 -1.71229873 -1.32735505 -2.07413664]
[-0.10169686  1.23482365 -0.72065129 -1.2310526  -0.95959927]
[-0.85292884  1.94206744 -1.075422   -1.21870906 -1.1855478 ]
[-0.83262527  0.67123092 -1.14248558 -1.22368422 -1.25448391]
[-0.24382183 -0.03085173 -1.44269424 -1.24793734 -1.66328387]
[-0.58898247 -0.43327313 -1.83860062 -1.27533096 -2.16163131]
[-0.28442896  1.21474302 -0.88816157 -1.22361819 -1.01631778]
[-1.19808948  0.96937641 -0.80684061 -1.21304782 -0.92002719]
[-1.74628579  0.32015843 -1.73257321 -1.23991966 -1.85822435]
[-1.50264299  0.06088578 -1.37110921 -1.23756498 -1.5164583 ]
[-1.03566094  0.4249659  -1.26179608 -1.23583288 -1.44036055]
[-1.44173229  0.69751377 -1.51334076 -1.25336114 -1.73137827]
[-1.56355369  1.43487266 -2.4286169  -1.28782831 -2.74303351]
[-0.97475024  1.77923081 -2.02577402 -1.34874978 -2.46021503]
[-1.78689293 -1.23189249 -1.91723513 -1.26812749 -2.16040617]
[-0.12200043  1.77923081  0.14360494 -1.20478045 -0.08476149]
[-0.36564323  0.73843209 -1.04987401 -1.22421537 -1.20892112]
[ 0.36528518  1.00752678 -0.90423448 -1.22473523 -1.08765058]
[ 0.60892799  1.4867784  -0.00899656 -1.19394353 -0.14997997]
[-0.71080387  0.67778765 -1.23403108 -1.24015057 -1.44274232]
[-1.72598222 -0.21359461 -2.58270591 -1.36370828 -3.09309614]
[-0.02048259  1.37469918 -0.23223321 -1.220912   -0.48097241]
[ 0.81196366  1.63893713  0.4172297  -1.17957828  0.2428432 ]
[ 0.79166009  0.95516712  0.77677501 -1.18173724  0.49871283]
[-1.34021445  0.05701107 -0.94982671 -1.2371734  -1.13633214]
[-1.46203585  0.36367426 -1.23907664 -1.25207145 -1.44558317]
[ 0.79166009  1.0240626   1.50144021 -1.15856929  1.16761802]
[-0.52807177 -0.02877497 -0.55597745 -1.21895925 -0.73802988]
[-0.04078616  1.04235174 -0.11391526 -1.20838593 -0.29798082]
[-0.4468575   0.8157911  -1.08449486 -1.23967595 -1.30160296]
[ 1.44137424  0.43209813  0.68662993 -1.19702926  0.35345207]
[ 0.22316021 -0.15228053  0.50647881 -1.20262527  0.21032736]
[ 0.48710658 -0.13258366  0.79810399 -1.17348529  0.53736242]
[-1.40112515 -0.75241638 -0.99693367 -1.2332207  -1.17146095]
[-1.38082158  0.28316729 -1.83956103 -1.2507972  -2.00771498]
[ 0.10133881  0.51506616  0.64023136 -1.17159408  0.4465726 ]
[-1.50264299  0.38508799  0.03013603 -1.17376635 -0.01813245]
[-0.83262527  1.53608072 -0.13672834 -1.21541362 -0.36421572]
[-0.6295896  -0.37582865 -0.1846583  -1.19891365 -0.3627983 ]
[-0.10169686  1.2881996   0.60398338 -1.17565131  0.38041324]
[-2.37569637 -1.71138537 -2.23711372 -1.35095192 -2.61813446]
[-0.93414311  0.98946802  0.2900958  -1.16732085  0.21639359]
[-1.29960732 -0.6267907  -0.59743364 -1.22202254 -0.74362179]
[-1.56355369  0.62038208 -0.5762163  -1.19374187 -0.64483738]
[-0.64989317  0.80656577  0.79174406 -1.15892532  0.66831178]
[-0.06108973  0.64064656  0.94627697 -1.15854436  0.76467773]
[ 0.02012454  0.41911229  1.33034794 -1.17640221  0.99957718]
[-1.80719649 -0.62457665 -1.29953765 -1.24885839 -1.49116636]
[-2.15235713  0.15841301 -2.08215235 -1.53342556 -2.77801655]
[-0.91383954 -0.31491135  0.17552829 -1.17953424  0.0541127 ]
[ 0.26376735  0.31063936  1.08159299 -1.16352663  0.84324861]
[-0.36564323  1.03228282  0.47484639 -1.17123571  0.32102671]
[-0.99505381  0.38775243  0.57920799 -1.1712649   0.4217347 ]
[ 0.54801729  0.98802235  1.47399912 -1.16609965  1.10738072]
[-0.2641254   0.78532679  0.39952752 -1.17479958  0.23524139]
[-1.21839305  0.08532329 -0.07688987 -1.22483873 -0.30861998]
[-0.95444668  0.42300414  0.92769647 -1.15839217  0.774193  ]
[-1.01535738  2.06377649 -0.39470507 -1.24332776 -0.65704831]
[-0.83262527  1.18481736  0.18135193 -1.17828589  0.0539117 ]
[-1.01535738  0.36092296  0.31340558 -1.17815739  0.19399478]
[-1.52294655  0.63904025 -1.80980389 -1.31023352 -2.191422  ]
[-0.97475024  1.93306416  0.30745929 -1.17022493  0.22625927]
[-0.73110744  0.72512664 -0.54464533 -1.20062229 -0.67811211]
[-1.42142872 -0.20426621 -0.79266693 -1.25543154 -1.05025626]
[-0.5686789   1.41024584 -0.13232074 -1.19182475 -0.28239877]
[-0.02048259  0.8846209   0.22082938 -1.19455126  0.0272033 ]
[-0.73110744  0.05701107 -0.05575044 -1.32344589 -0.46117247]
[-1.74628579 -0.28532759 -0.87908617 -1.20313353 -0.94143459]
[-1.25900018 -0.74505353 -0.90990422 -1.24201115 -1.10680159]
[ 1.0962136   0.76182595  1.89343432 -1.15315186  1.487752  ]
[-0.91383954  0.43986346  0.19552809 -1.1830803   0.04278985]
[-0.75141101  2.0234308  -0.05707468 -1.1998946  -0.2398497 ]
[-0.12200043  0.98946802  0.71462491 -1.17200603  0.49414345]
[-0.83262527  1.16381065  0.11280693 -1.17769789  0.00774186]
[-0.5077682   0.33518756  0.32534905 -1.204819    0.10277434]
[-2.65994631  1.73439174 -2.57533818 -1.29615045 -2.83648769]
[-0.54837534  0.49551422 -0.1310479  -1.20311344 -0.28069662]
[ 0.89317792  0.0888781   1.11629156 -1.19258204  0.73093321]
[ 0.34498161 -0.04993088  1.3543868  -1.15738371  1.08276912]
[-1.03566094 -0.05776383 -0.80719267 -1.23724337 -1.03154398]
[-0.10169686  0.14406332 -0.75914326 -1.22418886 -0.95293473]
[-0.54837534 -1.07652023 -0.15635041 -1.21447557 -0.38505201]
[ 0.69014225  1.1034898   0.31846975 -1.20069551  0.06711905]
[-0.71080387  1.21494609 -0.97414236 -1.22565614 -1.13461215]
[-0.24382183  0.66225    -0.59366417 -1.24589589 -0.85665183]
[-0.87323241 -0.4754743  -0.69339037 -1.20836117 -0.78954495]
[ 0.52771372  0.70375158  1.21619512 -1.16509353  0.91765895]
[-0.3859468  -0.78952932  0.36935015 -1.1786457   0.19250892]
[-1.29960732  0.6911503  -1.03865275 -1.26050265 -1.26925108]
