[-0.83262527 -1.02331686  0.23030798 -0.81524825  0.20416616]
[-1.05596451 -1.38346613 -1.57834365 -0.91933661 -1.72905283]
[-1.34021445 -2.46051945 -1.02799866 -0.85210128 -1.04075098]
[-0.16260756  0.02804709  0.55492266 -0.81346557  0.47883216]
[-1.03566094 -0.67581947  0.09050223 -0.81380135  0.11696287]
[ 0.12164238 -0.43648927 -0.41600362 -0.85292457 -0.50907483]
[ 0.30437448  0.07610646  0.47117572 -0.80832535  0.41943992]
[ 0.24346378 -0.2010445   0.26194135 -0.86377841  0.07320342]
[-0.99505381 -0.71805788 -0.48659021 -0.82299827 -0.39397245]
[-1.48233942 -2.22380825 -0.94581504 -0.8447641  -0.92599127]
[-0.28442896 -1.07488807 -0.03440304 -0.82929484 -0.09813415]
[-0.83262527  0.25065901  0.07467803 -0.81796504  0.08369075]
[-0.54837534 -1.46211672 -0.61130323 -0.84852947 -0.63030829]
[-1.25900018 -2.70165044 -0.39299881 -0.825163   -0.35202127]
[ 0.48710658 -0.2289424   1.05421132 -0.80264978  0.90053958]
[-0.97475024 -1.25516792 -0.30727571 -0.84526694 -0.33090761]
[-0.14230399 -1.02201647 -0.11527667 -0.81734408 -0.10400257]
[-1.80719649 -2.95776979 -1.52424562 -0.86764745 -1.51800406]
[-0.93414311 -1.84301197 -0.52137494 -0.84161887 -0.49876903]
[-0.22351826 -1.379187    0.49666608 -0.80747686  0.4465285 ]
[-0.5686789  -1.45577501  0.12106644 -0.8167415   0.09841129]
[-0.64989317 -1.68042772 -0.20610583 -0.83557679 -0.26199087]
[ 0.18255308 -1.03962668  0.58986199 -0.81433772  0.47672398]
[-0.24382183 -0.87585352 -0.51498655 -0.84227419 -0.5559741 ]
[-0.14230399 -1.84934538  0.32766586 -0.81413687  0.27677073]
[ 0.14194594 -0.61542638  0.74587164 -0.80756589  0.64049629]
[-0.2641254  -0.49539904  0.16372734 -0.81341083  0.15324198]
[-0.24382183 -0.82448185  0.42175652 -0.8119017   0.37419927]
[-0.77171457 -1.80671121 -0.59004722 -0.82962681 -0.56310807]
[ 0.22316021 -0.46820959  0.93334422 -0.80359767  0.80627579]
[ 0.42619588 -0.0995825   0.94813847 -0.81512306  0.7452768 ]
[-0.60928604 -1.30090866  0.70950119 -0.80428086  0.64888386]
[ 0.06073168 -0.79066833  1.25588572 -0.80104628  1.07606207]
[ 1.03530289  0.46178538  1.30750195 -0.80283607  1.07004118]
[-1.60416082 -1.26478756 -1.17117196 -0.89850649 -1.24887566]
[-0.22351826 -0.33592144 -0.12778718 -0.82248146 -0.13759359]
[-0.77171457 -1.25676103  0.19843929 -0.81128163  0.21134894]
[-0.34533967 -1.01824909 -0.82547481 -0.8709183  -0.93103393]
[ 0.38558875  0.33664243  0.73134146 -0.81922286  0.55598705]
[-0.06108973 -0.00948974 -0.02773283 -0.84693928 -0.13258718]
[-1.19808948 -1.02497502 -0.8431504  -0.86146567 -0.88327816]
[-0.36564323 -0.76842162 -0.45132337 -0.84291851 -0.48370313]
[-0.42655393 -0.92777766 -0.02821601 -0.81686091 -0.01573031]
[-0.5686789  -1.59756245  0.18235168 -0.81898217  0.14399891]
[-1.03566094 -1.26131052 -0.82269728 -0.86883507 -0.91319882]
[-1.19808948  0.3146595  -0.93471663 -0.85205619 -0.94364982]
[-0.2641254  -0.80323228  0.24637619 -0.8146866   0.20538118]
[-0.40625037 -0.89616715 -0.02758045 -0.83280025 -0.09636466]
[-0.54837534 -1.11744067 -0.29626951 -0.87266537 -0.42111431]
[ 0.83226722 -0.02547551  0.93798581 -0.80359204  0.78335424]
[-0.4468575  -0.65276629 -0.1896076  -0.84319974 -0.25843867]
[-0.52807177 -1.71659681  0.09285298 -0.81959335  0.0667605 ]
[-1.44173229 -2.62232075 -0.77136866 -0.8381881  -0.73354978]
[-0.87323241 -1.82906499 -0.1031799  -0.83541337 -0.16252525]
[-0.81232171 -2.17995224 -0.34840527 -0.85372395 -0.42984371]
[-0.81232171 -1.16554361 -0.72426203 -0.85376264 -0.75809206]
[-0.12200043 -0.5646269   0.17686264 -0.81563936  0.15183403]
[ 0.64953512 -0.06504224  1.16483653 -0.80053719  0.9922722 ]
[-0.75141101 -1.62865879  0.06160694 -0.81203952  0.0912757 ]
[-0.75141101 -2.21342591  0.12662746 -0.81237339  0.14826796]
[-0.10169686 -1.25573662  0.16063477 -0.8148776   0.13115734]
[-0.24382183 -1.11115846  0.74811658 -0.80869397  0.64371227]
[-0.48746463 -1.00189511 -0.09089716 -0.83869963 -0.14237652]
[-0.54837534 -0.81872142 -0.69493145 -0.88665857 -0.82424711]
[-0.54837534 -1.17778799 -0.20116976 -0.82187577 -0.19372655]
[ 0.69014225  0.04602975  1.23746283 -0.80602856  1.01237415]
[-0.18291113 -0.13431404 -0.19797612 -0.84650962 -0.31666193]
[-0.81232171  0.09786156 -0.71565717 -0.86019052 -0.7942165 ]
[-0.06108973 -0.77758996  0.55917541 -0.80879636  0.4934386 ]
[ 0.44649945 -0.67136097  0.62264202 -0.81305016  0.48771389]
[-0.67019674 -1.64955922 -0.89527378 -0.83121992 -0.82835638]
[ 0.02012454  0.29530562  0.11056086 -0.8326115   0.02155964]
[-0.52807177 -1.12641122 -0.03479954 -0.83063374 -0.08181541]
[-0.48746463 -0.89616715 -0.24674255 -0.82734874 -0.26645394]
[-0.75141101 -1.48125463 -0.24407549 -0.81915938 -0.2034296 ]
[-0.2641254  -0.9466204   0.10532427 -0.83631964 -0.01184686]
[-0.73110744 -1.26315738 -0.01912055 -0.81524021 -0.00366735]
[-0.52807177 -1.27382673 -0.06035837 -0.84251449 -0.12601615]
[-0.40625037 -1.8424781  -0.7890492  -0.83223297 -0.74977375]
[-0.14230399 -0.10499494 -0.04166239 -0.88155443 -0.21620907]
[-1.19808948 -2.49630571 -1.06594663 -0.89736728 -1.17562196]
[-0.67019674 -1.42279812 -0.47758393 -0.83885431 -0.50049581]
[ 0.50741015 -0.47519184  0.98418382 -0.81688955  0.75182629]
[ 0.46680302 -0.54942927  1.1142111  -0.81017864  0.89117073]
[-0.02048259 -1.11843293  0.22782568 -0.81776481  0.18695215]
[ 1.36015997  1.08875608  0.99424582 -0.8030584   0.84440498]
[-0.93414311 -2.08424112 -0.4393581  -0.82463982 -0.38995456]
[-0.60928604 -1.78940625 -0.49152696 -0.82649276 -0.44748755]
[-0.2641254  -1.8072934   0.026319   -0.81636536  0.03109243]
[-0.10169686 -1.49717254 -0.65193463 -0.8893082  -0.79095906]
[-0.81232171 -0.87260952 -1.03556399 -0.84399704 -1.02810853]
[-0.73110744 -0.50588946 -1.0341084  -0.88243609 -1.14169211]
[-0.36564323 -0.40051448  0.00104661 -0.82435148 -0.04636334]
[-0.2641254   0.13644259 -0.15555221 -0.82198052 -0.165334  ]
[ 0.56832085 -0.20984991  0.84722366 -0.8114283   0.68424928]
[-0.22351826 -1.26563302  0.16785633 -0.83572419  0.09890744]
[ 0.24346378 -0.45985318 -0.16341052 -0.82492022 -0.19149894]
[ 0.28407091 -0.91407368 -0.04654302 -0.83168139 -0.13404901]
[ 0.26376735 -0.70080855  0.45368212 -0.84115364  0.27082939]
[-0.40625037 -1.40844469  0.29868654 -0.82541775  0.21939977]
[ 0.46680302 -0.20455877  1.04208912 -0.82814453  0.80832034]
[ 0.18255308 -0.15638704  0.75818602 -0.81979158  0.59618468]
[ 1.11651716  0.91623532 -0.07880789 -0.84429779 -0.18655293]
[-0.34533967 -1.52970817  0.05826871 -0.81897531  0.04587672]
[ 1.23833856  0.13934318  1.55563029 -0.79172675  1.33659551]
[-1.78689293 -0.17574175 -1.59286356 -0.86820701 -1.56906797]
[-0.22351826 -1.13818506 -0.30156105 -0.82795266 -0.29760857]
[-1.27930375 -2.6344475  -0.85877005 -0.87531711 -0.89458216]
[-0.64989317 -1.26558461  0.00920307 -0.8165497   0.01664396]
[-1.15748235 -1.62911011 -0.18839204 -0.8188933  -0.15119696]
[-1.27930375 -0.80021669 -1.07234491 -0.8542936  -1.02998029]
[-0.04078616 -0.18624796  0.17991894 -0.84119184  0.03709536]
[ 0.10133881 -0.25701437  0.27956164 -0.83365719  0.16988272]
[-0.06108973 -0.90584787 -0.0696017  -0.81681254 -0.05334782]
[ 0.77135652 -0.2397331   1.4351602  -0.7987413   1.20259642]
[-0.3859468  -1.44986236 -0.04107094 -0.81850662 -0.03641427]
[-0.83262527 -1.63424056 -0.45730934 -0.84804567 -0.47205021]
[ 0.10133881 -0.8395858  -0.00172638 -0.82157125 -0.03273828]
[-0.28442896 -1.92735652 -0.01661577 -0.82195805 -0.05391135]
[-1.84780363 -1.02558039 -1.14189038 -0.84429039 -1.05640566]
[ 0.34498161 -0.1291805   0.8963655  -0.80441383  0.78831112]
[ 0.44649945 -0.17979415  0.61271388 -0.81427906  0.48695943]
[-0.42655393 -0.81026548  0.02511756 -0.82659616 -0.039645  ]
[ 0.22316021 -1.18252112 -0.38871127 -0.83553979 -0.43079617]
[-0.02048259 -1.02778964  0.17759101 -0.81248115  0.163855  ]
[ 0.34498161  0.10213661  0.77613955 -0.80204011  0.69314191]
[ 1.42107067  0.72563756  0.56187602 -0.81862412  0.40204119]
[ 0.40589232 -1.19595708  0.86194964 -0.80964581  0.6982747 ]
[-0.77171457 -1.10903788 -0.23265851 -0.82062552 -0.2030513 ]
[-0.12200043 -0.82655301 -0.5476191  -0.85274899 -0.63345635]
[ 0.22316021 -0.71834614  0.05136601 -0.81614626  0.03778377]
[-1.50264299 -3.08674138 -1.09262319 -0.85491626 -1.06371055]
[-0.2641254  -1.26005436 -0.07999333 -0.87484689 -0.22279715]
[-0.18291113 -0.79476522 -0.07611626 -0.81958249 -0.07521606]
[-0.89353598 -2.24059683 -0.3546118  -0.83462248 -0.384837  ]
[-2.0508393  -2.74730901 -2.12208564 -0.88850035 -2.16392077]
[ 0.56832085  0.53039622  0.55156344 -0.81319673  0.45067052]
[-1.62446439 -2.25850123 -0.99065136 -0.84272038 -0.94912293]
[-1.05596451 -2.41657413 -0.40382933 -0.83075662 -0.37738139]
[-1.42142872 -1.33025787 -0.6541903  -0.83151834 -0.58238235]
[-1.64476796 -2.84606981 -1.25417159 -0.87586694 -1.30123339]
[-1.44173229 -1.1026891  -1.40340605 -0.8535588  -1.37554926]
[-1.38082158 -2.34894224 -1.0275291  -0.842743   -0.99629777]
[-0.95444668 -2.08991663 -0.46428095 -0.84334028 -0.45064088]
[-0.99505381 -0.95738908 -0.10961656 -0.82615904 -0.12291956]
[-0.89353598 -1.64555685  0.10914617 -0.82439032  0.06966546]
[ 0.58862442  0.00133477  1.26270987 -0.79902582  1.07865193]
[-0.24382183 -0.69765533  0.57695227 -0.80915454  0.50861608]
[-0.12200043 -0.95461676  0.65328038 -0.80756581  0.5789674 ]
[-0.60928604 -1.61293905  0.17830379 -0.820059    0.13331459]
[-1.34021445 -2.50622313 -0.71073836 -0.8786727  -0.76773171]
[ 0.10133881 -0.22272602  0.96630782 -0.81231954  0.78437416]
[ 0.87287436  0.28034379  0.94815442 -0.80452354  0.80338995]
[ 0.16224951 -0.48312326  0.18037434 -0.81741758  0.13338284]
[-0.4468575  -1.05183696 -0.26098648 -0.82550317 -0.25170294]
[-0.04078616 -0.23387263  0.52233591 -0.8048672   0.49557789]
[-0.60928604 -0.68964521 -0.27772249 -0.82070839 -0.2445149 ]
[ 0.10133881 -0.29096211  0.5172015  -0.82712012  0.43641862]
[-0.3859468  -1.18596408  0.3532656  -0.80732959  0.34720054]
[ 0.85257079  0.03364191  1.22186091 -0.80404011  1.00485739]
[-0.2641254  -1.53489483  0.89080604 -0.80367066  0.7814565 ]
[-0.22351826 -0.70936338 -0.16582188 -0.82108614 -0.1637408 ]
[ 1.03530289  0.18489348  1.09945802 -0.80165923  0.92278483]
[ 0.50741015  0.10988028  0.64359582 -0.80957672  0.54537433]
[ 0.32467805  0.14337285  0.14278185 -0.81884517  0.09453739]
[ 0.32467805 -0.14789923  0.36945744 -0.80682316  0.34812508]
[-0.14230399 -0.97422269 -0.0851317  -0.85287127 -0.23266798]
[-0.89353598 -0.85993523 -0.60216708 -0.84693615 -0.61472099]
[-0.3859468  -1.61853092  0.15460174 -0.83982957  0.05354559]
[ 0.26376735  0.49537111  0.60917713 -0.80820389  0.51972058]
[-0.99505381 -1.36484242 -0.51299054 -0.82767809 -0.4637022 ]
[-1.01535738 -1.9834847  -0.80575701 -0.85048315 -0.82056367]
[-1.70567866 -1.25020478 -1.97438455 -0.89785398 -2.03723733]
[-2.25387497 -3.98413068 -2.29636837 -0.920132   -2.39257097]
[-0.14230399 -0.72350126  0.57121125 -0.80367789  0.54453653]
[ 0.04042811 -0.6086886   0.5498486  -0.81489788  0.4405782 ]
[-0.73110744 -1.96045204 -0.97595396 -0.85469218 -0.95637171]
[ 0.18255308 -0.48508081  0.33256309 -0.81549408  0.29762764]
[ 0.52771372 -0.06362555  1.08124904 -0.80286329  0.91688308]
[ 0.22316021 -0.0947387   0.18082697 -0.8251055   0.104322  ]
[ 0.04042811 -0.17721703 -0.44018698 -0.82655578 -0.41859321]
[ 0.95408863  0.337315    0.82951093 -0.8031291   0.73364987]
[ 0.06073168 -0.53699855  0.38589649 -0.81260175  0.32077408]
[-0.16260756 -0.7121377  -0.01243029 -0.8424111  -0.12858867]
[-0.46716107 -0.59311864 -0.05564864 -0.82268615 -0.07025498]
[ 0.22316021 -0.33021758  0.33213956 -0.81628253  0.26213894]
[ 0.02012454 -0.41405466  0.60891097 -0.80391436  0.5553007 ]
[ 0.28407091 -0.931877    1.33344094 -0.81026497  1.08316514]
[-0.36564323 -0.68029055  0.61747818 -0.81307951  0.51190024]
[-0.22351826 -0.76237387 -0.39922405 -0.83048064 -0.42886552]
[-0.71080387 -1.31134014 -0.08659798 -0.81863962 -0.07571717]
[-0.18291113  0.03318161 -0.00343916 -0.83431225 -0.0931463 ]
[-0.6905003  -1.50037186  0.28644655 -0.82233115  0.23212611]
[-0.10169686 -1.08592698  0.7963847  -0.80364869  0.6989098 ]
[ 0.04042811 -1.01692212  0.66676267 -0.80884121  0.57217728]
[-0.14230399 -0.77527626  0.2767776  -0.82317283  0.19321072]
[-0.85292884 -1.46724524 -0.138075   -0.81878557 -0.10388559]
[-0.48746463 -1.19314913  0.02856086 -0.8254907  -0.0249435 ]
[-0.02048259 -0.38679255 -0.13207862 -0.83499867 -0.23589778]
[-0.67019674 -1.30710368 -0.34554531 -0.83071949 -0.36093589]
[-0.48746463 -1.56752333 -0.44448531 -0.84712693 -0.49603316]
[-0.85292884 -1.75497129 -0.78409753 -0.85390459 -0.81513975]
[ 0.42619588 -0.49734483  0.82101805 -0.80473161  0.72536105]
[-1.38082158 -1.17597108 -1.48643285 -0.90337144 -1.59618388]
[ 0.22316021  0.10824846  0.21833052 -0.80996619  0.20847506]
[ 0.14194594 -0.62552997  0.20475556 -0.81232082  0.17316942]
[ 0.75105296 -0.27660131  0.5319532  -0.80913413  0.44440111]
[-1.11687521 -1.8874725  -1.03479758 -0.85687106 -1.04651701]
[-0.77171457 -1.63228499 -0.49136634 -0.82854944 -0.46334706]
[ 0.10133881 -0.45576494 -0.29702331 -0.83526628 -0.3164873 ]
[-0.52807177 -1.3213594  -0.77541072 -0.84257229 -0.78821023]
[-0.28442896 -0.76034328 -0.09363745 -0.82595124 -0.14608295]
[-0.24382183 -1.07318597 -0.16710498 -0.82834357 -0.21023736]
[-0.14230399 -0.80593912 -0.13745294 -0.82881506 -0.19781488]
[ 0.32467805  0.04754241  0.09678086 -0.82617635 -0.00142623]
[-0.77171457 -1.06544744 -0.87079459 -0.83705218 -0.84859897]
[-1.01535738 -2.52080648 -1.03368268 -0.84059864 -0.984953  ]
[-0.83262527 -1.02331686 -0.32972049 -0.81948796 -0.26909209]
[-0.02048259 -0.7886715   0.28074345 -0.8248501   0.1920416 ]
[ 0.56832085 -0.97966659  0.6498789  -0.81797285  0.50158793]
[-0.3250361  -0.48899244 -0.90246313 -0.86093023 -0.97376495]
[ 0.16224951 -0.61673621  0.81223254 -0.80425168  0.71595173]
[-0.28442896 -0.96691692  0.10126018 -0.84285528 -0.00844612]
[-0.22351826 -0.49955926 -0.32026297 -0.82725383 -0.33541024]
[ 0.14194594 -0.13730295 -0.25814774 -0.86025851 -0.39063171]
[ 0.30437448 -0.2657663   0.97217103 -0.80340811  0.83731354]
[ 0.28407091 -0.06056848  0.24326835 -0.83384918  0.10437282]
[ 0.42619588 -0.17642033  0.71095152 -0.81240879  0.58277675]
[-0.16260756 -0.77468366  0.39510688 -0.80924395  0.36235354]
[-0.04078616 -0.97242141 -0.14169659 -0.84359188 -0.27162017]
[ 0.83226722  0.2458897   1.15976521 -0.80896692  0.94868892]
[ 0.08103524  0.31602689  0.22782919 -0.81399171  0.18404209]
[-0.60928604 -1.10018364  0.03329027 -0.81319086  0.0690246 ]
[-0.30473253 -0.84436399  0.03789822 -0.81764436  0.03593733]
[ 1.3398564   0.28022369  0.64843053 -0.8117794   0.5109831 ]
[ 0.10133881 -0.32457428  0.48302821 -0.81024923  0.41965847]
[-2.0508393  -3.30863593 -1.85567626 -0.85655285 -1.77730827]
[ 0.26376735 -0.46189203  0.27004569 -0.8153325   0.20428808]
[-1.84780363 -3.39218879 -0.97117829 -0.84020899 -0.89117801]
[ 0.32467805  0.05938216  0.06841919 -0.81964406  0.02026432]
[-2.21326783 -3.72667101 -2.10412779 -0.86498891 -2.0427496 ]
[ 0.50741015  0.19185091  0.49986699 -0.82060181  0.37339926]
[ 0.50741015  0.20371358  1.15347957 -0.80338367  0.96527897]
[-1.79025228e-04  3.42964534e-01  5.02942067e-01 -8.10528223e-01  4.31089691e-01]
[ 0.44649945 -0.14724141  0.87785168 -0.8123779   0.726316  ]
[-0.3250361  -1.0960271   0.16745762 -0.81322551  0.15328941]
[ 0.18255308 -0.1907209   0.48662984 -0.82391176  0.34680298]
[ 0.81196366 -0.11489644  1.60438362 -0.79488124  1.36505687]
[ 0.16224951 -0.74505353  0.31827773 -0.81728171  0.25081926]
[-0.5077682  -0.74099861 -0.15841305 -0.82906195 -0.19404785]
[ 0.26376735 -0.10263455  0.89576521 -0.80739137  0.74191279]
[-0.08139329 -1.06668986  0.60707267 -0.81393995  0.48637547]
[ 1.17742786  0.67163666  1.52059766 -0.80406475  1.22983539]
[-1.48233942 -1.1189324  -1.1287864  -0.84813471 -1.09157563]
[ 0.64953512 -0.21187055  1.42845529 -0.79771167  1.21450218]
[-0.16260756 -0.59419389  0.61034168 -0.80376686  0.5608323 ]
[-1.01535738 -2.13927679 -1.10043375 -0.86560317 -1.1193515 ]
[-0.67019674 -0.86212507 -0.79581376 -0.86251842 -0.86064504]
[-1.86810719 -1.8056216  -1.00950828 -0.8703899  -1.0539286 ]
[ 0.32467805  0.42068011  0.16431329 -0.84193884  0.03622109]
[ 0.14194594  0.2572799  -0.1079812  -0.82901118 -0.18114591]
[-0.28442896 -0.7281493  -0.25687644 -0.84620247 -0.35485017]
[-0.54837534 -1.52456991 -0.12750229 -0.82532116 -0.13894191]
[ 0.08103524 -0.80084933  0.68928762 -0.80390118  0.61122175]
[-0.36564323 -0.77926794 -0.09640324 -0.82606691 -0.11873261]
[ 0.44649945 -0.45959152  1.03372568 -0.80538599  0.8638113 ]
[-0.18291113 -1.04229117 -0.82150543 -0.86829124 -0.93046148]
[ 0.28407091 -0.25181868 -0.04253265 -0.82615865 -0.10213112]
[-0.5077682  -0.03394829 -0.63903072 -0.85492412 -0.71774007]
[ 0.26376735 -0.5535501  -0.62627319 -0.83428932 -0.63819354]
[ 0.04042811 -0.87716207  0.68682259 -0.81341145  0.56886738]
[ 0.30437448 -0.89616715  0.82857021 -0.80132618  0.7472352 ]
[-0.28442896 -1.42027119  0.60027499 -0.80493333  0.54692414]
[ 0.46680302 -0.34062939  0.97596786 -0.80575435  0.81542971]
[ 0.26376735 -0.34631474  0.12961341 -0.82433382  0.0467707 ]
[ 1.60380277  0.13236112  1.21757327 -0.80724297  0.95202591]
[ 0.85257079  0.54422478  0.57138306 -0.81846418  0.40952093]
[-0.14230399 -1.37065057  0.35074941 -0.8166764   0.27202639]
[-0.5686789  -1.52757184 -0.52903477 -0.84717724 -0.59150994]
[ 0.06073168 -0.75140878  0.79501204 -0.81616564  0.64510073]
[-1.17778591 -2.1058458  -0.36674853 -0.83650013 -0.39174209]
[-0.71080387 -0.82694192 -0.59820107 -0.8466336  -0.61686735]
[ 0.20285665 -0.7655358   0.82651162 -0.80097362  0.7501221 ]
[ 0.69014225 -0.28839392  1.05585323 -0.80127688  0.90521198]
[ 0.30437448 -0.47612251 -0.19074694 -0.82958279 -0.2347998 ]
[ 0.42619588  0.14152933  0.91581039 -0.80632226  0.75945097]
[ 1.13682073  0.5682612   1.79123215 -0.80006799  1.44810405]
[-0.73110744 -1.05273614 -0.29349672 -0.82970076 -0.28282761]
[ 0.16224951 -0.71589532  0.31017485 -0.83419484  0.16483661]
[ 1.86774914  0.05522609  1.99300794 -0.79107385  1.64115458]
[ 0.30437448 -0.21107031  0.81307397 -0.80791747  0.70414663]
[ 0.81196366 -0.03208423  0.67755369 -0.81369391  0.53753872]
[-1.88841076 -3.08797627 -1.49662378 -0.88569483 -1.50126789]
[ 0.79166009  0.00350181  0.20410888 -0.84207607  0.05465911]
[-0.2641254  -0.54120756 -0.01478994 -0.84198457 -0.10122921]
[ 1.96926698  0.60357556  1.43059922 -0.79727681  1.19201158]
[-1.13717878 -2.30291086 -0.25671354 -0.82230616 -0.23229703]
[-2.07114286 -3.72846816 -1.92373096 -0.88353169 -1.91196995]
[ 0.71044582  0.91045709  0.85293656 -0.81953838  0.70914452]
[-0.08139329 -1.06668986  0.55840488 -0.84268822  0.35660413]
[-0.10169686 -0.89616715  0.54626793 -0.81206082  0.46977066]
[-2.43660707 -4.45225513 -2.5047178  -0.94055306 -2.63478834]
[-2.19296427 -2.98672675 -1.90918985 -0.98288626 -2.10033169]
[-1.62446439 -3.09841542 -1.01943266 -0.83164112 -0.90513745]
[-1.9899286  -3.9177835  -0.97223318 -0.82966678 -0.83877027]
[-1.50264299 -3.50575155 -0.88849988 -0.86564607 -0.95503078]
[-1.27930375 -2.51242588 -1.39957214 -0.88833185 -1.47191894]
[-1.07626808 -2.9698161  -0.38587635 -0.83854017 -0.38890557]
[-0.02048259 -0.03140211  0.60905388 -0.81246337  0.5205236 ]
[ 0.85257079 -0.15197084  1.3532649  -0.7977793   1.15463083]
[-1.17778591 -2.28537371 -0.48336445 -0.83434482 -0.47025923]
[ 0.20285665 -0.13709642 -0.12726278 -0.83377209 -0.21133271]
[-1.60416082 -2.20427162 -1.24103798 -0.86016091 -1.21421705]
[-1.96962503 -4.07429481 -1.2676088  -0.86653615 -1.24701641]
[-0.2032147  -2.08670544  0.58373604 -0.81880786  0.46956559]
[-0.3250361  -1.77366384  0.4872982  -0.81950212  0.39202218]
[-0.73110744 -0.33292548 -0.3268854  -0.82362716 -0.30096585]
[ 0.87287436 -0.32104274  1.04607798 -0.81111432  0.84013989]
[ 1.78653487  0.32345065  1.97262718 -0.79293324  1.61417717]
[ 0.40589232 -0.62202298  0.59807485 -0.80516655  0.5348071 ]
[-0.5686789  -0.88516243 -0.33900404 -0.82600693 -0.32329535]
[ 0.12164238 -0.03830675 -0.10262422 -0.81603583 -0.07638828]
[-0.5077682  -0.55386558  0.09855551 -0.81456474  0.11586455]
[ 0.66983869 -0.20468742  1.71999693 -0.79124414  1.45174825]
[ 0.40589232 -0.09577109  0.97078049 -0.80229439  0.84575766]
[ 0.46680302 -0.2889357   0.00549242 -0.83754765 -0.13089645]
[ 0.32467805 -0.42694418  1.16032501 -0.80504821  0.959918  ]
[ 0.20285665 -0.9234608   0.98585172 -0.80339924  0.84001647]
[ 0.71044582 -0.231045    0.89768785 -0.81140144  0.70849536]
[ 0.81196366 -0.06336816  1.23447507 -0.80387916  1.01408627]
[ 1.44137424 -0.04498026  1.96547092 -0.79119635  1.62335579]
[ 0.10133881  0.15283322  0.84077009 -0.80835932  0.70898485]
[-0.93414311 -1.1856839  -0.58002024 -0.86730842 -0.67363186]
[ 0.64953512  0.28348621  0.94268658 -0.80237972  0.82302363]
[ 1.11651716  0.51704195  1.21998154 -0.81566269  0.97049708]
[ 0.95408863  0.23707172  0.90733954 -0.80600711  0.75074967]
[-0.2641254   0.0951382  -0.28602921 -0.8348239  -0.30976275]
[ 0.79166009  0.18878686  0.92722114 -0.80098551  0.81320938]
[ 0.71044582 -0.15968472  0.79718088 -0.81277166  0.6520028 ]
[ 0.30437448  0.13644259 -0.03726409 -0.82354866 -0.09657742]
[ 0.40589232 -0.39483907  0.59660683 -0.82198187  0.44009636]
[ 1.23833856  0.50196816  0.79125811 -0.80486644  0.67987707]
[-0.22351826 -0.48813419  0.25297351 -0.8206883   0.19856812]
[ 1.44137424  0.78773411  1.45849334 -0.80112609  1.19314951]
[ 0.40589232 -0.77118269  0.75439906 -0.80171312  0.67586495]
[ 0.66983869 -0.28571257  0.79786225 -0.80514098  0.69981909]
[ 0.83226722  0.41894902  0.69068078 -0.83221068  0.51572385]
[-0.54837534 -2.41414472 -0.21063024 -0.83159884 -0.26133179]
[-0.22351826 -0.2510178   0.42873058 -0.80710909  0.41558037]
[ 0.52771372  0.00288738  1.19933135 -0.80126464  1.02001778]
[-1.60416082 -2.29631595 -1.06381174 -0.84712921 -1.0432709 ]
[ 0.18255308 -0.1907209   0.69316449 -0.80608989  0.60047728]
[-0.42655393 -0.87491275 -0.03454679 -0.81259059  0.00539332]
[-1.79025228e-04 -3.66889800e-01  3.98396957e-01 -8.10966252e-01  3.47433349e-01]
[-1.79025228e-04 -2.98616340e-01  4.69501660e-01 -8.10249051e-01  4.06701687e-01]
[-0.54837534  1.17391167 -0.42027764 -0.84754787 -0.44347339]
[-1.70567866  0.48064583 -1.62422972 -0.8757967  -1.65653441]
[-0.97475024 -0.50403687 -0.67303539 -0.85430036 -0.68076166]
[-1.58385725  0.72830427 -1.39723477 -0.87615722 -1.45392083]
[ 0.16224951  0.39645223  0.08828093 -0.8257886  -0.00249679]
[-0.40625037 -0.9066861  -0.1553233  -0.83067117 -0.19186982]
[ 1.05560646 -0.13468958  1.12366034 -0.80448697  0.92374224]
[-0.2032147   0.70637586  0.21954466 -0.81734429  0.16800864]
[ 0.73074939 -0.02709289  1.27385616 -0.79838559  1.08275859]
[-0.83262527  0.36854294 -0.97270462 -0.83705651 -0.92174674]
[-1.01535738 -0.63693458 -0.22403722 -0.81944531 -0.18477262]
[-1.19808948 -0.94834112 -1.15301501 -0.85188595 -1.14122048]
[ 1.05560646 -0.23995574  0.98373929 -0.801633    0.85105178]
[-1.79025228e-04 -1.13516881e+00  3.18003731e-01 -8.14256146e-01  2.58858466e-01]
[ 0.32467805  0.90850516  0.75697036 -0.8057246   0.65307188]
[-0.5077682  -1.06447027 -0.23141602 -0.83360148 -0.27331947]
[ 1.13682073 -0.07007936  1.45159318 -0.79908692  1.19970944]
[-0.34533967 -1.15473396 -0.069019   -0.84406691 -0.14830558]
[-0.40625037 -1.37275626  0.20342208 -0.81458471  0.17387374]
[-0.77171457 -1.23610594 -0.32184819 -0.81713592 -0.24707657]
[-0.24382183 -0.057052    0.25157921 -0.81102977  0.23340508]
[ 0.62923155 -0.07197406  0.32214739 -0.81198165  0.27076136]
[ 0.64953512  0.80127351  0.60357113 -0.81647011  0.47476384]
[ 0.95408863  0.00305758  1.06379893 -0.80259907  0.8949671 ]
[ 0.42619588 -0.11066371  0.50905908 -0.81835488  0.38559178]
[ 0.36528518 -0.11052186  1.18221402 -0.79578664  1.05241615]
[ 0.14194594 -0.33016899  0.14949319 -0.84141059  0.03948584]
[ 0.22316021 -0.0947387   0.35166173 -0.8361439   0.19508879]
[ 0.81196366  0.2853305   0.98693036 -0.8077264   0.82309787]
[ 0.02012454 -0.78967927  0.06607849 -0.83114057  0.0123432 ]
[ 0.89317792  0.1210305   1.17534603 -0.80294298  0.98810239]
[-0.73110744 -1.69560695 -0.34060523 -0.82533237 -0.31631718]
[ 0.18255308 -1.61791271  0.77883472 -0.80217244  0.70278466]
[-0.18291113 -0.60362342  0.17507212 -0.82414306  0.10816188]
[-0.16260756 -0.85619516  0.40965076 -0.81566331  0.34532386]
[-1.96962503 -2.198352   -1.97385288 -0.90540886 -2.03587309]
[-1.68537509 -2.95793309 -1.54966109 -0.9639849  -1.7393554 ]
[-1.05596451 -1.16135098 -0.48626399 -0.83777366 -0.50707819]
[-0.02048259 -0.06862754  1.07477108 -0.80413153  0.90891055]
[-0.71080387 -1.09495833 -0.47053529 -0.83808922 -0.4919376 ]
[ 1.13682073  1.15557618  1.28243196 -0.79900814  1.08780556]
[-1.34021445 -2.05925105 -1.06402343 -0.86316064 -1.06666896]
[-0.22351826  0.32126768  0.10054026 -0.82702229  0.02169931]
[-2.21326783 -2.43419946 -1.86786777 -0.8638759  -1.8313361 ]
[-0.02048259 -1.10052171  0.68301117 -0.80698254  0.59494275]
[ 3.24678048e-01  5.72883427e-04  4.53020082e-01 -8.10100220e-01  3.91596118e-01]
[-0.34533967 -0.22947292 -0.09146372 -0.81665349 -0.06491139]
[-1.31991088 -2.50582351 -0.73876225 -0.83853241 -0.69340667]
[-1.03566094 -1.34865906 -0.48510344 -0.82780375 -0.44261778]
[-0.12200043  0.31474901  0.08710031 -0.81115287  0.12033099]
[-0.3250361  -1.64908026 -0.38564998 -0.82938986 -0.36980878]
[ 0.40589232 -0.23787844  0.29732428 -0.81714564  0.2166603 ]
[-1.15748235 -1.84257324 -1.00650282 -0.8917043  -1.0936562 ]
[-0.28442896 -0.17733385 -0.16483471 -0.81703785 -0.14450903]
[-0.2032147  -0.50160715 -0.10994264 -0.81686398 -0.10220743]
[ 0.12164238 -0.43648927  0.01056742 -0.81838396 -0.0168049 ]
[ 1.50228494  0.70878633  1.49521677 -0.79633497  1.25657344]
[-0.14230399 -0.54093547  0.16344912 -0.8306306   0.05217062]
[-0.24382183 -0.99577581  0.6322456  -0.80979906  0.54719896]
[ 0.60892799 -0.23665928  1.08742358 -0.80830029  0.90154993]
[-0.10169686 -0.03813532  0.3590208  -0.84132901  0.23795282]
[ 0.22316021 -0.02441622  0.76858424 -0.83319714  0.56219716]
[-1.40112515 -1.98475013 -1.3440523  -0.84764534 -1.26813581]
[ 0.66983869  0.03938682  0.28950288 -0.81335455  0.23848072]
[-0.02048259  1.19904514  0.35055977 -0.80881484  0.33499451]
[-0.14230399 -0.62813534  1.14953982 -0.79429052  1.04510907]
[ 1.07591003 -0.44302724  1.65656152 -0.79182089  1.41378191]
[ 0.54801729 -0.18565586  1.32454365 -0.79504747  1.14719831]
[ 0.26376735 -1.28498064  0.83687211 -0.80422631  0.72099526]
[ 0.06073168 -0.38581638  0.57289723 -0.81099228  0.49004643]
[ 0.83226722  0.14582995  0.50642643 -0.8124687   0.40491173]
[ 1.23833856e+00 -1.00850635e-04  1.51310552e-01 -8.16575799e-01  9.86573419e-02]
[ 0.10133881 -0.65339057  0.01078807 -0.85636025 -0.16947031]
[ 0.30437448 -0.79623718  0.43372114 -0.80306567  0.43333918]
[-0.04078616  0.07504417  0.09883178 -0.83744931  0.01089809]
[ 0.75105296  0.27887152  0.35454063 -0.83705394  0.20948237]
[ 1.4616778   0.56632733  0.97497499 -0.81166204  0.76656427]
[-0.18291113 -1.56380276 -0.37684555 -0.82897561 -0.35839858]
[ 0.79166009 -0.28194239  0.13784502 -0.83910559  0.00656447]
[-0.54837534 -0.57431477 -1.0425483  -0.85859548 -1.09411392]
[ 0.85257079  0.30854421  1.35002099 -0.7952612   1.16330891]
[ 0.20285665  0.23916293  0.24628266 -0.82423535  0.14880191]
[-0.16260756 -0.68039795 -0.26638664 -0.82632576 -0.27770389]
[ 0.24346378 -0.25661532  0.39787696 -0.80849886  0.36837241]
[ 0.10133881 -1.12996559  0.41546855 -0.82167123  0.29447792]
[-0.24382183  0.21403754  0.16112591 -0.8153922   0.14170382]
[-0.60928604 -0.64186774 -0.53800126 -0.85081802 -0.59984501]
[-0.67019674 -0.24792925 -0.82008439 -0.83506912 -0.77844789]
[-0.12200043 -0.69303081  0.06677642 -0.81662067  0.04974614]
[-0.64989317 -0.79347668 -0.04765671 -0.82791462 -0.05636354]
[ 0.95408863 -0.0783758   1.10751314 -0.80602737  0.88939814]
[-0.42655393 -0.60799699  0.25322358 -0.81590544  0.22448875]
[ 0.18255308 -0.13330738  0.62900259 -0.8095703   0.53461006]
[ 1.50228494  0.51074541  1.17135869 -0.8067837   0.94203429]
[ 0.04042811  0.31578066  0.6507122  -0.80380325  0.60210324]
[ 0.58862442 -0.47291723  1.18853833 -0.80594455  0.98916528]
[ 0.87287436  0.2466296   1.58101258 -0.7930613   1.34523435]
[-0.02048259 -0.1539789   0.01370073 -0.82516577 -0.0541304 ]
[-0.30473253  0.03791112 -0.70520755 -0.89939858 -0.88503197]
[-0.60928604  1.06189471 -0.75468567 -0.85717245 -0.78895836]
[ 1.4616778   0.00770875  2.08184516 -0.78693473  1.7495869 ]
[ 0.69014225 -0.90441703  1.11139263 -0.7994709   0.96918505]
[ 0.83226722 -0.5749734   0.82107947 -0.83099502  0.60252835]
[-0.40625037 -0.83229439  0.21132665 -0.81265135  0.20846003]
[ 0.16224951  0.09899042 -0.07889219 -0.83470536 -0.16463309]
[ 0.22316021 -1.00345128  0.37497025 -0.81904157  0.26777151]
[ 0.42619588  0.60942117  0.39267409 -0.8406036   0.21280766]
[ 0.56832085 -0.5943729   0.75985767 -0.80238443  0.68926754]
[-0.4468575  -1.34998927  0.40377293 -0.8030296   0.41988547]
[ 0.52771372 -0.19297893  0.44118583 -0.8334387   0.30432492]
[ 1.17742786  1.28454157  0.95524512 -0.80198985  0.82034425]
[-0.3250361  -0.86503319 -0.43320198 -0.84614479 -0.48070755]
[ 0.16224951  0.18698992  0.2190401  -0.81369431  0.19571616]
[ 1.5834992  -0.25256309  1.31349317 -0.80921405  1.04814562]
[ 0.20285665 -1.47597476  0.22115522 -0.851807    0.03689246]
[ 1.56319564  0.40952946  1.65128023 -0.79585274  1.36603066]
[ 1.23833856  0.80478815  0.83780872 -0.83884538  0.59122286]
[ 1.17742786  0.29980175  1.57377866 -0.80553589  1.24196868]
[ 0.34498161 -0.9575972   0.96118263 -0.81212696  0.79053973]
[ 0.36528518 -0.53171666  1.06150804 -0.80562737  0.88644488]
[ 0.04042811 -0.88667916  0.7869813  -0.81518907  0.63192875]
[-0.12200043 -0.23195773 -0.1293387  -0.81527462 -0.08873585]
[ 1.74592774  0.3925298   1.59396809 -0.79532841  1.34101518]
[-0.22351826 -1.72516371  0.67531052 -0.81328258  0.5712332 ]
[ 1.66471347 -0.01785542  0.70922682 -0.80839811  0.59145095]
[ 1.48198137  0.44202555  1.23887599 -0.79829867  1.0541567 ]
[-0.64989317 -1.48526255 -0.36369005 -0.82888102 -0.36461489]
[ 1.44137424  0.26605291  1.62609028 -0.79177426  1.38515959]
[-0.42655393 -0.61957526  0.02932055 -0.8151953   0.03008401]
[ 0.32467805  0.38162029  0.25386595 -0.81457873  0.20588032]
[-0.14230399 -0.01590967  0.0852939  -0.83553836  0.01681803]
[-0.10169686  0.06483826  0.48863211 -0.81314329  0.44041926]
[-1.38082158 -1.63374554 -1.83721201 -0.89667614 -1.91077086]
[ 1.38046353  0.40632922  0.95101848 -0.80145079  0.82834545]
[-0.54837534 -0.99297432 -0.00497217 -0.81207052  0.04844055]
[ 0.60892799  0.24749371  0.34299978 -0.80798436  0.32411027]
[-0.95444668 -1.70383446 -0.96298788 -0.83320646 -0.88334763]
[ 0.73074939  0.62467816  0.55019422 -0.81459048  0.42674452]
[ 0.42619588 -0.25158778  0.73259555 -0.81189067  0.59662111]
[ 0.26376735  0.19656028  0.03276492 -0.83501214 -0.06746403]
[-0.2032147  -0.07915725 -0.31611462 -0.84845546 -0.39674683]
[-0.08139329 -0.51346371  0.1562825  -0.8355841   0.05618933]
[-0.5077682  -1.72100519 -0.10993216 -0.83224916 -0.1587375 ]
[-0.34533967 -1.21136758 -0.14246181 -0.81800438 -0.13209303]
[-0.36564323 -0.37609364  0.46217283 -0.81621026  0.38872856]
[-1.09657165 -1.6664382  -1.22448144 -0.87685168 -1.26931173]
[-0.60928604 -1.48862072 -0.4668737  -0.84590561 -0.54244964]
[-0.48746463 -0.75310577 -0.49156553 -0.86334432 -0.60840249]
[-1.21839305 -1.06361738 -1.16957185 -0.87909357 -1.25595795]
[ 0.04042811 -0.76063713  0.8333124  -0.80689053  0.71995074]
[-0.73110744 -0.75535673 -1.10054207 -0.881942   -1.21585993]
[ 0.83226722  0.34875487  0.87704516 -0.80427051  0.7484823 ]
[ 1.0962136  -0.70698674  0.28626194 -0.87067616 -0.00604611]
[ 0.02012454 -1.09869982  0.63136911 -0.80879677  0.53308444]
[ 0.85257079  0.42453747  0.69782032 -0.82272826  0.57131176]
[ 0.50741015 -0.0817144   0.48899115 -0.81326255  0.40052377]
[ 1.60380277  0.18992437  1.78054482 -0.79479241  1.46887711]
[ 0.36528518 -0.751662    0.62602563 -0.81500212  0.49215612]
[ 1.11651716  0.928987    0.69894291 -0.80780572  0.57967776]
[ 1.25864213  0.31100985  1.11002509 -0.80021983  0.94600714]
[-0.79201814 -0.60288155 -1.30026675 -0.86469353 -1.34137405]
[-0.18291113  0.63408583 -0.02842362 -0.82069145 -0.03730231]
[ 0.16224951 -0.38734496  0.37487733 -0.81286791  0.31684014]
[-0.83262527 -1.46428116 -0.91538601 -0.84180527 -0.88066869]
[ 0.04042811 -0.99865173  0.06943599 -0.81883356  0.02375881]
[-0.5686789  -0.57251335 -1.02900838 -0.84275448 -1.01949527]
[ 0.58862442 -0.78461098  0.56303308 -0.8054065   0.50337898]
[-0.48746463 -0.89616715 -0.44466815 -0.81886447 -0.36238831]
[-0.02048259  0.10853421 -0.08263604 -0.82839195 -0.14499834]
[ 0.66983869  0.5202745   0.34146634 -0.82703759  0.1986383 ]
[-0.83262527 -1.56937962 -0.93270371 -0.84708533 -0.94280947]
[-0.3250361  -0.40586325  0.00469694 -0.82807363 -0.06835054]
[ 0.26376735 -0.6815585   0.57332007 -0.82905469  0.46279332]
[ 0.28407091 -0.29531634  0.11314751 -0.81845659  0.05960647]
[-0.89353598  1.54860618 -0.76439129 -0.82453388 -0.64844621]
[ 0.81196366  0.27391076  0.9945468  -0.80062648  0.86120905]
[ 0.22316021 -0.28659431  0.19992799 -0.82471551  0.12918158]
[-0.02048259 -0.36421668 -0.92079665 -0.83607351 -0.89852845]
[ 0.79166009  0.37223536 -0.02427346 -0.84848159 -0.18809901]
[ 0.40589232  0.07570084  0.34853227 -0.81453583  0.27914025]
[ 0.02012454 -0.52281314 -0.31090161 -0.84910889 -0.38778062]
[-0.54837534  0.10681854 -0.43403145 -0.82720731 -0.40526788]
[ 0.10133881 -1.077592    0.06410166 -0.82460335  0.00114001]
[ 1.64440991  0.76070879  1.25067499 -0.79917936  1.04789956]
[ 1.1571243   0.1882953   1.43114409 -0.80043625  1.1854712 ]
[ 0.77135652  0.11594804  0.58079546 -0.80951016  0.49524137]
[ 0.56832085 -0.03860323  0.3884613  -0.81518446  0.30999131]
[ 0.30437448 -0.87823471  0.15007005 -0.81845466  0.10146657]
[ 0.54801729 -0.49819785 -0.16825544 -0.82311921 -0.18508876]
[-0.54837534 -2.49373877 -0.01045698 -0.83982162 -0.07102993]
[-0.5686789  -2.03487717 -0.02121379 -0.83984395 -0.07904859]
[-0.24382183 -0.43964495 -0.03758744 -0.82513569 -0.09838858]
[ 0.02012454 -0.78967927  0.47440196 -0.80914135  0.4178571 ]
[-1.9899286  -1.27415162 -1.62237092 -0.85860912 -1.56204805]
[-0.89353598 -0.60712021 -0.87329754 -0.85266609 -0.8677116 ]
[-1.03566094 -0.27660131 -0.28172284 -0.82146    -0.23232589]
[-0.54837534 -0.24399258 -0.64505723 -0.86008815 -0.74270114]
[ 0.81196366  0.21733828  0.26788091 -0.82215913  0.16311563]
[-0.16260756  0.48874473  0.44427649 -0.8061008   0.42559106]
[ 2.53776686  1.91124058  1.41652443 -0.80118566  1.14505535]
[ 0.48710658 -0.13258366  0.47153873 -0.82384167  0.30987962]
[ 0.08103524  0.03210223  0.21963745 -0.83835703  0.08432408]
[-0.58898247 -0.77225399 -0.20220217 -0.82847226 -0.20815685]
[ 0.04042811 -0.64991682 -0.09488747 -0.81704469 -0.06822058]
[-0.64989317 -1.37275626 -0.75395704 -0.84221899 -0.76123418]
[-0.5077682  -1.05421967 -0.0352406  -0.81850966 -0.05005621]
[-0.5077682  -1.39341101 -0.93806746 -0.84157355 -0.93537378]
[ 0.93378506 -0.02391916 -0.15445617 -0.82092459 -0.16338952]
[ 0.08103524 -0.50706783  0.34042011 -0.81894237  0.26007403]
[-0.04078616 -0.30409058 -0.01876569 -0.82801431 -0.10439671]
[-0.04078616 -0.23387263 -0.11820515 -0.83875462 -0.19316894]
[-0.34533967 -0.74738633 -0.63857511 -0.82422573 -0.57067092]
[-0.02048259 -0.08094894  0.52864475 -0.8072343   0.48343801]
[-0.67019674 -1.12442825 -0.48655707 -0.82896131 -0.46345183]
[-0.42655393 -0.89616715 -0.05304538 -0.82353019 -0.08886724]
[-0.34533967 -1.31243796 -0.39828598 -0.82719756 -0.39333309]
[-0.67019674 -1.18658864 -0.47772484 -0.84464115 -0.51011073]
[-0.04078616 -0.74794566  0.22107927 -0.81739232  0.1712475 ]
[ 2.39564189  2.60825215  0.22905031 -0.80988105  0.21773055]
[ 1.62410634  0.81298     1.12386671 -0.79925944  0.95587372]
[ 0.48710658 -0.20776066 -0.41335335 -0.83668261 -0.47366253]
[ 0.28407091 -0.12927784 -0.30774657 -0.82736177 -0.33075424]
[ 0.87287436  0.23545996  1.53288737 -0.79226339  1.32408958]
[ 0.83226722  0.18996199  0.94162857 -0.81450705  0.73940036]
[-3.24874975 -1.55527975 -4.36013837 -1.18634171 -5.37495855]
[ 0.20285665 -0.8778368   0.27510382 -0.81496406  0.21370689]
[ 0.93378506  1.17606496  0.81438834 -0.8095456   0.66016989]
[ 0.28407091  0.17858992  0.18101899 -0.81299691  0.15316776]
[ 0.18255308 -0.40051448 -0.00585101 -0.82485836 -0.05877903]
[ 0.58862442  0.13644259  0.25122348 -0.84493423  0.08886444]
[ 1.23833856  0.33760033  1.37688824 -0.79622773  1.17342033]
[ 0.14194594 -1.10209222 -0.59509075 -0.84334407 -0.58998526]
[ 0.75105296 -0.21681864  1.13233045 -0.80207827  0.94769911]
[-0.60928604 -0.40482867 -0.18917644 -0.83299981 -0.24231318]
[-0.06108973 -1.11142417  0.50495824 -0.82306696  0.37505525]
[-0.58898247 -0.32963807 -0.68916588 -0.84225316 -0.66947927]
[-0.64989317  0.59357544  0.25624563 -0.81374008  0.22950424]
[-0.14230399 -0.14249135  0.22910381 -0.81130879  0.21923493]
[ 1.5834992   1.05209504  0.87838458 -0.81108039  0.70571666]
[ 0.20285665 -0.38151182  0.25927296 -0.84855745  0.0908258 ]
[ 0.64953512 -0.44979407  0.29035283 -0.82226974  0.19882794]
[ 0.34498161 -0.14035649  0.47763181 -0.8063372   0.43772676]
[ 0.48710658  0.10313259  0.13518016 -0.81832653  0.08379998]
[ 0.34498161  0.10213661  0.44027341 -0.84112485  0.24981166]
[-0.2641254  -1.01589002 -0.48853622 -0.85153166 -0.58648863]
[ 0.14194594 -0.26333219 -0.46369042 -0.82521186 -0.43176307]
[ 0.34498161 -0.01541179 -0.00784462 -0.81719221 -0.01136018]
[ 0.66983869  0.64756714  0.05618852 -0.84302628 -0.11490311]
[ 1.31955283 -0.0242477   0.70115696 -0.80743308  0.57162557]
[ 4.66803017e-01 -2.99337671e-01  1.69150451e-02 -8.17959229e-01 -6.50499886e-04]
[ 0.14194594 -0.34118146 -0.48094773 -0.82916319 -0.46388155]
[ 0.89317792  0.07822423  0.87840638 -0.80049059  0.77984141]
[ 1.90835628  0.67362232  1.45159458 -0.7976264   1.21725208]
[ 1.36015997  0.74739052  0.59856748 -0.8190386   0.44262714]
[-0.4468575  -0.45117511 -0.09057142 -0.81899164 -0.08436553]
[ 0.60892799  0.45338221  0.66173126 -0.83085342  0.45623775]
[-0.14230399 -0.73392405  0.27412765 -0.81741212  0.19665347]
[ 0.46680302 -0.2889357   0.4077617  -0.82495771  0.24525665]
[ 0.02012454 -0.41405466  0.41138096 -0.81091633  0.35349375]
[ 0.93378506  0.67498068  1.19644779 -0.80389033  0.9903096 ]
[ 0.87287436 -0.33055227  0.69352218 -0.81018373  0.55293351]
[ 0.89317792  0.5185895   0.66683938 -0.81122713  0.53718464]
[ 0.64953512 -0.75999884  0.60463188 -0.80944366  0.497546  ]
[-0.5077682   0.25830336 -0.30491647 -0.82162751 -0.26829785]
[ 1.11651716  0.16620079  0.64945411 -0.81112939  0.51679977]
[ 0.24346378 -0.50110962  0.58447241 -0.80765889  0.51541119]
[ 0.02012454 -0.56533102  0.55321996 -0.81701015  0.42903548]
[ 0.06073168 -0.52642625  0.63212733 -0.80539862  0.56516219]
[ 0.69014225 -0.46308975  0.89163925 -0.80650426  0.74847675]
[ 0.36528518 -0.31713365  0.91468997 -0.80160553  0.80493604]
[ 1.29924927  0.11641968  1.51287514 -0.79401225  1.28395422]
[-0.4468575   0.06268475 -0.01862626 -0.81829643 -0.03179943]
[ 0.85257079  0.41277477  1.05494445 -0.8100334   0.86218456]
[ 1.86774914  0.80443427  2.03265688 -0.79281983  1.6686202 ]
[ 1.218035    0.08300684  1.41442662 -0.80820759  1.10994657]
[-0.3859468   0.32038926  0.25316219 -0.86095023  0.08599406]
[-0.18291113 -0.76369419  0.60173677 -0.80841061  0.54344816]
[ 0.16224951 -0.7930624  -0.02566353 -0.82546659 -0.08437772]
[ 1.50228494  0.57563222  1.41191677 -0.79476348  1.20422463]
[ 0.20285665 -0.55892292  0.45242706 -0.80804015  0.40605173]
[-0.46716107 -1.77732747 -0.88088583 -0.86185184 -0.94865229]
[ 1.05560646  0.63113469  1.4303953  -0.79670451  1.20780526]
[-0.2641254   0.57719065 -1.03102332 -0.87825991 -1.13314494]
[ 1.4616778  -0.42551315  2.04410812 -0.79150755  1.67444159]
[-1.31991088 -2.72692159 -1.00812794 -0.85875148 -1.00576433]
[ 0.83226722  0.2458897   1.15464611 -0.80651598  0.93599344]
[ 0.64953512 -0.1705495   1.01504766 -0.81498756  0.80092247]
[ 0.77135652 -0.42361693  1.4693602  -0.82307943  1.1412495 ]
[-0.3859468  -0.75681843 -0.58034735 -0.83484223 -0.57689206]
[ 0.22316021 -0.74709868  0.44198054 -0.81385626  0.35198931]
[ 0.89317792 -0.54356871  1.21197125 -0.80058986  1.03216891]
[-0.54837534 -1.81714341 -0.18260234 -0.82649399 -0.21265327]
[-0.36564323 -1.32345394  0.39810582 -0.81875378  0.30347254]
[ 1.48198137  0.09911934  1.61837992 -0.79588867  1.34232516]
[ 0.04042811 -0.73081991  0.73087517 -0.81180747  0.59992348]
[ 0.50741015 -0.38604558  1.23891386 -0.79990652  1.04859246]
[-1.44173229 -3.45469817 -0.40541759 -0.82609585 -0.34065267]
[-1.36051802 -3.7591429  -0.31817462 -0.82566575 -0.27004683]
[ 0.26376735 -1.04577822  1.01557504 -0.79866661  0.89754668]
[-2.76146414 -2.65314492 -3.15339729 -0.99184412 -3.47852217]
[ 0.75105296  0.05483817  0.26701745 -0.82985404  0.14531792]
[ 0.10133881 -0.42344646 -0.05774801 -0.83281949 -0.12093485]
[-0.75141101 -1.52816576 -0.51977845 -0.83163435 -0.50777436]
[ 1.2789457   0.86180342  0.87593502 -0.81531871  0.69167169]
[ 0.20285665 -0.07904359  0.24712005 -0.8170526   0.19718408]
[-0.12200043 -0.43096413 -0.32417742 -0.82907178 -0.35475338]
[-1.31991088 -0.59498931 -0.72975005 -0.82361653 -0.6206255 ]
[ 0.30437448 -0.27660131  0.55476682 -0.81103806  0.46579955]
[-0.6295896  -0.13111621 -0.75243013 -0.8412185  -0.7404719 ]
[-0.64989317 -1.89425195 -0.73921917 -0.86970218 -0.78781564]
[ 0.24346378 -0.61196264  0.43779938 -0.82267821  0.32102526]
[-0.42655393 -0.74425959  0.09053786 -0.8107649   0.13114504]
[ 1.05560646 -0.06600135  1.11366157 -0.80246394  0.93540639]
[-0.89353598 -1.10500957 -0.36411366 -0.83719937 -0.3828343 ]
[ 0.24346378  0.01862805  0.48435911 -0.8299513   0.36029416]
[ 0.69014225 -0.60195991  1.27726778 -0.82473475  1.00074092]
[ 0.56832085  0.05025626  1.00581402 -0.8121494   0.82308595]
[-0.64989317 -0.65114111 -0.22552673 -0.82870953 -0.23857449]
[ 1.36015997  0.3167857   1.29960745 -0.79582683  1.11409589]
[ 1.76623131  0.23178107  1.93144543 -0.79072249  1.61240503]
[-0.34533967 -0.01953479  0.02951134 -0.81733397  0.01944775]
[ 1.50228494  0.80015514  1.3758467  -0.80503609  1.10005215]
[-0.22351826 -0.3478788  -0.18310966 -0.83822632 -0.23032795]
[-0.58898247 -0.76074293 -0.17779605 -0.8384914  -0.19532897]
[-1.03566094 -0.1375151  -1.10570655 -0.83919536 -1.03321432]
[ 0.28407091 -1.30697536  0.79978137 -0.80617788  0.67981163]
[-0.42655393 -0.90673995  0.18526492 -0.81674625  0.17848413]
[-0.36564323 -0.79007711  0.6969215  -0.80014473  0.65580631]
[-0.18291113 -1.24455524 -0.24495005 -0.83438437 -0.26479283]
[-1.68537509 -1.3428309  -1.56350758 -0.90605549 -1.63179772]
[ 0.44649945 -0.15812634  0.3359575  -0.81311204  0.26653471]
[ 0.32467805  1.23284289  0.11625264 -0.81726726  0.08391963]
[-0.2032147   1.00313617 -0.27068014 -0.84358881 -0.30592689]
[-0.3250361  -0.10424089  0.3358771  -0.8157701   0.29400934]
[-0.2641254  -1.55121474  0.19121324 -0.8477436   0.05071952]
[ 0.02012454 -0.57587463  0.09126834 -0.82206759  0.04020857]
[ 0.71044582  0.1524769   0.88881231 -0.80272697  0.7765986 ]
[ 1.03530289  0.17423943  0.43350857 -0.81094343  0.35707588]
[-0.36564323  0.26861663  0.17881724 -0.81620517  0.15113247]
[ 0.14194594 -0.56443111  0.86239277 -0.80448572  0.74717884]
[-0.2641254  -1.01589002  0.20888904 -0.82325977  0.12757415]
[ 0.22316021 -0.45779509  0.49303271 -0.82006699  0.35977955]
[ 1.11651716  0.293908    1.12530767 -0.82886492  0.82967423]
[-0.64989317 -1.07069274 -0.00273398 -0.82474997 -0.04233073]
[ 1.76623131  0.77389162  1.75970282 -0.79376234  1.45432885]
[ 0.30437448 -0.64499181  0.44542267 -0.82851394  0.28881797]
[ 0.10133881  0.67324349 -0.04782021 -0.83830953 -0.1258362 ]
[ 0.02012454 -0.19716979  0.53487528 -0.80834448  0.46364858]
[-1.27930375  0.829643   -0.74856636 -0.83634653 -0.70015766]
[ 0.32467805 -1.07762995  0.98654408 -0.8023184   0.84759938]
[ 0.06073168 -0.52642625  0.84263354 -0.80572246  0.72499142]
[ 0.22316021 -0.01255815  0.73008532 -0.80369271  0.64598481]
[-0.28442896 -0.12602037 -0.07105795 -0.8225828  -0.09093528]
[ 0.50741015  0.36152058  0.29590402 -0.83710647  0.15943546]
[ 0.02012454  0.02170817  0.67448105 -0.80679767  0.58614214]
[-1.79025228e-04 -4.99400850e-01  6.79295609e-01 -8.09328576e-01  5.70323822e-01]
[-0.28442896 -1.13219224 -0.12872379 -0.81808036 -0.11458324]
[-0.34533967 -0.6026886   0.23197461 -0.81944978  0.16158152]
[-0.6905003  -0.36651842 -0.24233189 -0.82996511 -0.26563582]
[-0.5077682  -1.23355449 -0.63506294 -0.83363758 -0.60286211]
[ 0.02012454 -0.6692561   0.22922205 -0.83486778  0.12422551]
[ 0.26376735  0.03785171 -0.00163892 -0.81909829 -0.02497233]
[-0.4468575  -0.91738516 -1.15124927 -0.85194693 -1.18358632]
[-0.18291113 -0.37715912 -0.2548934  -0.84463437 -0.32548028]
[ 0.18255308  0.11863897  0.49511243 -0.81092795  0.42027722]
[ 0.87287436  0.23545996  1.23799938 -0.81506204  0.96248306]
[-0.08139329 -0.30965904  0.50414921 -0.83004421  0.38704914]
[ 0.48710658  0.18529362  1.08985918 -0.80339833  0.92075211]
[ 0.97439219  0.32050293  0.77195803 -0.80939167  0.62472315]
[ 0.44649945 -0.31739967  0.83049146 -0.80923697  0.68474498]
[ 0.44649945 -0.14724141  0.51531453 -0.81430438  0.41174636]
[-0.95444668 -1.07420332 -0.26071356 -0.81442691 -0.1722494 ]
[ 0.71044582  0.39666687  0.81543965 -0.80358707  0.71243699]
[-0.60928604 -0.70147918 -0.71078732 -0.8630742  -0.78871924]
[ 0.46680302 -0.20455877  0.93666116 -0.82625404  0.72728506]
[-0.3250361  -0.09108159 -0.23647501 -0.82105349 -0.22139413]
[-0.24382183 -1.05401832 -0.17049228 -0.84064509 -0.22305571]
[-0.14230399 -1.13373074  0.43036796 -0.81449185  0.34443873]
[-0.10169686 -0.35324863  0.7109434  -0.81512464  0.57964645]
[ 1.01499933 -0.01867047  0.99319611 -0.82752575  0.75547913]
[-0.08139329 -0.54624625  0.65433512 -0.8014543   0.62003616]
[ 0.71044582  0.36077953  0.61682709 -0.81437212  0.47224445]
[ 0.52771372  0.4934156   0.63933009 -0.80879267  0.54026615]
[-0.52807177 -0.12629244 -0.35844698 -0.84691026 -0.41378132]
[-0.06108973 -0.98221797 -0.04206558 -0.83242109 -0.10128613]
[-0.42655393 -0.59637723 -0.1779667  -0.84496977 -0.2816873 ]
[ 0.46680302 -0.02936597  0.35337392 -0.81397192  0.28298285]
[-0.30473253 -1.07575146  0.21957877 -0.81773034  0.17514816]
[ 0.48710658 -0.20776066  0.88041368 -0.80033173  0.78915477]
[ 0.36528518 -0.1880919   0.28088034 -0.83194774  0.17854811]
[ 0.81196366  0.74716235  0.26421413 -0.8394629   0.10465851]
[ 0.36528518  0.20574525  0.31096955 -0.81877227  0.21385452]
[ 0.87287436  0.15821448  1.11012148 -0.82874717  0.83347437]
[ 0.40589232 -0.24857103  0.36584295 -0.84787253  0.19561739]
[ 1.62410634  0.91653641  0.58667746 -0.81668173  0.40992355]
[ 0.32467805 -0.03425068  0.2788821  -0.81376289  0.21755055]
[ 0.16224951 -0.25523697  0.40309123 -0.81552106  0.31417501]
[-0.3859468  -0.27314005 -0.71143423 -0.88926462 -0.91754431]
[ 0.60892799 -0.17443387  0.70262907 -0.82080357  0.52152605]
[ 0.26376735  0.50891967  0.04992582 -0.81933294  0.01696501]
[ 1.1571243  -0.21615586  1.42627319 -0.79529718  1.22177625]
[ 1.19773143 -0.21239327  1.07810431 -0.81123673  0.87115303]
[ 1.4007671   0.75600843  1.49410139 -0.80082303  1.20926009]
[ 0.34498161 -0.4900493  -0.12140245 -0.84365514 -0.21978729]
[ 1.03530289 -0.60460676  1.16392079 -0.79871248  0.9956922 ]
[ 0.22316021 -0.26457091 -0.26893655 -0.85299437 -0.37962446]
[ 1.17742786 -0.57925368  1.06378635 -0.80168668  0.90815842]
[ 0.16224951 -0.89616715  0.59516754 -0.81240611  0.49242097]
[-0.85292884 -0.42350868 -0.75040909 -0.85767375 -0.78752923]
[ 0.97439219  0.72180734  0.52230724 -0.82069695  0.38169473]
[-0.81232171 -1.0783924  -0.99454414 -0.84870402 -0.95361822]
[-0.14230399 -0.15490088  0.06186655 -0.84064387 -0.03990761]
[ 0.97439219  0.50409002  1.34475799 -0.79448323  1.169176  ]
[ 1.03530289 -0.08233066  1.10113827 -0.81032111  0.8950516 ]
[-0.24382183 -1.12996559 -0.24933183 -0.83192366 -0.29686523]
[-0.06108973  0.22615175  0.24754946 -0.81146911  0.22490734]
[-1.34021445 -1.5599877  -0.71517496 -0.83103117 -0.63582121]
[-0.18291113 -0.22128293  0.19795023 -0.81212894  0.19119926]
[-0.14230399 -0.27660131  0.18039764 -0.84428542  0.05338482]
[-0.73110744 -0.46676508 -0.03208465 -0.83148693 -0.06648489]
[-0.18291113 -0.89616715  0.7378701  -0.80696076  0.64346603]
[-1.48233942 -0.95340187 -1.23342066 -0.86678359 -1.28822707]
[ 0.06073168  0.46021076  0.39749944 -0.81099905  0.34215708]
[ 0.06073168 -0.19259238  0.62022043 -0.81440539  0.50137883]
[-0.10169686 -0.63078475  0.5476305  -0.81325576  0.46603645]
[-0.34533967 -0.12608531 -0.08058275 -0.84602453 -0.14624412]
[-0.79201814 -0.78934546 -0.18082743 -0.82853946 -0.20152157]
[ 0.14194594  0.16718578 -0.10147124 -0.8215037  -0.1242348 ]
[ 0.40589232 -0.7437414   1.75018775 -0.7911262   1.4938717 ]
[-0.99505381 -0.93304607 -0.39749568 -0.86036415 -0.47405203]
[-1.79025228e-04 -5.74314768e-01  8.64962050e-01 -8.13581049e-01  7.13111142e-01]
[-0.10169686  0.03881403  0.19083962 -0.82620921  0.10384049]
[ 1.17742786 -0.02825938  1.86042531 -0.79316011  1.5454107 ]
[-0.40625037 -0.94840711  0.2610684  -0.81597171  0.21451411]
[-0.4468575  -0.42662557  0.35261535 -0.80884683  0.33279031]
[-0.14230399 -1.11539815  0.5374194  -0.80713636  0.4862492 ]
[ 0.89317792 -0.40771275  0.7007247  -0.81516326  0.54736781]
[-0.22351826  0.68435796  0.00526046 -0.82151352 -0.02311639]
[-0.87323241 -0.84804554 -0.21357882 -0.82206514 -0.19826073]
[ 0.42619588  0.39986344  1.03859922 -0.80917471  0.84651594]
[-0.02048259 -0.74865148  0.27023263 -0.8145478   0.2101111 ]
[-2.43660707 -2.96138663 -3.31844779 -1.19207354 -4.08058005]
[-2.21326783 -3.98431566 -2.29541045 -0.94227934 -2.4878308 ]
[-1.88841076 -3.95144378 -1.54262545 -0.9930971  -1.708475  ]
[-0.30473253 -0.96726487  0.06228259 -0.8147681   0.07309921]
[-1.74628579 -1.97253154 -1.60608947 -0.97511139 -1.79504373]
[-1.86810719 -2.02636419 -1.85994948 -0.91558673 -2.00788127]
[-1.68537509 -2.20631627 -1.58401523 -0.97507548 -1.77763364]
[-0.4468575  -0.3644502  -0.0951668  -0.85520294 -0.22566397]
[-1.25900018 -1.51210981 -0.78762149 -0.86311531 -0.82498174]
[-1.01535738 -2.29332186 -0.64420464 -0.83385052 -0.63055415]
[-2.2335714  -2.36707887 -2.20366479 -0.90511891 -2.28411282]
[-0.34533967 -1.9402823  -0.08052423 -0.81575985 -0.0437536 ]
[-0.48746463 -0.02509438  0.31327725 -0.81982939  0.26116727]
[-2.68024988 -3.51904315 -2.08107992 -0.8943411  -2.06288011]
[-1.62446439 -0.75641546 -2.04584619 -1.0542718  -2.45071611]
[-2.39599994 -3.19134683 -2.66524577 -0.96025056 -2.94713891]
[-1.82750006 -1.61995903 -1.45182363 -0.8777217  -1.48708701]
[-1.96962503 -4.12289934 -1.44514766 -0.84345005 -1.33046117]
[-1.60416082 -3.03055666 -1.15928189 -0.86556054 -1.1518014 ]
[-1.15748235 -1.81445224 -1.29529608 -0.95676216 -1.53320004]
[-1.96962503 -1.43492006 -2.2702192  -1.1177944  -2.72613165]
[-1.66507152 -2.80498447 -1.20658597 -0.8329788  -1.07566622]
[-0.28442896 -0.79221315 -0.05138646 -0.81655981 -0.0342231 ]
[-0.14230399 -0.96457348  0.33069896 -0.8130851   0.29600012]
[-0.60928604 -1.29119236 -0.32857175 -0.8265436  -0.30780825]
[-0.93414311 -2.11578496 -0.47778332 -0.84749445 -0.49381754]
[-1.23869662 -1.8056216  -0.57215689 -0.82396036 -0.48874976]
[-1.56355369 -1.72053751 -1.51909458 -1.03666165 -1.74410909]
[-1.46203585 -1.22225444 -1.0755027  -0.83555928 -0.97985919]
[-0.40625037 -1.09010045 -0.42123782 -0.85121229 -0.48688985]
[-0.22351826 -0.73067377  0.55336845 -0.80845692  0.50153224]
[-0.2032147  -1.16470963  0.41957178 -0.81169513  0.36616728]
[-0.46716107  0.95141709 -0.34670259 -0.83875208 -0.34437914]
[-0.67019674 -1.43223078  0.14816314 -0.82222857  0.11505944]
[-1.01535738 -2.51402455 -0.43408016 -0.82994658 -0.41892068]
[ 0.06073168  0.3497605   0.36541562 -0.80954881  0.32844414]
[ 0.91348149 -0.74208664  1.25107128 -0.79812982  1.05601111]
[-1.56355369 -2.24456561 -2.0240289  -0.88106134 -2.05976273]
[-0.30473253 -1.7394158   0.16773857 -0.81839049  0.1449771 ]
[-1.64476796 -2.77299312 -0.63344908 -0.87175701 -0.7036401 ]
[-2.59903561 -2.49729237 -2.0011755  -0.85786085 -1.89512542]
[-1.42142872 -2.35587726 -0.87571051 -0.83980461 -0.83665026]
[-1.90871433 -2.17292974 -2.04041408 -0.88216162 -2.06714419]
[-1.19808948 -2.26842869 -0.5148724  -0.82918322 -0.46846376]
[-2.11175    -0.9145519  -2.96500118 -1.16589883 -3.65690101]
[-0.18291113 -0.87614887  0.22000497 -0.84132825  0.10304109]
[-1.17778591 -1.07391145 -0.57731257 -0.83529384 -0.54779165]
[-2.03053573 -3.07676202 -1.6439119  -0.85852213 -1.58742788]
[-2.86298198 -4.18154762 -3.23843097 -0.94379666 -3.4843216 ]
[-1.92901789 -2.22380825 -2.17116961 -1.03086891 -2.46057061]
[-1.64476796 -2.11317149 -1.15017213 -0.8641627  -1.1395377 ]
[ 0.06073168 -1.91959231  0.36854515 -0.81158667  0.33619258]
[-1.52294655 -2.51007119 -0.86526649 -0.83142924 -0.77291729]
[-1.09657165 -2.64412988 -0.54191823 -0.83874435 -0.55413219]
[ 0.18255308 -1.40193519  0.63151104 -0.81693     0.50131669]
[-2.37569637 -2.74168243 -2.37804123 -1.05252879 -2.73046554]
[-1.74628579 -3.74514029 -1.08103737 -0.83255954 -0.95960788]
[-1.54325012 -0.35043558 -1.71598802 -0.90467878 -1.86590766]
[-1.29960732 -2.83697582 -1.19358371 -0.86266145 -1.1961229 ]
[-1.01535738 -2.17870791 -0.46735154 -0.82413118 -0.40119267]
[-0.40625037  0.9858843   0.49293093 -0.80926877  0.44771379]
[-1.38082158 -0.21464473 -0.60075862 -0.87159627 -0.65696572]
[-1.21839305 -0.51684113 -1.38494249 -0.89195413 -1.45106382]
[-1.70567866 -3.45164645 -1.02613209 -0.86521425 -1.04803175]
[-0.08139329 -0.43567903  0.23886292 -0.81308203  0.19349656]
[ 0.32467805 -0.83322142  0.22902093 -0.81899858  0.14835905]
[ 0.50741015 -0.05970463  0.71702904 -0.80641806  0.61626015]
[-0.02048259 -0.20182612 -0.78193234 -0.87219896 -0.87391109]
[ 0.10133881 -0.17646946  0.4539373  -0.80888039  0.40437327]
[-1.86810719 -0.63584537 -1.4107212  -0.84037065 -1.29167212]
[-3.14723192  1.56317818 -3.5204506  -0.96105332 -3.77107401]
[-0.04078616 -0.86707956 -0.90583033 -0.86336479 -1.00498426]
[-0.60928604 -1.19220544 -0.0684704  -0.82248775 -0.09691001]
[ 0.04042811 -0.79017611  0.85510135 -0.80352028  0.74791365]
[-1.13717878 -0.39381647 -0.50115489 -0.84119065 -0.52565637]
[-0.81232171 -2.02003078  0.27182008 -0.81507438  0.25201752]
[ 0.54801729 -0.53647726  0.54101073 -0.83655368  0.33865863]
[ 0.54801729 -0.06750988  0.33470471 -0.82626434  0.18740816]
[-0.75141101 -0.94197609 -0.55159354 -0.83183235 -0.54445351]
[-0.46716107 -1.59827852  0.16435481 -0.81760655  0.13522574]
[ 0.02012454 -0.67946686 -0.16807974 -0.8498791  -0.25724462]
[-0.71080387 -1.46600196 -1.52462615 -0.87837882 -1.60323957]
[ 0.08103524 -0.29924325  0.19868905 -0.82417236  0.12398797]
[-0.24382183 -1.01531443  0.03838987 -0.81283422  0.06266414]
[-0.48746463 -0.55574636  0.06707001 -0.81233776  0.08827345]
[ 0.64953512 -0.33292548  0.66490199 -0.80677526  0.57923879]
[ 0.06073168 -0.34133207 -0.10708137 -0.81878041 -0.10498284]
[-0.34533967 -1.37496611 -0.0652856  -0.84093014 -0.1374315 ]
[ 0.95408863 -0.42282899  0.80458342 -0.80229511  0.70815461]
[-0.79201814 -1.56259092  0.0297673  -0.81131638  0.07348572]
[ 0.16224951 -0.46207644  0.90934003 -0.80309995  0.78922692]
[ 1.05560646 -0.23995574  1.4941925  -0.80078273  1.23074988]
[-0.75141101 -1.61967332 -1.07625698 -0.84681993 -1.0663624 ]
[ 0.60892799  0.31886473  0.22408448 -0.80906751  0.21718396]
[-0.14230399 -1.13373074  0.12694467 -0.81785578  0.09022257]
[-1.48233942 -2.76293721 -0.46048465 -0.82692854 -0.4098897 ]
[-0.60928604 -1.21227218 -0.48682334 -0.84740911 -0.56043642]
[-0.5077682  -1.4922794  -0.02192423 -0.81343555  0.01746438]
[-0.36564323 -0.44882719  0.09336647 -0.82267407  0.0496162 ]
[ 0.16224951 -0.31090952  0.8271777  -0.81098521  0.69557001]
[ 0.12164238 -0.54212953  0.22259081 -0.81936872  0.14553977]
[-0.4468575  -2.33473692  0.13828876 -0.82237725  0.08317431]
[ 0.85257079  0.49589534  0.39934836 -0.81464551  0.30224734]
[-1.58385725 -2.33300817 -1.18866525 -0.8644709  -1.18530676]
[-1.62446439 -2.77075099 -1.02343549 -0.84085544 -0.96127906]
[-0.97475024 -1.76313642 -0.22253911 -0.82071829 -0.1878591 ]
[-0.5077682  -1.23355449  0.07333238 -0.85853685 -0.03638307]
[-1.84780363 -3.35650097 -1.50085519 -0.87178715 -1.50055914]
[ 0.04042811 -0.62936847  0.21384206 -0.80772186  0.23056763]
[ 0.42619588 -1.17892204  0.80371881 -0.80763678  0.66981965]
[-0.85292884 -1.78996706 -0.04367043 -0.84320531 -0.10587846]
[ 0.10133881 -0.58196578 -0.05782897 -0.8280658  -0.1181909 ]
[-0.6905003  -1.5187951   0.12370208 -0.82006635  0.10986734]
[-0.6905003  -0.98563515  0.08548106 -0.81265243  0.10571225]
[ 0.20285665  0.74521997  0.61910318 -0.81690988  0.49620873]
[ 0.38558875  0.21242056  0.14251557 -0.82083307  0.06921206]
[-2.53812491 -3.74248945 -2.54790216 -0.93824679 -2.7212528 ]
[-0.40625037 -0.28239164  0.42805672 -0.80669132  0.41931198]
[ 0.64953512  0.5525689   0.94952817 -0.81124576  0.76061242]
[-0.64989317 -0.80505453  0.64516713 -0.81161615  0.56461995]
[-0.79201814 -1.75108756 -0.44981222 -0.85063345 -0.53531412]
[ 0.26376735 -0.29243686  0.10002566 -0.87058389 -0.06315231]
[ 0.30437448 -0.7309496   1.07050438 -0.8029168   0.90452189]
[ 1.44137424  0.34814919  1.89098074 -0.79092662  1.58354141]
[ 0.93378506  0.25325364  0.619415   -0.81806729  0.46096542]
[ 1.64440991  0.54348792  1.75978582 -0.79176173  1.46680233]
[ 0.60892799  0.42856245  0.04410897 -0.82216082 -0.02607673]
[ 0.60892799  0.46585363  1.07037668 -0.80383208  0.90479749]
[-0.97475024  0.65659092 -0.90960317 -0.82994027 -0.81603103]
[-0.79201814 -1.01068949 -0.96315669 -0.85768184 -0.97280633]
[ 0.58862442  0.11356832  0.23756328 -0.82116867  0.14207879]
[-0.10169686 -0.533545   -0.21142956 -0.82556725 -0.23633756]
[ 1.1571243   0.73879827  1.47831904 -0.80260348  1.18797481]
[-1.29960732 -1.36115572 -0.89441319 -0.8447557  -0.85841848]
[-0.22351826 -0.13866877 -0.29337657 -0.83806444 -0.31965294]
[ 0.16224951 -0.76434463  0.33443827 -0.80680942  0.32461968]
[ 0.73074939 -0.59540704  1.01101829 -0.79971881  0.89944925]
[ 0.22316021 -0.86875274  0.98843126 -0.80300453  0.85081212]
[ 0.36528518 -0.11052186  0.12893198 -0.82531981  0.05468912]
[-1.79025228e-04  1.42024260e-01  4.06505809e-01 -8.24326802e-01  2.90344164e-01]
[-1.79025228e-04 -8.08904359e-01 -8.18112282e-01 -8.58522465e-01 -8.80592894e-01]
[-1.79025228e-04 -9.15230719e-01 -5.77557119e-02 -8.21993232e-01 -7.70983118e-02]
[ 0.48710658  0.09154651  0.74175794 -0.80834241  0.61866793]
[-0.36564323  1.40753033  0.31053815 -0.81913918  0.23280423]
[-0.46716107 -0.62824679 -0.49533015 -0.83729722 -0.52136625]
[-0.6905003  -0.873389   -0.60234996 -0.82666867 -0.53971436]
[ 0.40589232 -0.15111962 -0.25411213 -0.82356431 -0.25784221]
[ 1.64440991  0.04961253  1.77121536 -0.79436942  1.46294742]
[ 0.28407091 -0.30610445  0.89660657 -0.83197502  0.68402284]
[-1.79025228e-04  1.42024260e-01  2.85641086e-01 -8.18711549e-01  2.19182830e-01]
[ 0.46680302  0.28738886  0.64630045 -0.80774436  0.55117299]
[ 0.32467805 -0.81500132  0.36856461 -0.83445243  0.24159571]
[-1.50264299 -2.35331483 -1.65775523 -0.8984384  -1.77081418]
[ 0.14194594 -0.47058678  0.87509354 -0.8081257   0.73758633]
[ 0.02012454 -0.58638423  0.0653992  -0.83359283 -0.03876064]
[-0.89353598 -0.95562645 -1.01271257 -0.85927094 -1.04831167]
[ 0.91348149  0.57199835  0.67042792 -0.86200134  0.4373165 ]
[-0.46716107 -0.01631033 -0.27758393 -0.82267048 -0.2615428 ]
[ 0.40589232 -0.03953271  0.8392464  -0.80323415  0.73844707]
[-0.08139329 -0.44690356 -0.53143614 -0.85372134 -0.59955673]
[ 0.83226722  0.06987254  0.35649301 -0.83555017  0.16416411]
[ 0.34498161 -0.59892417  0.4475999  -0.81225678  0.38000208]
[ 0.22316021 -1.12401315  0.51440797 -0.81337596  0.41828243]
[-0.79201814 -1.64498018 -0.76625321 -0.82899071 -0.69143041]
[ 0.14194594 -0.43870281  0.15097898 -0.80924556  0.15298962]
[ 0.64953512 -0.11819491  1.35934114 -0.79418248  1.17457314]
[ 1.1571243   0.02492653  1.00228684 -0.80682462  0.81492667]
[-0.6295896  -1.00582483 -0.67574945 -0.83278975 -0.66567167]
[ 0.14194594 -0.37400469  0.03472565 -0.82444463 -0.02059068]
[ 0.46680302 -0.76378129  0.45452387 -0.80752131  0.415534  ]
[ 0.95408863 -0.86459692  0.96761315 -0.81067033  0.75063201]
[ 0.40589232 -0.08459528  0.35082123 -0.80622441  0.33427776]
[-0.4468575  -0.94894108  0.01229268 -0.83112346 -0.04744461]
[ 0.30437448  0.46731402  0.56261836 -0.80482876  0.50523637]
[ 1.3398564   1.1625477   0.92819906 -0.80607792  0.77024687]
[ 0.79166009  0.08950578  0.77799062 -0.81688785  0.60254856]
[ 0.56832085 -0.30257114  1.35295629 -0.79772759  1.14720655]
[ 0.04042811 -0.99865173  1.12735187 -0.79986166  0.97357345]
[-0.46716107 -0.74264641  0.16097914 -0.80957623  0.18040474]
[ 0.54801729 -0.47889001  0.64956323 -0.81436826  0.52078628]
[ 0.42619588 -1.23396236  0.07802963 -0.86537793 -0.07989339]
[ 1.86774914  0.6131386   1.39551868 -0.80363439  1.10896261]
[ 0.08103524 -0.28794112 -0.61088343 -0.85555622 -0.74323598]
[-0.67019674 -1.90673949 -0.21567085 -0.8454724  -0.26577854]
[-0.18291113  0.23675325  0.25720633 -0.81723788  0.20838638]
[ 0.42619588 -0.08846605  0.54019792 -0.80663489  0.48254162]
[-0.58898247 -0.49644725 -0.42201999 -0.82967923 -0.41984218]
[-0.08139329 -0.69500941  0.65230175 -0.81599578  0.51174246]
[ 0.06073168 -1.07030548  0.47313081 -0.8170517   0.35244868]
[-0.87323241 -0.30797173 -0.87567522 -0.83924907 -0.84887028]
[-0.02048259  0.34988706  0.68142954 -0.80484907  0.61789016]
[ 0.14194594  0.11668831  0.52423538 -0.81062576  0.45460781]
[ 0.95408863  0.13949764  0.43659448 -0.82583756  0.28140011]
[ 0.26376735 -0.11409224  0.79125902 -0.82676683  0.60596855]
[ 0.75105296  0.7196441   1.06604357 -0.80141512  0.90636748]
[ 0.44649945 -0.24399258  0.59608161 -0.81146432  0.48918178]
[-1.68537509 -1.9630544  -1.8481981  -0.88739753 -1.90381842]
[-1.68537509 -2.20631627 -1.58401523 -0.97507548 -1.77763364]
[-1.78689293 -2.08312488 -1.50555078 -0.87572574 -1.51528117]
[-0.95444668 -2.5656025  -0.30879364 -0.84785358 -0.37490737]
[-1.90871433 -0.81035471 -1.5266909  -0.84749592 -1.4368391 ]
[ 0.02012454 -1.4428429   0.29075449 -0.83933899  0.17043309]
[ 0.08103524 -1.19119851  0.40860569 -0.83439819  0.26968618]
[-0.75141101 -2.24893101 -0.44693702 -0.83568911 -0.46916479]
[ 0.56832085 -1.14789115  0.51070787 -0.84298089  0.3000787 ]
[-0.4468575  -1.21906792 -0.04267157 -0.81998452 -0.05356699]
[-0.79201814 -1.91088917  0.22521989 -0.80970438  0.24972429]
[ 0.06073168 -0.48379378  0.20912258 -0.8171741   0.14863259]
[-0.52807177 -1.33077288 -0.48663833 -0.84605755 -0.5421516 ]
[-0.67019674 -0.97417005 -0.42645941 -0.83680054 -0.45633171]
[-1.13717878 -2.25618974 -0.21546783 -0.82319726 -0.19695625]
[-0.77171457 -0.38090956 -0.4389233  -0.82957904 -0.43108188]
[ 0.06073168 -0.80040736 -0.65092927 -0.85107756 -0.70382718]
[-2.25387497 -2.37773765 -1.55475251 -0.84766176 -1.4545932 ]
[-0.10169686 -1.34130977 -0.09779293 -0.85727843 -0.25957047]
[-0.60928604 -1.52471221  0.07351901 -0.81281093  0.09552348]
[-2.07114286 -1.33390389 -2.51767377 -0.96544427 -2.79025299]
[-0.06108973 -0.89616715  0.40980997 -0.81468043  0.3366169 ]
[-1.44173229 -2.70239331 -0.71422462 -0.8348633  -0.65257377]
[ 0.04042811 -0.24729752 -0.05749695 -0.81876338 -0.07430267]
[-1.03566094 -1.64448824 -0.82978042 -0.88822252 -0.93806158]
[ 0.18255308 -0.57769873  0.67506521 -0.81090943  0.55921925]
[-0.10169686 -0.86666402 -0.78474103 -0.86550653 -0.90630355]
[ 0.66983869  0.06143075  1.11777449 -0.8139731   0.88747185]
[-0.52807177 -0.99247273 -0.67386879 -0.85339322 -0.72655431]
[-0.87323241 -1.0589049  -0.12703929 -0.81968752 -0.09649323]
[-0.3250361  -1.45940883 -0.01445773 -0.82444728 -0.04419214]
[ 0.36528518  0.00336564  0.9868086  -0.80583299  0.85897322]
[ 0.14194594 -0.13730295 -0.11869804 -0.86516989 -0.28330676]
[-1.03566094 -0.29171267 -0.57409944 -0.83177378 -0.53693932]
[-0.93414311 -0.70841993 -0.83898791 -0.87935754 -0.92398117]
[ 0.91348149  0.20321284  0.87431367 -0.8070022   0.73097069]
[ 0.87287436 -0.02277037  0.71914804 -0.84641571  0.47776385]
[-0.46716107 -0.59311864 -0.44447508 -0.86361083 -0.57336381]
[-1.31991088 -2.62266433 -0.38309241 -0.81809166 -0.2920049 ]
[ 0.10133881 -0.71337599  0.41698232 -0.80540419  0.40869755]
[-0.3859468  -1.27970791 -0.09319087 -0.81632222 -0.0661746 ]
[ 0.54801729 -0.21719089  0.43311727 -0.80792869  0.38843107]
[ 0.18255308 -0.43247934 -0.0094911  -0.82099114 -0.04933474]
[ 0.81196366  0.10676091  1.23630434 -0.80691624  1.01081128]
[ 0.71044582  0.07458117  0.68062786 -0.80573518  0.59502832]
[ 0.16224951  0.03742521 -0.31853385 -0.81532296 -0.22776371]
[-0.85292884 -0.8723377  -0.97259686 -0.84151244 -0.89898118]
[ 0.08103524 -0.34407878 -0.27839222 -0.82999317 -0.31888876]
[-0.02048259 -0.68765942  0.2180962  -0.82055082  0.1501324 ]
[-0.42655393 -0.87491275 -0.17798656 -0.81757034 -0.13808824]
[-0.79201814 -1.42935635  0.21586218 -0.81435735  0.20263897]
[-1.72598222 -3.13907597 -1.22602026 -0.91154982 -1.33895499]
[-1.82750006 -3.03297137 -1.03661322 -0.83566924 -0.94224515]
[-0.5686789  -1.15914077  0.32637877 -0.81509355  0.28292816]
[-0.28442896 -1.10367725  0.96271653 -0.80620536  0.81859244]
[ 0.16224951 -0.53516028  0.93981183 -0.80220849  0.82539208]
[-1.21839305  0.28621041 -0.758289   -0.82342375 -0.62514864]
[-1.31991088 -1.43329077 -0.62078484 -0.84464499 -0.644035  ]
[ 0.36528518 -0.16610549  0.25001141 -0.8415632   0.10542228]
[-1.38082158 -1.77098933 -0.51089957 -0.82086816 -0.41200944]
[-0.3859468  -1.11852357  0.10102557 -0.82756257  0.01241242]
[-0.34533967 -0.89616715 -0.41709108 -0.8273367  -0.39320619]
[ 1.0962136   1.09493352  1.8026949  -0.7922433   1.51912488]
[ 0.26376735 -0.50294425 -0.35986876 -0.82617834 -0.3699618 ]
[ 0.22316021 -0.11786956  0.02545427 -0.83172627 -0.07931661]
[-0.16260756 -0.64834082 -0.15141528 -0.82348015 -0.17796796]
[-0.6295896  -0.52963011 -0.11530231 -0.82290708 -0.12305921]
[-2.1726607  -2.82660389 -2.04573159 -0.88541789 -2.05367671]
[-1.36051802 -2.26698357 -1.47146694 -0.88413379 -1.57024019]
[-0.36564323 -1.8418668  -0.15278939 -0.82203319 -0.13965829]
[-0.79201814 -1.03308778 -0.19795382 -0.81750476 -0.13994676]
[-0.5686789  -1.06708187 -0.39602973 -0.83275682 -0.41804627]
[-0.42655393 -1.18879597  0.61727012 -0.81636874  0.50815921]
[-0.34533967 -0.20391481  0.35473984 -0.80837496  0.34298834]
[ 0.42619588 -0.65160169  0.3020551  -0.82182684  0.22556524]
[ 0.24346378 -0.81355837  0.64166689 -0.81528282  0.50107638]
[-0.81232171 -1.00000501 -0.86927224 -0.84144737 -0.83448329]
[-1.29960732 -1.2303728  -0.83110646 -0.89102621 -0.91003488]
[-0.24382183 -0.13449905 -0.21178402 -0.82746553 -0.21089344]
[-1.15748235 -1.49461144 -1.06503205 -0.8951071  -1.15652896]
[ 0.34498161  1.03343754  0.20250144 -0.86343231 -0.05000998]
[-0.02048259 -0.37552359  0.33921755 -0.8138369   0.28167873]
[-0.93414311 -1.78126122 -0.48656795 -0.82025805 -0.39860596]
[ 0.32467805 -0.22529968  0.61676957 -0.83536536  0.44440246]
[-0.2641254  -0.7289993   0.06810637 -0.8273226  -0.02795113]
[-0.28442896 -1.81113781  0.61355528 -0.81238743  0.51314021]
[-0.54837534 -1.28531595 -0.13616052 -0.84461542 -0.20336022]
[-0.02048259 -0.64634222  0.67808025 -0.80915427  0.59331523]
[-0.42655393 -1.30195309 -0.05860438 -0.81193844 -0.01282961]
[-0.71080387 -1.52188763 -0.15721946 -0.82606708 -0.15862177]
[-1.07626808 -1.8410856  -0.45626723 -0.86848208 -0.58112776]
[ 0.48710658  0.45618469  0.04321305 -0.83159069 -0.08147392]
[-0.2641254  -1.13107364  0.44380959 -0.8142372   0.39450891]
[-0.67019674 -1.31692494 -0.06245995 -0.82495734 -0.08919118]
[-1.79025228e-04 -9.34177329e-01  9.12712988e-01 -8.05195211e-01  7.77445402e-01]
[ 0.52771372 -0.3481254   0.84775512 -0.81105823  0.69684426]
[-0.28442896 -0.9569089   0.20148405 -0.81521123  0.17702506]
[-0.30473253 -0.33598104  0.35836735 -0.80785376  0.33945482]
[-0.12200043 -2.10043836  0.73608242 -0.80959729  0.64857205]
[-0.48746463 -1.74946143 -0.10699445 -0.82107559 -0.10923687]
[-0.34533967 -1.28521949  0.07942458 -0.81630464  0.08018175]
[ 0.26376735 -1.46164392  0.3665299  -0.82408617  0.24786876]
[ 0.89317792  0.34296453  0.66232982 -0.8062704   0.57535904]
[ 0.89317792  0.30880776  0.63137979 -0.80782077  0.52727803]
[ 1.48198137  0.78447333  1.45118801 -0.79584694  1.22261445]
[ 1.36015997  0.11381004  1.59931398 -0.80193299  1.28955093]
[-0.75141101 -1.29553887  0.03121593 -0.81330611  0.0630418 ]
[-0.58898247 -0.89616715  0.33195759 -0.8223089   0.2737555 ]
[ 0.40589232 -0.24857103  0.23052769 -0.86051093  0.06160669]
[ 1.218035    1.01244801  0.82731002 -0.81710224  0.61311127]
[ 0.60892799  0.33089507  0.30804281 -0.83221069  0.19317162]
[-0.48746463  0.26631721 -1.09674186 -0.86426939 -1.1453601 ]
[ 0.44649945  0.10118274  0.59939702 -0.8186038   0.45664717]
[-0.87323241 -2.12189247 -0.63924757 -0.84264231 -0.62179061]
[ 0.75105296 -0.02038987  0.29095915 -0.81542748  0.2417385 ]
[ 0.28407091 -0.64385527  0.70546696 -0.83562088  0.5036966 ]
[ 0.60892799 -0.15344027  1.64379434 -0.79458067  1.40012204]
[-1.40112515 -2.73411368 -0.5768414  -0.83631395 -0.54719674]
[ 0.64953512 -0.35268834  0.09663645 -0.83982239 -0.04904886]
[ 1.74592774  0.2650113   1.70514233 -0.79504703  1.40496163]
[ 1.92865984  0.89235856  1.3217375  -0.80215822  1.07825182]
[-0.5686789  -0.96138461 -0.0758566  -0.82018815 -0.06508586]
[ 0.46680302 -0.12899315  1.21882432 -0.79813062  1.05479644]
[ 0.10133881 -0.61276953 -0.42835483 -0.82743951 -0.42544271]
[-0.6295896  -0.04553372 -0.82586362 -0.85488857 -0.84748782]
[-1.15748235 -0.52442765 -1.10679804 -0.85737871 -1.10765343]
[ 0.48710658  0.39286245  0.73300856 -0.80345549  0.6427281 ]
[ 0.42619588 -0.7444003   0.81227606 -0.80801841  0.66729013]
[-0.54837534 -1.05584907 -0.1743368  -0.82666444 -0.18579602]
[-0.36564323 -0.42475836  0.31481235 -0.82502218  0.24023967]
[ 0.40589232 -0.24857103  0.98584453 -0.81453328  0.7837649 ]
[-0.24382183 -0.08305856 -0.29077594 -0.83802106 -0.31371848]
[-0.28442896 -0.11307278 -0.08399661 -0.82515512 -0.11375116]
[ 0.50741015  0.61809016  0.17929983 -0.81234201  0.16371508]
[ 0.54801729 -0.12170985  0.23424414 -0.81717598  0.18236085]
[ 0.02012454 -0.14970228 -0.3948516  -0.85565263 -0.50806407]
[-0.28442896 -1.20692118  0.42150798 -0.8251897   0.32040121]
[-1.40112515 -1.72387791 -1.77259268 -0.89742203 -1.86571443]
[ 0.34498161 -0.35657637  0.96118263 -0.81212696  0.79053973]
[-1.48233942 -0.1338741  -1.68669825 -0.89213523 -1.76239199]
[ 1.38046353  0.5143718   1.40016484 -0.80523636  1.13424226]
[-0.08139329  0.19179505 -0.41038069 -0.84467184 -0.42937292]
[-0.58898247 -0.90719146 -0.26776858 -0.82765315 -0.27322651]
[-0.95444668 -0.95667163 -0.78532371 -0.84162371 -0.7435906 ]
[ 0.83226722  0.0165861   0.80399603 -0.8090331   0.65266683]
[-0.42655393 -0.36740966 -0.40518234 -0.83026666 -0.40703527]
[-0.3859468  -1.7541665   0.14086383 -0.81648661  0.12412763]
[-0.16260756 -0.53912921 -0.20771507 -0.83685642 -0.26435058]
[-0.28442896  0.99991797 -0.15587236 -0.85101009 -0.28009824]
[ 0.83226722  0.51462768  0.56376231 -0.81705923  0.43045978]
[ 0.73074939 -0.16295314  0.19648372 -0.82468118  0.08625824]
[-0.46716107 -0.842198   -0.08581854 -0.82519253 -0.09559054]
[-1.50264299 -1.39128457 -1.02778707 -0.84238837 -0.98510425]
[ 0.46680302 -0.1398896   0.54078201 -0.8059684   0.49188907]
[ 1.0962136   0.40964427  1.14562316 -0.80511677  0.9386275 ]
[ 0.20285665 -0.99508188  0.66810816 -0.80873424  0.56764554]
[-0.5686789  -1.2090792   0.16362456 -0.81696047  0.13165172]
[ 0.16224951 -0.07077589  0.31514656 -0.81582935  0.24886723]
[ 0.24346378 -0.99422794  0.58176349 -0.80559477  0.52806488]
[ 0.32467805  0.13125359  0.32327273 -0.8201305   0.24953647]
[-2.03214696e-01 -9.26097871e-01 -6.23497242e-04 -8.12035646e-01  3.35031956e-02]
[ 0.66983869  0.15098639  0.65529852 -0.80687456  0.56267803]
[-1.48233942 -1.58884946 -1.00709438 -0.83686586 -0.91768157]
[-1.79025228e-04  1.29013739e-01 -1.03152107e+00 -8.83101006e-01 -1.17470246e+00]
[-0.2641254  -0.69664595 -0.05537711 -0.82443977 -0.08175557]
[ 1.62410634  0.06258883  1.49612712 -0.7948988   1.25956285]
[-0.54837534 -0.89616715  0.52234501 -0.80755179  0.47763164]
[ 0.12164238  0.21137533  0.14195282 -0.82941206  0.03655361]
[ 0.58862442  0.12498733  0.64109986 -0.81251367  0.50941324]
[ 0.69014225 -0.27841822  0.32598833 -0.81985983  0.24229458]
[ 0.08103524 -0.25380792  0.10641146 -0.81924374  0.05906812]
[ 0.54801729 -0.27940478  1.35862483 -0.80675001  1.10462783]
[ 0.12164238 -0.65452681  0.8426924  -0.80584333  0.71571474]
[ 0.83226722 -0.12848353  1.22167109 -0.79872491  1.04423007]
[ 0.32467805  0.16773379  0.92326797 -0.80971678  0.77926563]
[ 0.85257079 -0.12170985  0.88740942 -0.83329886  0.65492453]
[-1.79025228e-04 -7.49350603e-01  2.22472992e-01 -8.17591924e-01  1.68563459e-01]
[ 0.06073168 -0.47304902  0.92186655 -0.80497187  0.78048122]
[-0.2032147  -1.31668696  0.02435349 -0.81227179  0.04651201]
[ 0.75105296 -0.57866111  1.51304587 -0.79627374  1.27327166]
[ 0.16224951 -0.70611628  0.70141601 -0.80272774  0.63013329]
[-0.18291113 -0.68998884  0.07697856 -0.81540572  0.06156891]
[-0.5686789   0.26470359  0.05226501 -0.81259323  0.0863173 ]
[ 0.69014225 -0.56549999  0.96198136 -0.82846675  0.74381885]
[-0.24382183 -1.12996559  0.36592697 -0.81052316  0.32833778]
[ 1.218035   -0.71914834  0.76744206 -0.81423396  0.60195632]
[ 0.02012454 -0.80931213  0.3188682  -0.81848734  0.25279078]
[-0.18291113 -0.35364015 -0.18249432 -0.81873332 -0.16949456]
[-0.5077682  -0.17152874 -0.11449926 -0.82300152 -0.12521622]
[-0.52807177 -0.07090052 -0.03047686 -0.8216352  -0.03799222]
[ 1.64440991  0.58596532  1.78705054 -0.79632129  1.4803248 ]
[ 0.38558875 -0.39253234  0.73534445 -0.81076824  0.61027122]
[ 0.85257079  0.31998218  1.40968605 -0.79443361  1.21664511]
[ 0.83226722 -0.67994283  1.2191673  -0.79777268  1.04887258]
[ 0.73074939 -0.12170985  1.46047791 -0.79870463  1.23187447]
[ 0.79166009  0.5160054   1.05820257 -0.80125119  0.91522128]
[ 0.26376735 -0.38880615  0.69905194 -0.81236328  0.56263684]
[ 0.56832085  0.55610354  0.63928254 -0.82679642  0.49430848]
[ 0.14194594 -0.48114697  0.45194319 -0.84215241  0.27397199]
[-0.04078616 -1.19032304  0.24108134 -0.81715598  0.17915992]
[ 0.66983869 -0.26563554  0.66569622 -0.80652459  0.56727862]
[ 0.60892799 -0.35781097  1.02463561 -0.80419705  0.86780558]
[ 0.30437448  0.14863191  0.06780472 -0.81993868  0.02074314]
[ 0.24346378 -0.79490082  0.42260122 -0.81125209  0.34860319]
[-0.6905003   0.19875524 -1.3195386  -0.87229546 -1.36714706]
[ 0.32467805 -0.27953764  0.89059547 -0.80796592  0.74617964]
[-0.12200043 -0.67198214  0.25363396 -0.80819764  0.25510413]
[ 0.10133881 -0.04599104 -0.31913417 -0.81932075 -0.27942547]
[ 0.42619588 -0.80778401  1.02608804 -0.80554339  0.86157674]
[-0.6905003  -0.8040384   0.37193292 -0.81132846  0.36025866]
[-1.27930375 -1.83525032 -0.21288383 -0.82722933 -0.20337569]
[ 7.51052956e-01  9.41760448e-04  1.00393704e+00 -8.12732688e-01  8.06820630e-01]
[ 0.40589232 -0.52516964  1.25802376 -0.79924045  1.08253565]
[ 0.28407091  1.08217885 -0.11036303 -0.84359988 -0.21329811]
[-1.25900018 -2.36840282 -0.08814512 -0.84055844 -0.11178118]
[-0.5686789  -1.04623501 -0.09321686 -0.84482561 -0.20664773]
[-0.6905003   0.1674652  -0.63808865 -0.85431849 -0.65782023]
[-0.77171457 -2.10917257  0.16713568 -0.80340967  0.24299637]
[ 0.14194594 -0.96938025  0.49645396 -0.81267673  0.41442619]
[ 0.14194594 -0.56443111  1.07869642 -0.801242    0.92644461]
[-1.74628579 -3.20083237 -1.30781453 -0.87078279 -1.31828716]
[-0.89353598 -2.18851309 -0.61669149 -0.82650961 -0.55596426]
[-1.76658936  0.04424529 -1.40320824 -0.85887323 -1.33996062]
[ 0.95408863 -0.54781688  1.12641536 -0.80192571  0.95155924]
[-0.30473253  0.38013848  0.57569077 -0.80989671  0.50194311]
[-0.14230399 -0.91586718  0.1322976  -0.81583765  0.10686226]
[-1.21839305 -0.07107947 -0.23416442 -0.82111469 -0.19221195]
[ 0.06073168 -1.0344631  -0.09820929 -0.84694597 -0.20727758]
