[-0.91394408  0.34072399 -1.23688288  0.21723647 -0.97300503]
[-1.00991901 -0.77443369 -0.63439699  0.62456155 -0.02988112]
[-0.91394408 -0.1020592  -0.5679781   0.49970154 -0.1240552 ]
[-0.53004434  1.07869599  0.93958224  0.72795793  0.96251176]
[-0.62601928  0.78350719  0.28087654  0.73082051  0.64780114]
[-0.72199421  1.81157853  0.44904727  0.75046639  0.78580963]
[-0.53004434  0.61951342  0.02607271  0.66116535  0.41188894]
[-0.81796914 -0.40522608  0.93456617  0.75168585  1.01848619]
[-0.72199421 -0.66291792 -0.06653805  0.53654008  0.22549548]
[ 0.52567993 -0.66291792  1.40259508  0.75547877  1.22325686]
[-0.91394408  0.58354059  0.23959603  0.7111002   0.59544196]
[-0.81796914  0.65436209  0.5716906   0.7200887   0.78051853]
[-0.91394408 -0.1020592  -0.97587096  0.39789102 -0.60234139]
[-1.48979368  1.41605462 -0.61216886  0.6313201   0.02325757]
[-0.62601928  0.55579012  0.25876946  0.6803246   0.57581188]
[-0.33809447  1.17709226  0.6715345   0.67438761  0.76377172]
[-0.62601928  0.55579012  0.42175024  0.69913175  0.67821673]
[-0.81796914  0.90729604 -0.14565203  0.5435534   0.19908774]
[-0.62601928  0.34072399  0.08879819  0.63849658  0.3835814 ]
[-0.81796914  0.1931296   0.41075824  0.71034734  0.6955008 ]
[ 1.5814042  -0.01771955  0.82482711  0.71048474  0.85397991]
[-0.81796914 -0.40522608 -0.32987481  0.6067563   0.10365772]
[ 1.2934794  -0.14611723  1.17013624  0.72715354  1.0658344 ]
[-0.72199421  1.2310515  -0.72981038  0.42413802 -0.3671764 ]
[ 1.0055546  -0.6924368   1.60868066  0.73208004  1.26808644]
[-0.24211954 -1.72818697 -0.14212591  0.43420857 -0.03187354]
[ 0.81360473 -0.16109696  1.37881957  0.731081    1.17666692]
[ 0.52567993 -2.68750593  1.00136198  0.74528512  1.00785611]
[-0.05016967  0.51577782  1.16299577  0.76759893  1.14498089]
[-0.72199421  0.06193457  0.38624111  0.68938467  0.62633872]
[-0.62601928  1.0250253   0.43955784  0.67914522  0.63893734]
[ 0.81360473 -0.38772578  1.03226859  0.75791483  1.04582996]
[-0.62601928  1.0250253   0.43955784  0.67914522  0.63893734]
[0.23775513 1.21599311 0.82162611 0.70417562 0.86662988]
[-1.10589394  0.69916754 -0.48235901  0.67825782  0.1768059 ]
[-0.05016967 -0.6924368   0.63030061  0.72399898  0.81229216]
[-0.33809447 -0.34357731  0.53710851  0.64960339  0.66378396]
[-0.53004434 -0.16109696  0.50845666  0.71807058  0.73322275]
[-1.29784381  1.54073063 -1.59117177  0.35143135 -1.01340676]
[-0.53004434 -2.5029281   0.70986842  0.73954279  0.88696564]
[-0.24211954  0.40192167 -0.11908867  0.62602719  0.26453084]
[ 1.19750446 -0.94773522  1.24280449  0.71020707  1.03485799]
[-0.24211954  0.59163447 -0.00952942  0.60813606  0.27258476]
[-0.53004434  0.01904389 -0.30706434  0.60936411  0.12148697]
[ 1.77335407 -0.40874887  1.86907587  0.7145038   1.36066745]
[-0.81796914 -0.40522608 -0.36261896  0.46637252 -0.07422077]
[-0.72199421  0.06193457  1.0369518   0.75974688  1.07054879]
[-0.62601928  1.0250253   0.21767827  0.6503448   0.49094014]
[-0.81796914  0.90729604 -0.08955102  0.60508169  0.23441896]
[-0.72199421  0.72089139  0.28801488  0.70275291  0.61021219]
[-0.53004434  0.20866585  0.72423302  0.68540854  0.78685235]
[-0.53004434  1.32915922  0.70463677  0.72155434  0.83146874]
[0.23775513 0.03963142 0.42401226 0.56364298 0.52412298]
[-0.72199421  1.2310515   0.57616918  0.72408772  0.79143687]
[-0.81796914 -1.21253135  0.12240751  0.68587228  0.49048685]
[-0.72199421  1.2310515  -0.15981162  0.63629812  0.25378552]
[-0.33809447 -0.78036538  0.5641395   0.69170049  0.75214013]
[-0.91394408 -0.84779933  0.06045137  0.65633332  0.42213342]
[-0.33809447 -4.65640068 -1.92576588  0.18547901 -1.58221367]
[-0.33809447 -0.01771955  0.01635317  0.67573588  0.41162211]
[-0.81796914  1.46549511 -0.53920241  0.44089556 -0.17705345]
[-0.43406941 -0.57167775 -0.05482483  0.63337257  0.32789233]
[ 1.77335407 -0.22800642  2.31580308  0.79416654  1.66746562]
[ 1.5814042  -1.14055474  1.68668418  0.7695598   1.34648482]
[ 1.19750446 -0.397248    2.23834877  0.79177915  1.63254659]
[ 1.38945433 -0.76328211  1.95003021  0.78067234  1.48352935]
[-0.53004434  0.20866585  0.89816128  0.73128138  0.95096046]
[-0.14614461  0.28237272  0.88168427  0.74288915  0.95263367]
[-0.33809447  0.34072399 -0.3818369   0.43466086 -0.1615905 ]
[-0.91394408  0.58354059  0.27346529  0.68626159  0.57623344]
[-0.43406941  0.47278214  0.92430073  0.73185963  0.96420048]
[-0.81796914  0.41675747  0.15505018  0.71339026  0.55714115]
[-0.72199421  0.26903529  0.46181947  0.68919574  0.70348361]
[-0.81796914  0.1931296  -0.16205145  0.63606625  0.25609401]
[-0.53004434  0.61951342  0.69039424  0.75057231  0.90547522]
[-0.91394408 -0.30447438 -1.00587445  0.40765528 -0.59503022]
[-0.43406941  0.47278214  0.49497639  0.62909301  0.58475867]
[-0.43406941  0.67979221  0.77885994  0.72368123  0.87397906]
[-0.53004434  0.61951342  0.59514852  0.72038927  0.81346703]
[-0.72199421 -0.31956674  0.57870444  0.74245976  0.82590421]
[-0.53004434 -0.33245046 -0.12122281  0.50387232  0.12228485]
[-0.53004434  1.32915922  0.00322003  0.68041334  0.42509293]
[ 1.10152953 -1.16473888  1.29356264  0.74652176  1.13824616]
[-1.00991901 -0.19151036  0.68427276  0.73344263  0.87565756]
[-0.53004434  0.20866585  0.61195345  0.73974031  0.83109432]
[-1.00991901 -0.397248    0.10704897  0.67692958  0.48546098]
[-0.53004434  0.61951342  0.83070213  0.73086059  0.92607816]
[-0.43406941  0.47278214  0.29034086  0.61219234  0.44267161]
[-0.53004434  0.84254495  0.57062116  0.63091933  0.62706555]
[ 1.2934794  -1.13900447  2.56925545  0.78992992  1.74973268]
[-0.62601928  0.34072399  0.06397975  0.61257879  0.3361188 ]
[-0.62601928  0.13728307  0.86017262  0.7483624   0.98542192]
[-0.62601928 -0.23830019  0.30570664  0.5434618   0.43385714]
[-0.81796914  0.1931296   0.28474183  0.65072266  0.52920972]
[-1.00991901 -0.94773522 -0.76213684  0.47260436 -0.31240649]
[ 0.7176298  -0.95184514  0.53874396  0.68811368  0.68371722]
[ 1.67737913 -0.07746014  2.08044027  0.74755515  1.46957451]
[ 0.52567993 -0.4379637   1.22736101  0.76725543  1.16276969]
[-0.81796914  1.46549511 -0.4766328   0.65437818  0.10891358]
[-0.33809447  0.95104678  0.15807054  0.66486381  0.45263634]
[-0.33809447  0.73689844  0.58468717  0.67925113  0.70691248]
[ 0.42970499 -1.2274665   1.10640006  0.76630219  1.11315107]
[-0.62601928  2.49138525 -0.48650063  0.4970193  -0.09339716]
[-0.91394408  0.58354059  0.00465586  0.6773103   0.4205093 ]
[-0.62601928  0.78350719  0.10922617  0.67272445  0.4649602 ]
[1.5814042  0.08617713 1.93760634 0.77479832 1.46042322]
[-1.00991901 -1.41564936 -0.16886529  0.66613193  0.31037969]
[ 1.5814042  -0.9138284   1.72239927  0.78129924  1.3996285 ]
[-0.72199421 -0.66291792 -0.03151119  0.66118253  0.34971375]
[-0.91394408 -0.30447438 -0.40028446  0.42191379 -0.11866858]
[-0.53004434  0.20866585  0.72423302  0.68540854  0.78685235]
[-0.53004434  0.20866585  0.72423302  0.68540854  0.78685235]
[-0.43406941  0.67979221  1.29771406  0.73734147  1.14841224]
[-0.24211954  1.00101473  1.0416315   0.76230889  1.07681667]
[-0.62601928  0.78350719  0.42556475  0.74858282  0.76354318]
[-0.91394408  0.58354059  0.27346529  0.68626159  0.57623344]
[2.06127887 0.27291035 2.72804672 0.79614172 1.81795303]
[-0.91394408  0.84254495 -0.21955655  0.60334124  0.16307584]
[-0.43406941  0.08981352  0.2912185   0.67488284  0.55651117]
[ 1.48542926 -0.54085336  1.99154625  0.777638    1.49589303]
[ 1.0055546  -1.2985578   1.30120877  0.76914473  1.19276265]
[-0.81796914  0.41675747  0.63630551  0.70971471  0.81243114]
[-0.53004434  0.40853764  0.59629158  0.68566904  0.74650944]
[-1.00991901  1.69178042 -1.45179279 -4.0357442  -3.56808573]
[-1.20186888  0.08116143 -0.70173818  0.59633078 -0.10791894]
[-0.91394408  0.84254495 -0.19764039  0.60371624  0.17584464]
[-1.00991901 -0.397248    0.69405169  0.72709916  0.85891515]
[-0.33809447  0.34072399  0.60703273  0.65355662  0.68117759]
[-0.62601928 -0.05545045  0.68383618  0.75520969  0.90530419]
[-0.24211954 -0.83701907  0.90876543  0.69357835  0.90708932]
[-1.00991901  1.05761108  0.27045015  0.65482188  0.53784162]
[-0.62601928  1.0250253  -0.92389011  0.23250833 -0.74194238]
[-0.33809447  0.34072399  0.74484531  0.67587043  0.78741619]
[-0.62601928  0.55579012  0.04351586  0.48150125  0.18798059]
[-0.91394408  1.11941169 -1.09094306  0.4119606  -0.5702346 ]
[-0.62601928  0.34072399  0.22618453  0.49456893  0.31502573]
[-0.81796914  0.90729604 -0.5060881   0.42794239 -0.24605428]
[-0.91394408  0.34072399 -1.11073018  0.29849939 -0.70018448]
[-0.91394408 -0.1020592   0.90211451  0.74176129  0.99898099]
[-1.20186888  0.08116143 -0.47181569  0.63191551  0.09188347]
[-0.72199421  0.72089139  0.28801488  0.70275291  0.61021219]
[-0.72199421  0.72089139  0.36765967  0.71868317  0.68111567]
[ 0.81360473 -0.27626899  1.97629088  0.7790149   1.49740964]
[-0.72199421 -0.13397151 -0.08216604  0.49732273  0.12349583]
[ 0.62165486 -1.9042645   1.32974044  0.77122869  1.21345952]
[-0.43406941  0.47278214  0.92430073  0.73185963  0.96420048]
[-0.81796914  1.17709226  1.03081136  0.77253116  1.11523796]
[ 1.77335407 -0.66291792  1.75559208  0.7289856   1.30913351]
[-0.62601928  0.13728307  1.09060298  0.73448461  1.04525828]
[-1.00991901 -0.77443369  0.29601987  0.69677012  0.61487962]
[-0.53004434  1.07869599  1.0953897   0.70530347  1.03712089]
