[0.33373006 0.39193022 1.90188214 0.17192542 1.08024793]
[-0.81796914 -0.01771955  1.4244491   0.26793383  1.01961447]
[-0.33809447  0.73689844  1.62143585  0.3045272   1.14452894]
[ 0.42970499 -1.81498576  2.79860539  0.32695539  1.69074842]
[-1.10589394  0.99123264 -0.633799   -0.00750013 -0.55071153]
[-0.43406941  1.63329313  1.666929    0.28091857  1.14567426]
[-0.33809447  0.53373206  1.83546678  0.26439254  1.19708509]
[-0.43406941  0.67979221  0.76727694  0.11762558  0.43910342]
[-1.00991901  0.77332827  0.76915617  0.12470817  0.54599824]
[ 1.10152953 -0.12973315  2.80485619  0.15107113  1.49470715]
[-1.20186888 -1.49024437  0.08125842  0.11132995  0.0838268 ]
[-0.62601928 -0.23830019  1.55774484  0.28406639  1.09529184]
[-0.33809447 -1.5055984   1.7162705   0.25770342  1.12320875]
