[-0.62601928 -0.23830019  0.3581131   0.56246906  0.49191452]
[-0.53004434 -2.72595964  0.65964819  0.59392628  0.70075984]
[ 0.23775513 -1.45149371  1.31686602  0.6043184   1.01737806]
[ 1.869329   -0.27840576  1.93120049  0.60429286  1.26845593]
[-1.10589394 -0.87798405  0.3149414   0.56890349  0.4906563 ]
[-0.72199421  0.06193457  0.58985082  0.57385698  0.63289211]
[ 0.62165486 -1.45149371  2.06040799  0.66376028  1.46268292]
[ 1.48542926 -0.96146963  1.7131199   0.6191278   1.19768698]
[-0.72199421  0.72089139  1.05321187  0.61014003  0.9482303 ]
[-0.72199421  0.72089139  1.09588283  0.61057409  0.96809357]
[-0.91394408  0.34072399  0.31036094  0.59290494  0.53123955]
[-0.72199421 -0.82203188 -0.18759813  0.44182348  0.04269421]
[-1.10589394  0.69916754 -0.57492416  0.41989024 -0.21987592]
[ 1.5814042  -0.11868956  0.79675105  0.44123621  0.50458448]
[-0.43406941  0.08981352  0.23396017  0.46186724  0.30821271]
[-1.00991901 -0.397248   -0.6701012   0.40929386 -0.32497261]
[0.7176298  0.16150222 1.37170733 0.63421807 1.09850831]
[-0.43406941 -0.99390621  1.11833709  0.63054126  0.99358285]
[-0.43406941 -1.12292047  1.51153153  0.63960563  1.19252338]
[ 1.19750446 -0.68412162  1.02656493  0.59384968  0.8465439 ]
[ 1.67737913 -0.07746014  1.8370039   0.64430379  1.30723263]
[-0.62601928  1.28163829  0.59453884  0.38988843  0.46454115]
[-0.53004434  0.20866585  1.20576319  0.62911138  1.04525122]
[-0.91394408  0.11262356 -0.93437759  0.17783308 -0.84086726]
[-0.81796914  1.46549511 -0.38516802  0.23438968 -0.33135178]
[-0.72199421  0.48831839  0.23421271  0.56149879  0.43356092]
[-0.53004434 -0.33245046  1.03251364  0.61703406  0.93516814]
[-0.72199421  0.72089139 -0.74460248  0.38633928 -0.41533737]
[-0.91394408  0.11262356 -0.93437759  0.17783308 -0.84086726]
[-1.10589394 -0.49564427  0.33618283  0.57551666  0.52519958]
[ 1.48542926 -1.03928364  2.03842391  0.60288852  1.31222288]
[-1.20186888 -1.16473888 -0.70947173  0.38866283 -0.37405314]
[ 0.52567993 -1.82466781  0.96354294  0.61522118  0.86392767]
[ 1.2934794  -1.13900447  1.98383131  0.62612397  1.33421606]
[-1.39381874 -2.94899118 -0.58808953  0.42037538 -0.22808737]
[0.7176298  0.57743199 0.91129302 0.59517742 0.79215227]
[-0.24211954  0.59163447  0.14885631  0.36604018  0.14110064]
[ 1.869329   -1.20984638  1.70606025  0.62405576  1.20348776]
[-0.53004434  1.59527639  1.40456659  0.63682249  1.15980205]
[ 1.0055546  -1.21898979  0.67063875  0.44991759  0.47368148]
[-0.43406941  1.37388479  0.81412783  0.60914422  0.80875178]
[ 1.5814042  -0.99126991  2.2499753   0.6609516   1.51255146]
[-0.81796914 -0.21685485  0.33183137  0.45640308  0.36713447]
[-0.81796914 -0.75298835  0.09717674  0.55358342  0.34628305]
