[ 1.5814042  -0.49564427  1.66793247  3.24473988  1.65896637]
[ 1.77335407 -0.66291792  1.84423621  3.23605898  1.70602754]
[1.67737913 0.02266846 1.47105265 3.22566772 1.53584773]
[ 1.38945433 -1.58486806  1.69015421  3.26161762  1.70246377]
[ 1.869329   -1.14192884  2.43497582  3.29082288  2.0449622 ]
[ 1.10152953 -1.08336251  1.42610582  3.24509486  1.57248383]
[ 1.5814042  -0.40522608  1.75162066  3.25706741  1.72219519]
[ 1.5814042  -0.21685485  1.49561631  3.24628889  1.59289723]
[ 1.10152953 -0.23830019  1.19177577  3.0730904   1.30999435]
[ 1.38945433 -0.40140559  0.46057728  3.19772103  1.03512396]
[ 1.0055546  -0.78655497  1.01919302  3.21889081  1.34512716]
[1.2934794  0.30089693 1.34928439 3.23431635 1.52029519]
[ 1.48542926 -0.54085336  1.79482925  3.26013315  1.74143703]
[ 1.48542926 -1.33201253  0.87846213  3.2332514   1.30887713]
[ 1.5814042  -1.0668226   1.83062286  3.28020572  1.79061671]
[ 1.10152953 -0.5448424   0.88346863  3.10684587  1.19592446]
[ 0.90957966 -0.74530644  1.52210128  3.26132718  1.64320324]
[ 2.06127887 -0.19920995  1.93452141  3.24154505  1.74465434]
[ 1.2934794  -0.63503898  1.35933888  3.24128688  1.53317643]
[ 1.0055546  -1.37603192  1.09159535  3.22682947  1.39891717]
[0.62165486 0.24779419 0.8911952  3.21027445 1.28278824]
[ 1.869329   -1.20984638  1.88906041  3.24845105  1.75572727]
[ 1.19750446 -0.68412162  1.17056308  3.25858414  1.49064843]
[ 1.67737913 -0.53909197  2.3466182   3.30215     2.03729931]
[ 1.2934794  -0.14611723  0.85870418  3.20814456  1.25548518]
[ 1.869329   -0.18750859  2.12634992  3.27565551  1.89854013]
