[-0.2032147  -0.07915725  0.40412081  0.54142498  0.42177433]
[-0.60928604 -1.515733    0.14599483  0.53122451  0.16764853]
[-1.79025228e-04  8.58247018e-01 -5.07443794e-01  5.27202556e-01 -3.98351742e-01]
[ 0.60892799 -0.0789484   0.66902445  0.5390663   0.59890362]
[1.42107067e+00 2.60698530e-01 3.04948941e-02 5.26894985e-01 1.24501368e-03]
[-0.24382183  0.63066517 -0.15696215  0.53201105 -0.0766609 ]
[0.66983869 0.30139622 1.11002842 0.51735878 0.91033152]
[-0.36564323 -0.04159358 -0.0981648   0.52799875 -0.0405479 ]
[-0.52807177  0.05701107 -0.43659915  0.5255148  -0.34628588]
[0.36528518 0.93280951 0.82124295 0.545618   0.7670335 ]
[-1.36051802 -0.95111756 -0.63167999  0.51862684 -0.52097609]
[0.60892799 0.86016733 0.3273472  0.53083722 0.28072956]
[0.56832085 0.62113695 0.41426722 0.54101264 0.42323636]
[0.46680302 1.50060594 0.47139755 0.5399768  0.45997519]
[ 0.50741015 -0.37599193  0.69225785  0.54524767  0.66428504]
[ 0.81196366  1.51263314 -0.27528771  0.50788158 -0.34638869]
[-0.71080387  0.65988531 -0.60972652  0.52867544 -0.45838408]
[-2.09144643 -1.67860856 -1.16191443  0.51071781 -0.99197181]
[-0.12200043  1.21299317 -0.73289556  0.50813635 -0.70593578]
[ 1.25864213  0.96929631 -0.52349887  0.50369644 -0.56234306]
[-0.6905003   0.47602565 -0.21815828  0.52765706 -0.13759463]
[0.83226722 1.17262537 0.30494569 0.53587736 0.29823989]
[0.97439219 1.04575564 0.2911168  0.52841979 0.23985166]
[0.38558875 0.3492974  0.23305101 0.53272392 0.22147727]
[-0.40625037 -0.65534651 -0.39798545  0.52714723 -0.30835367]
[-0.24382183  0.08950578 -0.61676855  0.50790154 -0.57966128]
[0.99469576 1.09014859 0.4373206  0.52671506 0.3361705 ]
[ 0.58862442 -0.30522507  0.50213662  0.54085366  0.47268249]
[-1.21839305 -1.57933862 -0.48247595  0.52358087 -0.38587454]
[-0.16260756 -0.10070287 -0.48647722  0.5035209  -0.49876864]
[0.81196366 0.97303149 0.12243362 0.52735903 0.1054608 ]
[ 0.54801729 -1.27141966 -0.2195949   0.51981208 -0.22578105]
[ 0.64953512  0.23658439 -0.79019852  0.50569702 -0.78140379]
[-0.04078616 -0.59245841  0.38182423  0.5359658   0.36782311]
[ 0.18255308 -0.57769873  0.29345306  0.52928489  0.254916  ]
[-1.82750006 -2.35101812 -1.35139312  0.50795378 -1.18776434]
[-0.14230399  0.2655188  -0.34922194  0.52818392 -0.26164969]
[-1.79025228e-04  1.54212423e+00 -5.37866580e-01  5.27666770e-01 -4.24699971e-01]
[1.17742786 1.04368757 0.6625492  0.54392965 0.61640194]
[ 0.32467805  0.04754241 -0.02989889  0.53270672  0.00819077]
[-1.9899286   2.65601035 -2.37680383  0.47379142 -2.31034938]
[0.38558875 0.70806584 0.46492818 0.54270048 0.45961994]
[-0.14230399 -0.32409416  0.06708304  0.52721257  0.06805979]
[-0.18291113 -0.96522704 -0.24792395  0.52254732 -0.21481865]
[ 0.66983869 -0.64592468  1.13975406  0.54836717  1.02237518]
[0.18255308 0.98166755 0.09617226 0.53266866 0.107192  ]
[-0.08139329  1.25656163 -0.60390651  0.52103878 -0.514476  ]
[-1.34021445 -0.74092287 -0.73205954  0.52199768 -0.57855068]
[ 0.12164238  0.46551602 -0.02626112  0.5259745  -0.00062615]
[-1.29960732 -2.24582174 -1.30374144  0.50276981 -1.19624505]
[ 0.18255308  0.84379006 -0.12213578  0.52554698 -0.11301478]
[-1.15748235  0.68535618 -1.54224211  0.48707003 -1.48567988]
[-1.94932146 -2.39616867 -1.24727561  0.50844219 -1.08096332]
[-0.16260756  1.11643527  0.34311252  0.54102328  0.37289318]
[-0.2032147   0.50523178 -0.92399464  0.50496319 -0.87331299]
[ 0.97439219  1.84617347 -0.4920664   0.52238649 -0.44396436]
[0.30437448 0.34940716 0.20417189 0.53474734 0.21696785]
[ 0.46680302  1.5845164  -0.6876461   0.52136356 -0.58849438]
[-1.29960732 -0.2510986  -1.0119441   0.49907153 -0.93781738]
[-0.04078616  1.84662995  0.00873062  0.52587721  0.03018994]
[0.36528518 1.17690487 0.15514473 0.52732682 0.15339704]
[0.73074939 1.79606393 0.08729513 0.51834709 0.05020034]
[0.48710658 0.90257239 0.54956632 0.54084324 0.51175311]
[-1.82750006 -0.87973305 -1.18731373  0.51820139 -0.98122877]
[-1.19808948 -1.0750109  -0.6551543   0.52312423 -0.52804497]
[ 1.4007671  -0.03817983 -0.22887312  0.52209077 -0.23632101]
[-0.67019674  1.56317818 -0.42042305  0.49807855 -0.38890532]
[-1.09657165  1.11277932 -0.92035802  0.48878152 -0.8907198 ]
[1.05560646 0.26609078 0.91679038 0.53996289 0.79034652]
[1.13682073 1.10210842 0.25501347 0.53335727 0.21541828]
[-0.54837534 -0.58638423 -0.63579683  0.48200233 -0.65210559]
[ 0.24346378 -0.18982173 -0.32535286  0.52288908 -0.28296811]
[1.01499933 1.33089235 0.64823656 0.54396212 0.60326419]
[-1.11687521 -0.29068235 -1.00641589  0.51453466 -0.87338112]
[ 0.10133881 -0.45576494  0.7708384   0.5361106   0.71417832]
[ 0.60892799  1.14672563 -0.00710098  0.52156543 -0.03907708]
[ 0.36528518 -0.0992979   0.12612769  0.5390839   0.17263427]
[-0.10169686  0.94475595  0.03096026  0.47067879 -0.0863537 ]
[-0.04078616  0.83170572 -0.09653335  0.52638546 -0.03824699]
[0.85257079 0.04424529 0.85956251 0.52950399 0.70531456]
[-1.96962503 -1.50634564 -1.78297089  0.4955798  -1.64138644]
[1.11651716 1.04560625 0.86149173 0.54779043 0.78071987]
[ 0.26376735  0.84925155 -1.8390195   0.44376637 -1.8202343 ]
[1.17742786 0.47553137 0.34116199 0.54111411 0.36290887]
[0.81196366 0.16162819 1.05676359 0.54978483 0.95517539]
[1.17742786 0.36473552 0.40393118 0.53575322 0.36827471]
[-0.99505381 -0.3144787  -1.33071326  0.46787812 -1.37662532]
[0.44649945 0.03168508 0.13882546 0.5358675  0.15639911]
[0.24346378 0.50285249 0.4324194  0.54545343 0.459448  ]
[-0.97475024 -0.19864269 -2.00385162  0.42361794 -2.14740142]
[1.03530289 0.96454196 1.01879557 0.5389054  0.8586374 ]
[1.1571243  0.52715979 0.56766097 0.53731695 0.49357876]
[0.62923155 0.20703435 1.07079048 0.5511198  0.98176031]
[ 0.56832085  0.27054775 -0.79951812  0.4865897  -0.8356304 ]
[1.0962136  0.34296453 1.38906182 0.55586043 1.24185421]
[ 0.69014225 -0.55632091  0.45229645  0.5338266   0.42092233]
[0.97439219 0.87402097 0.21811183 0.53351709 0.20607787]
[0.34498161 0.53276111 0.49498099 0.52880332 0.42616792]
[-0.77171457  1.50163313 -1.0183412   0.48246417 -1.03067538]
[ 0.28407091  0.09305562 -0.17248988  0.51595179 -0.1854092 ]
[0.77135652 0.54748141 0.56285694 0.53694881 0.50609812]
[1.29924927 0.52801788 0.22701321 0.52378819 0.16416668]
[0.38558875 1.19648408 0.22837172 0.52887634 0.22314608]
[ 0.79166009  0.44343467 -0.04141107  0.5052772  -0.12151068]
[-0.67019674  0.28651819 -1.09590763  0.47979537 -1.12942737]
[-0.2641254  -0.0785245  -0.58272188  0.52073316 -0.49306433]
[-0.28442896  0.64955382 -0.27766401  0.5110262  -0.25316684]
[-0.79201814 -1.26900324 -1.09008121  0.5068131  -0.99671549]
[ 0.46680302 -0.06289031  0.96504394  0.54744117  0.88969423]
[-0.99505381  2.37166489 -0.58230129  0.51571356 -0.4847329 ]
[0.64953512 0.84202962 0.32990916 0.53528953 0.30660924]
[-0.5686789   1.14956912 -1.58534863  0.42848026 -1.6650778 ]
[0.66983869 0.95714285 0.13129704 0.53172356 0.13959554]
[1.5225885  0.53696117 1.41140172 0.54567216 1.20614915]
[-0.30473253 -0.05607787 -0.1971179   0.52835674 -0.13786422]
[0.32467805 1.07517871 0.80826407 0.54905364 0.7761922 ]
[0.12164238 0.0347867  0.25905025 0.52837822 0.25483943]
[0.58862442 0.28873997 0.36899656 0.54889739 0.42922353]
[-0.36564323  0.82262841 -0.1564509   0.5331697  -0.08257796]
[0.52771372 0.34296453 0.37763688 0.53228281 0.33376386]
[0.28407091 0.2409434  0.45206638 0.54565316 0.48540089]
[ 0.18255308  1.60270548 -0.69946259  0.50922623 -0.65843522]
[-0.06108973  0.28066182 -0.38524388  0.52730571 -0.31002795]
[ 1.01499933 -0.18660851  0.85755049  0.54683218  0.77985615]
[0.83226722 1.34784341 0.44570312 0.53922824 0.42978324]
[ 0.52771372 -0.17175171  0.50582513  0.54635115  0.52737208]
[ 0.24346378  1.04220583 -0.45912269  0.50712274 -0.48848857]
[ 0.75105296 -0.0626705   0.40802479  0.52178056  0.30054777]
[ 1.11651716  1.40239078 -0.26209011  0.51584469 -0.26576874]
[ 0.18255308  1.62081909 -0.78554234  0.50207063 -0.76049928]
[-0.64989317 -0.81658989 -0.475959    0.5292875  -0.35381383]
[ 0.54801729 -0.63948988  0.56659116  0.54366515  0.54920641]
[-0.08139329 -0.90589346  0.46752674  0.53958959  0.45567181]
[0.64953512 0.51472536 0.82383808 0.54661733 0.7625643 ]
[1.29924927 0.34296453 0.45077919 0.53836254 0.41956965]
[-2.43660707  2.25031907 -3.36039024  0.29707131 -3.81969407]
[-0.83262527  1.4009177  -0.71652978  0.51476987 -0.61645587]
[-0.06108973 -0.26591914  0.44185151  0.53850917  0.43189345]
[ 0.30437448  1.9663839  -0.26752369  0.52283265 -0.2235555 ]
[ 0.38558875 -0.04676237  0.69194843  0.54461447  0.65516242]
[-0.14230399  0.78784549 -0.27070771  0.53031001 -0.18860323]
[0.50741015 1.2809988  0.95684267 0.53760441 0.82283546]
[ 0.06073168  1.3884819  -0.67703247  0.47999103 -0.70668781]
[1.0962136  1.41407837 0.44232324 0.54037631 0.41565641]
[1.13682073 1.04932946 0.66876939 0.53945574 0.58042491]
[ 0.34498161  1.00306272 -0.42275319  0.51988508 -0.35507723]
[ 0.18255308 -0.74574146  0.21717634  0.52173136  0.17052313]
[-0.28442896  0.50851654 -0.09476503  0.50818295 -0.07214233]
[ 0.32467805  0.15553285 -0.37400039  0.5082832  -0.38064129]
[ 0.58862442 -0.23367958  0.58493561  0.54275707  0.55302856]
[ 0.22316021  0.99101616 -0.36094809  0.5048191  -0.39939988]
[ 0.36528518  1.35351853 -0.26157013  0.51528009 -0.24035843]
[ 1.01499933  0.80615433 -0.02133539  0.52528528 -0.03066059]
[-0.4468575   0.93907243 -1.07995443  0.5088302  -0.96727478]
[0.95408863 0.58223172 0.42056329 0.52716184 0.34315886]
[ 0.32467805 -0.19234036 -0.10888752  0.49696298 -0.17253979]
[ 0.91348149 -0.07127486  0.39612326  0.53809915  0.38331219]
[-0.08139329  0.99942444  0.03183661  0.52550416  0.05632712]
[ 1.19773143  0.4249659  -0.13062847  0.50899025 -0.21666642]
[0.16224951 0.51965973 0.17827618 0.53766336 0.2221779 ]
[0.58862442 1.05452316 0.9236689  0.55039262 0.86373754]
[0.97439219 1.45688779 0.07057043 0.51652971 0.03428792]
[0.60892799 0.69760529 0.74031786 0.54508782 0.68650828]
[1.1571243  1.18589751 0.80419489 0.53995815 0.69353485]
[0.32467805 0.11917486 0.92501906 0.54249822 0.82502956]
[0.93378506 0.48171645 0.79926754 0.53533373 0.7179281 ]
[1.13682073 0.54511895 0.20064578 0.5213994  0.14213891]
[1.1571243  0.75090124 1.37491982 0.55158943 1.19592504]
[ 0.34498161  1.60449017 -0.02002125  0.53473684  0.04343816]
[-0.02048259  1.80839644  0.49328293  0.53913202  0.49416192]
[-0.67019674  0.48371223 -0.87314297  0.51344411 -0.77509476]
[0.48710658 0.62594963 0.24669731 0.53926887 0.27603967]
[-0.58898247  0.68393366 -0.74752985  0.51330633 -0.6349813 ]
[-1.79025228e-04 -2.52325306e-01  4.86101746e-01  5.39025525e-01  4.76430875e-01]
[0.42619588 2.02849149 0.46256008 0.55195666 0.52724734]
[ 0.16224951 -0.34387993  0.02497822  0.52964644  0.03359723]
[-1.03566094  1.15239733 -0.77534164  0.5075425  -0.71704828]
[-0.5077682   1.5249518   0.22326631  0.54085409  0.2981944 ]
[-0.12200043  1.02307008  0.10982653  0.53928893  0.1851334 ]
[0.20285665 1.19349279 1.00268463 0.54379132 0.91018317]
[-0.06108973 -0.51537087 -0.0525072   0.52502044 -0.03561657]
[ 0.66983869  1.02774784 -0.26971145  0.50972289 -0.30845224]
[-0.24382183 -0.272144   -0.63592028  0.52480426 -0.52796386]
[-0.2641254   1.07517871 -0.49590911  0.51218543 -0.45981854]
[0.36528518 0.20574525 0.16242514 0.53457673 0.1812784 ]
[-2.68024988  0.8335852  -4.51681416 -0.04008061 -5.75478768]
[ 0.12164238  0.28976389 -0.01875548  0.51929232 -0.01295345]
[-0.58898247  0.44779346 -0.29034415  0.52400877 -0.22116262]
[1.90835628 1.13954919 0.12940742 0.50383051 0.00396879]
[ 0.60892799 -0.92125079  0.63403381  0.53729895  0.54988141]
[0.97439219 0.22108273 0.29725359 0.54094922 0.32392892]
[0.08103524 0.06953092 0.15235415 0.53030895 0.15563233]
[ 0.16224951  0.0130933  -0.77680927  0.50528524 -0.7455002 ]
[0.10133881 0.7623265  0.10936977 0.53388527 0.1652986 ]
[-0.99505381  1.09821366 -0.81683252  0.52141912 -0.67843676]
[-0.24382183 -0.97611113 -0.20440468  0.52054199 -0.15472189]
[0.34498161 0.33658821 0.41481341 0.53678065 0.38588807]
[0.77135652 0.28488024 0.93747089 0.54260323 0.8481634 ]
[1.29924927 1.31585306 0.1999734  0.52130596 0.10130761]
[ 0.62923155  0.43437589 -0.50759101  0.51956122 -0.4629654 ]
[-0.06108973  0.71690368 -0.15082082  0.52284191 -0.11563552]
[0.42619588 1.28291424 0.39236721 0.52608336 0.34170434]
[0.64953512 0.52729817 0.19780735 0.52379675 0.16330812]
[-0.2641254   0.43942389 -1.00429528  0.49161414 -0.98672966]
[1.42107067 0.99930826 0.74457893 0.54387972 0.68970974]
[0.30437448 1.31050572 0.17142857 0.53988976 0.21679965]
[ 0.18255308  0.34957912 -0.61176259  0.51395613 -0.55301818]
[-0.60928604 -1.10018364 -0.78054366  0.50900318 -0.72490405]
[-0.54837534  0.09209738  0.13811744  0.54441932  0.23436469]
[0.83226722 0.6754145  0.35659092 0.50743117 0.24817807]
[-0.10169686  0.21143659 -0.27854537  0.53100302 -0.18619094]
[0.50741015 0.36152058 0.0567624  0.52362399 0.03173947]
[ 1.13682073  1.7467361  -0.11636879  0.51052698 -0.16208212]
[-0.18291113  1.21811802 -0.94437157  0.51608214 -0.83535495]
[1.0962136  0.61705818 0.41109925 0.53762653 0.37946476]
[0.36528518 1.06830991 0.84927874 0.55110185 0.80816544]
[-0.81232171 -0.21933052 -0.53099608  0.53070064 -0.38563785]
[-0.5077682   0.08011842 -0.83921224  0.52303319 -0.68848493]
[-0.14230399 -0.47397578  0.66452249  0.54397149  0.64149981]
[-0.81232171 -1.21874183 -0.7905541   0.47512252 -0.78661642]
[-0.48746463 -1.70917211  0.06239174  0.51451847  0.05480358]
[-0.08139329 -0.44690356 -0.01388929  0.51983304 -0.00893678]
[-0.10169686  0.99446676 -0.15973363  0.53023762 -0.09912394]
[ 0.08103524  1.253347   -0.603916    0.49754328 -0.61662229]
[ 0.50741015 -0.11447193  0.38407156  0.53894682  0.37680218]
[-0.04078616  2.49278337 -0.12702106  0.48619831 -0.20254914]
[-0.12200043  1.07400038 -0.06319655  0.53400235 -0.00960962]
[-0.16260756  1.34942084  0.04335568  0.53475193  0.10078885]
[-0.22351826  0.82985827 -1.12634483  0.50025184 -1.07936897]
[1.68501704 0.56314083 1.63837968 0.55545048 1.41423764]
[-0.06108973  1.08797966 -0.51397133  0.51777841 -0.45210744]
[ 0.48710658  1.32491795 -0.10466582  0.52488194 -0.06957612]
[1.92865984 1.13086192 0.82124647 0.54551989 0.74348802]
[1.05560646 0.95552398 0.76269768 0.54323605 0.69328043]
[ 1.25864213  1.60712919 -0.0785514   0.53191494 -0.04482882]
[0.71044582 0.01995917 0.72344027 0.52911811 0.60263502]
[ 0.64953512 -0.16014156  0.37934194  0.54027911  0.37932826]
[1.29924927 2.16858916 0.0646888  0.5240156  0.05894504]
[-0.71080387  0.4513191  -0.87497143  0.52311632 -0.70737682]
[0.62923155 1.5704063  0.18028897 0.53724273 0.19930033]
[-0.2641254   1.64233179 -0.42356988  0.52322028 -0.32848491]
[1.01499933 1.10740398 0.4632513  0.53957986 0.43124056]
[0.50741015 0.25155318 0.30783091 0.5228646  0.23819592]
[ 0.08103524 -0.02941701 -0.1520367   0.53322169 -0.08142386]
[ 0.69014225 -0.18730282  0.12402183  0.52945389  0.12607134]
[-0.6905003  -0.23010245 -1.36999858  0.49448658 -1.31507166]
[-2.78176771  5.56654553 -3.77466703  0.33269943 -4.25158178]
[-0.42655393 -1.15981219 -0.60611009  0.51518528 -0.5356844 ]
[0.46680302 1.4020312  0.3509827  0.52975967 0.31190799]
[-0.04078616  0.3015066  -0.24960268  0.51318183 -0.25791741]
[0.95408863 0.3713416  0.9226965  0.50936647 0.69662164]
[ 0.04042811  1.49283674 -0.50132623  0.51979238 -0.45807963]
[-0.99505381  0.94968964 -1.31238811  0.49402053 -1.21234849]
[ 0.62923155 -0.02877497  0.96875731  0.54880263  0.89555096]
[-0.04078616  2.17999892  0.034764    0.53527014  0.09853476]
[0.36528518 0.42000899 0.53353055 0.52972501 0.45754708]
[-0.99505381  3.32436527 -1.12799485  0.51097516 -0.97865672]
[0.40589232 0.24350246 0.840026   0.53983548 0.74261066]
[0.14194594 0.40346463 0.66356373 0.55028189 0.67450389]
[-0.5077682   2.12924528 -1.35451098  0.43731184 -1.43434028]
[ 0.91348149  1.3303976  -0.30528614  0.51721186 -0.32689743]
[-0.6295896   0.97998294 -0.94127787  0.51456048 -0.83103086]
[-0.2032147  -0.45592106 -0.07182197  0.52111261 -0.07403568]
