[ 0.50741015 -0.0926677   0.66715523 -0.05190194  0.6064616 ]
[ 1.05560646  0.65515634  1.1719325  -0.03687505  1.09199324]
[-1.21839305  0.26748443 -0.0404679  -0.04001589  0.14018397]
[ 1.2789457  -0.00744566  2.49788001  0.00442658  2.23841083]
[ 0.12164238  1.1279125   1.05892672 -0.0211436   1.07325537]
[-0.04078616  0.45582662  1.00597674 -0.01375805  1.08056565]
[ 0.62923155 -0.54263458  0.74749228 -0.03396548  0.74742155]
[ 0.69014225 -0.32800634  1.73374545 -0.02253223  1.55488582]
[ 0.87287436 -0.55102857  1.73937106 -0.01907747  1.5644734 ]
[-0.24382183  0.79121591  1.59186711 -0.0064059   1.55786777]
[ 0.40589232  0.21905137  0.91082834 -0.02314991  0.94955422]
[ 0.97439219 -0.18061224  2.07445624 -0.00339338  1.89249654]
[-1.15748235  0.70587645  0.46683474 -0.02671374  0.59724344]
[ 1.42107067 -0.22377011  2.07786495 -0.04361375  1.71543015]
[-1.56355369  0.48468341 -0.33388919 -0.04436355 -0.12846707]
[ 0.87287436 -0.37770201  2.32484594  0.00951517  2.15092693]
[-0.28442896  0.98251637  0.23205974 -0.04619947  0.28535068]
[-0.02048259  1.13080752  0.83366478 -0.03971212  0.80962889]
[ 0.60892799  0.95816724  1.64944644 -0.00708467  1.58026105]
[ 0.75105296 -0.44047516  0.72137926 -0.02976262  0.74893903]
[-0.16260756 -1.28688435  1.15070294 -0.03851227  1.09443997]
[-0.02048259 -0.93435303  1.33976306 -0.03228302  1.23903126]
[-0.67019674 -0.55064005  0.05415983 -0.03880779  0.18356697]
[ 0.52771372 -0.3481254   2.26778773  0.00684594  2.09750193]
[ 0.89317792 -0.31396643  2.04397395 -0.02467953  1.80102891]
[ 0.77135652 -0.61570525  1.63220393 -0.01374347  1.51370081]
[-0.04078616 -0.18624796  1.15716649 -0.01003399  1.1948302 ]
[ 1.40076710e+00 -2.03284676e-01  2.59673755e+00 -4.51248413e-04  2.27303641e+00]
[-0.04078616 -1.52093943  1.57372623 -0.02661586  1.48183087]
[-0.08139329  0.24604921  1.38778746 -0.01887095  1.32497447]
[1.11651716 0.51704195 2.50821536 0.00584268 2.25745432]
[-0.64989317 -0.80505453  1.37921688 -0.00831116  1.39658374]
[ 0.44649945 -0.1253687   1.02919015 -0.02284889  1.02098986]
[-1.84780363 -0.97768898 -0.26873681 -0.04558771 -0.06436258]
[-1.78689293 -2.23645245 -0.88989125 -0.06909726 -0.69662237]
[ 0.22316021  1.44915294  0.77465043 -0.02964508  0.78325468]
[ 0.38558875 -0.51360391  1.29238011 -0.01861284  1.24517351]
[ 0.69014225  0.975438    1.13360189 -0.02376674  1.10889825]
[ 0.14194594  0.16718578  1.4379759  -0.01098355  1.39983464]
[-0.52807177 -0.23449489 -0.04840011 -0.04544418  0.07864537]
[ 0.75105296  0.30204981  1.63141939 -0.0299998   1.45634314]
[ 0.97439219 -0.05170869  2.04993451 -0.00931907  1.8463394 ]
[-0.3859468   0.6494728   0.97919343 -0.01239015  1.06954507]
[-0.16260756 -0.13842475  1.45602895 -0.02088888  1.39503133]
[ 0.26376735 -0.09113917  1.28013613 -0.02258486  1.22705573]
[-0.04078616  0.87934218  1.05774296 -0.02478057  1.05192218]
[-1.79025228e-04  5.84630752e-01  1.43111220e+00 -1.72908048e-02  1.38431855e+00]
[ 0.75105296 -0.11481557  2.0443975  -0.00336019  1.87478456]
[ 3.65285182e-01  2.18010078e-01  1.71768408e+00 -7.33877139e-04  1.65572507e+00]
[-2.21326783 -1.45781325 -1.8843644  -0.11877756 -1.80588011]
[ 1.60380277  0.65274746  1.8002483  -0.02244661  1.59768575]
[-0.64989317 -0.23811125  0.84275131 -0.01729567  0.93537779]
[ 0.30437448  1.117718    0.54817524 -0.03398492  0.59065578]
[-0.6905003  -0.27160481  0.60928079 -0.04788658  0.64893201]
[ 0.77135652  0.84278236  0.2837952  -0.07349164  0.20699975]
[ 0.42619588  1.25119174  1.20572081 -0.02630004  1.14503779]
[-1.17778591  0.17733802  0.34616917 -0.02589819  0.52244559]
[-0.08139329 -0.14219814  0.75413174 -0.06611645  0.67217901]
[-0.42655393 -0.24029405  0.91029391 -0.02924936  0.92143148]
[ 1.68501704  0.62693221  1.47217713 -0.01765228  1.35638419]
[-0.6295896   0.7768024   0.73709301 -0.02270155  0.82349935]
[-1.25900018  0.75035029  0.25413052 -0.0291054   0.42620954]
[ 1.96926698  0.89955253  2.70634762 -0.02389273  2.27050276]
[ 0.02012454  0.8478863   1.41231325 -0.01386248  1.37034016]
[-1.79025228e-04  1.05175791e+00  1.45866000e+00 -9.57231369e-03  1.43257792e+00]
[ 0.97439219 -0.41568752  2.66733394  0.00346454  2.36003621]
[ 0.46680302 -0.27850182  1.66083943 -0.00441355  1.59938554]
[ 0.42619588  0.99095083  1.94654129 -0.00668874  1.78528846]
[ 0.02012454  0.6201699   0.69589624 -0.04885221  0.65840374]
[-1.86810719e+00 -1.79625695e-04 -2.05859366e-01 -4.08445375e-02  1.26334390e-02]
[9.74392193e-01 5.87300360e-01 2.03869555e+00 8.97632590e-04 1.90387700e+00]
