[ 0.34817532 -0.31028073  2.12087357  1.94182613  1.06082919]
[-0.15361824 -0.00704912  1.12317955  1.20850426  0.78940782]
[ 1.26813018 -1.95381251  4.46928604  3.45398641  1.50123981]
[-0.06998598  0.76787611  2.18875207  2.03285919  1.10805966]
[ 2.10445278 -0.55114556  4.39048522  2.65997583  1.43038468]
[ 0.76633662 -1.86217316  3.4857033   2.82686978  1.34820599]
[-0.32088276 -0.11775272  2.04377348  2.59422973  1.11811476]
[-0.57177954 -0.35928786  1.47507603  1.98734266  0.96671592]
[0.34817532 0.20429413 3.04392338 2.86732891 1.29039126]
[-0.40451502 -0.18587802  1.35476872  1.27930775  0.88277588]
[ 0.1809108  -0.41296233  1.67542381  0.95057726  0.90057752]
[-0.57177954  0.76787611  0.38162092  0.34369019  0.50329414]
