[ 4.3625238  -3.07575304  3.13257014  1.57089237  1.18472656]
[ 2.94077538 -2.00797546  2.79465547  1.53193716  1.1381464 ]
[ 8.54413679 -3.00252034  4.87271091  1.82328162  1.41527815]
[ 6.20243351 -3.62886279  4.47685453  1.78909522  1.37453048]
[ 5.1988464  -3.46838182  4.16036451  1.8013749   1.34282782]
[ 3.77709798 -3.53907675  3.44433319  1.72090124  1.24872031]
[ 8.20960775 -2.93664451  5.65974011  1.92900017  1.51208302]
[ 5.53337544 -3.59107832  3.95663748  1.81600919  1.32138083]
[ 4.27889154 -2.66158023  3.30624987  1.61100998  1.21623043]
[ 6.87149159 -4.14628389  4.6784297   1.71410569  1.39416829]
[ 4.61342058 -2.13397156  3.99298369  1.7984242   1.32442265]
[ 9.12956261 -3.18633696  5.68359728  1.91272661  1.50764104]
[ 9.79862069 -3.52634371  5.79149773  1.90590125  1.51570725]
[ 4.94794962 -2.11265404  4.56018739  1.89192268  1.40369314]
[ 8.79503357 -4.02965095  4.84654129  1.75711439  1.40364775]
[ 8.62776905 -3.08002849  4.8378887   1.89079008  1.42199296]
[1.4353947  0.41362458 1.87493378 1.46138858 0.98198436]
[ 6.87149159 -3.39279627  4.71375794  1.80316321  1.40085152]
[ 4.27889154 -3.52401748  3.83336619  1.76990076  1.30571002]
[ 4.7806851  -3.51135703  3.78598717  1.7572038   1.29394458]
[ 6.03516899 -2.87304244  4.56577002  1.84816885  1.39343037]
[ 6.20243351 -4.66616749  4.60150888  1.87406944  1.40076043]
[ 7.03875611 -4.17688489  5.226753    1.92527454  1.47273855]
[ 4.27889154 -4.60493883  3.60559093  1.75347817  1.27299893]
[ 6.45333029 -2.99768649  4.82108144  1.88596166  1.42564006]
[ 7.03875611 -4.08707715  4.97907465  1.87681151  1.43845443]
