[-0.73904406  0.76787611 -0.81999744 -1.14306405 -0.43928824]
[-0.6554118   0.76787611 -0.23900987 -0.84631623  0.06430359]
[-0.57177954  0.76787611 -0.09340861 -0.64443042  0.1785832 ]
[-0.40451502  0.76787611 -0.0487113  -1.16982     0.09237261]
[-0.40451502  0.76787611 -0.01832105 -1.02874317  0.13772542]
[-0.57177954  0.76787611 -0.44010341 -1.34494986 -0.18172444]
[-0.48814728  0.76787611 -0.32289112 -1.35954401 -0.11901771]
[-0.6554118   0.76787611 -0.31148826 -1.15279349 -0.03683559]
[-0.57177954  0.76787611 -0.22807927 -0.99469014  0.04078409]
[-0.57177954  0.76787611 -0.53740717 -1.37657053 -0.28127922]
[-0.6554118   0.76787611 -0.52946285 -1.14063169 -0.18474141]
[-0.57177954  0.76787611  0.22457503 -0.75388658  0.3208585 ]
[-0.57177954  0.76787611 -0.1831451  -0.89739577  0.08895871]
[-0.6554118   0.76787611 -0.6495807  -1.34738222 -0.35584743]
[-0.57177954  0.76787611 -0.3276662  -1.15522584 -0.06381283]
[-0.6554118   0.76787611 -0.16672191 -0.60794504  0.1557447 ]
[-0.73904406  0.76787611 -0.48013905 -1.07252563 -0.12401193]
[-0.6554118   0.76787611 -0.6495807  -1.34738222 -0.35584743]
[-0.48814728  0.76787611 -0.37497882 -1.12846989 -0.09253468]
[-0.73904406  0.76787611 -1.05425504 -1.65385947 -0.97259457]
[-0.6554118   0.76787611 -0.73644823 -1.47629725 -0.47614463]
[-0.2372505   0.76787611  0.05514233 -1.03117553  0.16100428]
[-0.40451502  0.76787611 -0.20909187 -1.06036384  0.0169068 ]
[-0.73904406  0.76787611 -0.01982236 -0.47416528  0.26015902]
[-0.82267632  0.76787611 -0.56490023 -0.85361331 -0.12670442]
[-0.48814728  0.76787611  0.24894159 -0.40119451  0.37380598]
[-0.6554118   0.76787611 -0.21857417 -0.79523669  0.08805661]
[-0.32088276  0.76787611  0.05247301 -0.78307489  0.20253708]
[-0.82267632  0.76787611 -0.65467337 -1.05306676 -0.25236211]
[-0.32088276  0.76787611  0.57646604 -0.49848887  0.47635021]
[-0.90630858  0.76787611 -1.03532155 -1.57602398 -0.84140245]
[-0.82267632  0.76787611 -0.61671584 -1.09441687 -0.21882863]
[-0.6554118   0.76787611 -0.46914989 -1.17225236 -0.15272447]
[-0.82267632  0.76787611 -0.21605402 -0.54956842  0.15456434]
[-0.73904406  0.76787611 -0.81999744 -1.14306405 -0.43928824]
[-0.73904406  0.76787611 -0.31232317 -0.80983085  0.03852438]
[-0.73904406  0.76787611 -0.66603963 -1.16252292 -0.28612096]
[-0.32088276  0.76787611 -0.41237348 -1.10901102 -0.15082614]
[-0.40451502  0.76787611  0.05288681 -0.88523398  0.20253395]
[-0.57177954  0.76787611 -0.66098361 -1.40332648 -0.3935388 ]
