[-0.82267632  0.76787611 -0.91775589 -0.65408447 -0.36832035]
[-0.06998598 -0.60976874  0.22396726  0.80557786  0.47201692]
[-0.57177954  0.76787611 -0.63048026 -0.36073032 -0.11896808]
[0.09727854 0.1153075  0.78477871 1.04461109 0.67947646]
[0.34817532 0.76787611 0.55014717 0.0543154  0.49982106]
[0.68270436 0.29099905 1.47964507 1.11935539 0.84680098]
[ 0.43180758 -3.10675005  1.31304173  1.31775404  0.84487035]
[-0.82267632  0.76787611 -0.58880866 -0.24810992 -0.04099974]
[-0.57177954 -0.35928786 -0.18165459  0.67184444  0.30916191]
[ 0.51543984 -0.22402818  1.13467838  1.23139227  0.79229102]
[-0.32088276 -1.55689958  0.7788846   1.08291158  0.69027198]
[0.01364628 0.07905369 0.09314859 0.78244903 0.42322773]
[0.09727854 0.1153075  0.91195404 1.10657088 0.72742872]
[ 0.51543984 -1.0689837   1.00560329  1.08795111  0.7372868 ]
[-0.15361824 -0.00704912  0.68469381  1.09436989  0.66706971]
[-0.15361824 -0.69080668  0.04938169 -0.08026678  0.29217126]
[ 0.1809108  -0.41296233  0.03816747 -0.03507009  0.28646479]
[-0.32088276  0.76787611  0.29283788  0.89135609  0.5152576 ]
[ 0.84996888 -0.83196953  0.83138574  1.11420976  0.6910077 ]
[0.1809108  0.76787611 0.61191327 0.0981859  0.52043803]
[ 0.76633662 -0.11775272  0.96399527  0.96705526  0.70353901]
[-0.15361824 -0.69080668  0.66332201  0.97877881  0.6386329 ]
[0.26454306 0.76787611 0.89860377 1.10105391 0.71679055]
[-0.40451502  0.76787611 -0.0871205  -0.0477485   0.247276  ]
[-0.15361824 -0.00704912  0.25673011  0.71009188  0.46346874]
[-0.15361824  0.76787611  0.18281534 -0.14090038  0.32973846]
[0.43180758 0.76787611 0.49269381 0.04359975 0.47657435]
[0.43180758 0.22879769 1.71533137 1.53074082 0.95766809]
[0.43180758 0.76787611 0.83409794 0.13272    0.59237146]
[-0.2372505   0.76787611 -0.02733529 -0.10090237  0.25427977]
[0.01364628 0.76787611 0.62101931 0.92451095 0.62072441]
[-0.06998598  0.03853472  0.46339603  0.85538971  0.56029283]
[-0.15361824 -0.69080668  0.39952564  0.82605429  0.53626446]
[ 0.09727854 -1.00338156  0.93831614  1.09887895  0.72604143]
[ 0.01364628 -0.53726112  0.26983038 -0.09634026  0.3725782 ]
[ 0.5990721  -1.00338156  0.99714036  0.98466711  0.7145902 ]
[0.34817532 0.76787611 0.90603068 0.88345198 0.68114599]
[0.93360114 0.34033116 1.37976431 1.17330497 0.83795088]
[-0.73904406 -3.36505846 -0.56177236 -0.2780819  -0.0440851 ]
[-0.06998598  0.76787611  0.15064769 -0.0739541   0.33435231]
[ 0.01364628 -1.09194444  0.76486802  1.1594595   0.69548482]
[ 0.43180758 -1.13963215  1.3124329   1.29112406  0.83870791]
[-0.06998598 -1.18982974 -0.46701468 -1.46481347 -0.27281665]
[0.26454306 0.17745689 0.55427958 0.73353899 0.55134441]
[-0.15361824 -1.29859117 -0.25898982 -0.29892967  0.09094499]
[-0.32088276 -0.88529771  0.48118625  0.8673785   0.57287953]
[ 0.84996888 -0.47200426  0.79386555  0.08439348  0.5613033 ]
[-0.32088276 -2.14948947  0.38186244  1.03352411  0.57542842]
[-0.15361824 -0.00704912  0.90203204  1.10842755  0.72555868]
[-0.40451502 -4.19164537  0.15614704  0.75974459  0.44788167]
[ 1.35176244 -0.5725351   1.91070041  1.50708151  0.98386796]
[-0.57177954  0.76787611 -0.07357278  0.68913801  0.35331838]
[-0.32088276  0.76787611 -0.35189373 -0.33325158  0.03639022]
[0.76633662 0.30866116 0.67126363 0.93140716 0.61759346]
[ 0.1809108  -0.41296233  0.48122695  0.91050634  0.56675573]
[ 0.01364628 -0.53726112  0.095268   -0.18630927  0.27379866]
[-0.57177954 -0.35928786 -0.65761785 -0.3469379  -0.12828792]
[0.43180758 0.22879769 0.78242304 0.14661851 0.58355787]
[-0.2372505   0.76787611 -0.72090148 -0.3838061  -0.19638778]
[1.26813018 0.76787611 1.62879012 0.50373607 0.84391022]
[0.43180758 0.22879769 0.81062732 1.03405458 0.67801429]
[0.01364628 0.76787611 0.32570993 0.0388785  0.4154241 ]
[ 0.09727854 -0.47200426  0.65514339  0.89650173  0.62122633]
[-0.06998598 -1.18982974  0.52680182  1.05389445  0.61350269]
[ 0.26454306 -2.09338628  0.76234368  0.19743827  0.58727844]
[ 1.68629148 -2.97515897  1.25020966  1.20168552  0.80337939]
[0.1809108  0.76787611 0.85239932 1.09484732 0.70381128]
[0.1809108  0.14793593 0.48750066 0.8650444  0.564796  ]
[-0.2372505  -0.0587108   0.91039309  1.10895803  0.7325926 ]
[-0.2372505   0.76787611 -0.2854163  -0.24285819  0.10035358]
[-0.2372505   0.76787611 -0.1328862  -0.19309938  0.1870834 ]
[ 0.01364628 -1.09194444  0.74838298  1.15378339  0.68986294]
[ 0.26454306 -0.35928786  0.60506705  0.187147    0.53952507]
[-0.2372505  -0.0587108   0.07330754  0.73014393  0.41326892]
[-0.40451502  0.76787611 -0.02641111  0.68685696  0.36696786]
[-0.2372505   0.76787611  0.39248441  0.87544176  0.54668832]
[-0.15361824 -0.00704912  1.0628367   1.23165751  0.78325455]
[-0.15361824  0.76787611  0.65076256  1.08423777  0.65730598]
[-0.48814728  0.76787611 -0.63217508 -0.33563873 -0.10648449]
[ 0.01364628 -0.53726112  0.64278339  1.05670598  0.6478148 ]
[-0.32088276  0.76787611 -0.32632207 -0.22837615  0.08922079]
[ 0.5990721  -1.00338156  1.31185507  1.2260875   0.83250365]
[-0.57177954  0.76787611 -0.09972918  0.67858151  0.33988774]
[-0.32088276  0.76787611 -0.01904558  0.7618665   0.38713529]
[0.26454306 0.76787611 0.09451301 0.78091065 0.42086851]
[-0.40451502 -2.33182481 -0.01099127  0.66956339  0.36219513]
[-0.2372505   0.76787611 -0.12500613 -0.21113562  0.22320998]
[ 0.84996888 -0.83196953  1.28898229  1.21584928  0.82129518]
[-0.40451502  0.76787611  0.09569644 -0.1119363   0.31205816]
[ 0.09727854 -1.00338156  0.79688618  1.15664797  0.70128282]
[0.09727854 0.1153075  0.93817748 1.0776068  0.72429908]
[ 0.09727854  0.1153075   0.23284412 -0.02944702  0.36936062]
[0.43180758 0.22879769 0.49906187 0.93787898 0.57926777]
[0.1809108  0.14793593 0.84652995 1.16566609 0.71258447]
[-0.32088276 -0.11775272  0.07288712  0.78032712  0.41807438]
[-0.06998598  0.76787611 -0.03904716 -0.14896364  0.23679506]
[0.09727854 0.1153075  0.42806194 0.09882247 0.45493417]
[ 1.26813018 -1.18982974  1.19312913  1.00376431  0.75838134]
[ 0.09727854  0.76787611 -0.30511171 -0.23373397  0.08638983]
[-0.2372505  -1.42014807  0.0323969  -0.108276    0.2752563 ]
[-0.57177954  0.76787611 -0.25111331 -0.26428948  0.12104305]
[-0.15361824 -0.69080668  0.22683504 -0.07416629  0.36671074]
[ 0.43180758 -0.26535753  0.08008349 -0.11326249  0.27627852]
[-0.73904406  0.76787611 -0.2767935   0.66128793  0.27156141]
[-0.32088276  0.76787611 -0.06390639 -0.04944603  0.26481661]
[-0.57177954  0.76787611 -0.70116707 -0.36953625 -0.1643388 ]
[0.26454306 0.17745689 0.54511434 0.09659447 0.50193851]
[-0.57177954 -2.09338628  0.20458823  0.83480718  0.48740996]
[0.51543984 0.76787611 0.50071579 0.76908099 0.54631672]
[-0.15361824 -0.69080668  0.53301789  0.96482725  0.59981206]
[0.09727854 0.1153075  0.36998694 0.75894887 0.50783164]
[0.76633662 0.30866116 0.92824597 0.99278342 0.69770495]
[-0.15361824  0.76787611  0.83588696  1.10428983  0.70713332]
[-0.06998598  0.76787611  0.36842409  0.88610437  0.52725743]
[ 0.09727854  0.76787611 -0.10959981 -0.23118768  0.17534461]
[ 0.51543984 -1.0689837   1.51743508  1.21600842  0.8773599 ]
[0.68270436 0.29099905 1.91922159 1.50326207 0.99186967]
[ 0.51543984  0.76787611  0.60594923 -0.00424934  0.49634477]
[-0.48814728  0.76787611 -0.47741628 -0.24779163  0.00754169]
[0.34817532 0.20429413 1.0640616  1.24598041 0.78327537]
[-0.57177954 -0.35928786 -0.28072838  0.65158019  0.26305968]
[ 0.01364628  0.76787611 -0.08522059 -0.09469578  0.23287798]
[ 0.51543984 -2.43181517  1.36290329  1.3613593   0.85764008]
[ 0.1809108  -1.81520799  0.45686051  0.08900864  0.47596111]
[ 0.84996888 -2.06613616  1.37107783  1.05368226  0.81438063]
[ 0.34817532  0.20429413  0.18330443 -0.96096579  0.23291904]
[-0.32088276  0.76787611  0.21614232  0.75693306  0.46505107]
[-0.06998598 -0.60976874  0.73253793  1.12492541  0.67875676]
[-0.48814728 -0.26535753  0.55925177  1.0514012   0.62755074]
[-0.6554118  -4.19164537  0.24428458  0.93618146  0.51662197]
[ 0.68270436 -1.29859117  0.96267043  1.21033231  0.74187607]
[0.1809108  0.76787611 0.4802445  0.72945431 0.53119242]
[ 0.26454306 -1.29859117  0.63926464  0.80632053  0.59743702]
[0.34817532 0.20429413 0.74243302 0.26756742 0.59498249]
[-0.98994084  0.76787611 -0.91082014 -0.38720116 -0.29956309]
[-0.15361824 -0.00704912  0.03614635 -0.04827898  0.30007014]
