[0.09727854 0.1153075  0.96477191 0.14688789 0.70204764]
[-0.48814728 -1.13963215  0.15485838 -0.51249241  0.32257527]
[-0.15361824 -0.00704912  0.61953636 -0.09800342  0.56407688]
[-0.32088276  0.76787611  0.34605859 -0.22150213  0.45140237]
[ 0.34817532 -1.21593248  0.3957666  -0.47738125  0.40501275]
[-0.06998598  0.03853472 -0.45990328 -0.9891118  -0.0810633 ]
[-0.2372505  -0.0587108   0.433156   -0.3009664   0.46583375]
[ 1.68629148 -1.43635566  1.50218981 -0.06077229  0.77979715]
[-0.40451502  0.76787611 -0.49827895 -0.89299259 -0.10102519]
[ 0.01364628  0.76787611  0.62629211 -0.19500942  0.54183831]
[-0.40451502  0.76787611  0.36551446 -0.21613985  0.45998695]
[-0.2372505   0.76787611  0.4861466  -0.15249915  0.51334415]
[-0.15361824  0.76787611  0.77511558 -0.06088314  0.61656908]
[-0.32088276  0.76787611  0.45801174 -0.21188605  0.49269281]
[-0.40451502  0.76787611  1.0273657   0.47621778  0.75425049]
[-0.15361824  0.76787611  0.79211419  0.13066249  0.64042339]
[-0.15361824  0.76787611  0.64288403 -0.19991445  0.54639645]
[-0.15361824  0.76787611  0.97676689 -0.00660911  0.67823974]
[0.51543984 0.76787611 1.44463184 0.4789197  0.84871224]
[ 1.26813018 -0.9076379   1.08987552 -0.14820378  0.67139062]
[-0.32088276 -0.88529771  0.53890417 -0.1034904   0.54151889]
[-0.15361824 -0.00704912  0.32430869 -0.07412949  0.44866658]
[ 0.5990721  -1.00338156  0.46080009 -0.35255237  0.45577438]
[-0.57177954  0.76787611  0.04750679 -0.31257775  0.33122379]
[ 1.10086566 -0.69080668  0.83363347 -0.30886433  0.56950949]
[-0.40451502 -1.00338156  0.57704146 -0.10743937  0.54963173]
[-0.32088276  0.76787611  0.3836079  -0.24651224  0.45795335]
[-0.15361824  0.76787611  0.35169536 -0.25914893  0.44556651]
[-0.2372505   0.76787611  0.24227047 -0.23024528  0.41456529]
[-0.57177954  0.76787611  0.07329608 -0.33503836  0.33039492]
[-0.48814728  0.76787611  0.24885205 -0.22916451  0.419588  ]
[-0.48814728 -0.26535753  0.4390886   0.04529555  0.52471272]
[ 0.09727854  0.76787611  0.39168668 -0.26119962  0.45338795]
[-0.32088276 -0.88529771  0.51071274 -0.20461164  0.50595386]
[-0.32088276  0.76787611  0.31931546 -0.3099451   0.41841737]
[-0.57177954  0.76787611  0.33916314  0.03263114  0.48957027]
[-0.32088276 -0.11775272  0.70112999 -0.0422745   0.60040877]
[-0.6554118   0.76787611 -0.01405498 -0.78373786  0.21592831]
[ 1.4353947  -1.09194444  0.55236561 -0.32356557  0.48291209]
[-0.06998598  0.76787611  0.62704704 -0.13436161  0.55574463]
[-0.32088276  0.76787611  0.58604311 -0.08296964  0.55191022]
[ 0.09727854  0.1153075   0.14719886 -0.52647313  0.31016057]
[-0.32088276 -0.11775272  0.40567447 -0.18862179  0.48155044]
[-0.06998598  0.03853472  0.48548103 -0.11406254  0.51996849]
[0.09727854 0.76787611 0.84350452 0.01262305 0.64018826]
[-0.57177954 -0.35928786  0.44381207 -0.01661315  0.53133331]
[ 0.1809108   0.76787611 -0.06301999 -1.00188705  0.09208983]
[-0.2372505   0.76787611  0.90321826 -0.04812174  0.6564382 ]
[-0.57177954 -0.35928786  0.24525644 -0.22599148  0.42074364]
[-0.15361824  0.76787611  0.23248493 -0.33075685  0.37930771]
[-1.0735731   0.76787611 -1.18652528 -1.30998952 -0.86441957]
[-0.82267632  0.76787611 -1.42555909 -1.66547958 -1.73170597]
[-0.32088276  0.76787611 -0.93156908 -1.47836788 -0.70189316]
[-0.98994084  0.76787611 -1.63709938 -1.71397565 -3.35200962]
[-0.48814728 -0.26535753  0.51309595 -0.11190101  0.5313607 ]
[-0.48814728  0.76787611  0.33138078 -0.12646368  0.46641288]
[-0.40451502  0.76787611 -0.98810116 -1.50473588 -0.74165058]
[-0.32088276  0.76787611 -0.12894056 -0.66880218  0.1619126 ]
[-0.2372505  -1.42014807  0.08131174 -0.51978068  0.29078964]
[-0.32088276  0.76787611  0.51655397  0.05545201  0.54868505]
[-0.40451502  0.76787611 -0.76820794 -1.43077245 -0.46667624]
[-0.32088276  0.76787611  0.1002364  -0.52515681  0.2967612 ]
[-0.32088276 -0.11775272  0.95973374  0.05528574  0.69190341]
[ 3.1080399  -1.78481877  1.73227438 -0.08321904  0.8171773 ]
[-0.40451502 -0.18587802  0.26349318 -0.22734937  0.42351714]
[-0.40451502  0.76787611  0.09591723 -0.33604985  0.33486804]
[-0.32088276  0.76787611  0.41420042 -0.24703877  0.46550935]
[ 0.01364628 -0.53726112  0.86836749 -0.01809575  0.64731423]
[ 1.18449792 -2.69225515  0.52643278 -0.4408845   0.44865609]
[ 0.09727854  0.1153075   0.53999146 -0.40551008  0.47578623]
[-0.57177954 -0.35928786 -0.12981237 -0.53919296  0.20573196]
[ 0.51543984  0.25125929  0.51279406 -0.37427861  0.46371668]
[-1.0735731   0.76787611 -1.40582703 -1.66020043 -1.60878592]
[ 0.84996888 -0.83196953  0.35841799 -0.55295199  0.36887061]
[-0.15361824  0.76787611  0.37859934 -0.32768081  0.44365427]
[-0.32088276  0.76787611  0.37501029  0.161409    0.51928114]
[ 9.72785387e-02  7.67876114e-01  2.84702719e-04 -7.80024451e-01  1.85513489e-01]
[-0.2372505   0.76787611  0.56673917 -0.16800403  0.53331197]
[-0.06998598  0.03853472  1.19318275  0.41444764  0.78850129]
[-0.32088276  0.76787611 -0.41430871 -0.87223627 -0.02943288]
[-0.48814728  0.76787611  0.18636773 -0.27360076  0.38732986]
[-2.37250501e-01 -5.87108003e-02 -2.08031998e-01 -1.19050905e+00 -4.37519194e-04]
[-0.2372505   0.76787611 -0.53286046 -1.35452277 -0.27028623]
[-0.32088276  0.76787611  0.21157362 -0.13379352  0.42744902]
[-0.6554118   0.76787611  0.19469656 -0.23283635  0.40254813]
[-0.2372505   0.76787611  0.49032756 -0.34240976  0.47262385]
[-0.06998598  0.03853472  0.4761136  -0.20700873  0.49300207]
[ 1.60265922 -0.47200426  1.05720105 -0.24769001  0.6364663 ]
[-0.06998598 -1.18982974  0.73393758 -0.00339451  0.60696074]
[-0.06998598  0.76787611 -0.33415179 -1.27676278 -0.11501572]
[-0.48814728  0.76787611  0.31981955 -0.2507799   0.4378258 ]
[ 0.09727854  0.76787611  0.82082071 -0.06803285  0.62319776]
[-0.2372505   0.76787611  0.5812433  -0.14004258  0.54434454]
[0.43180758 0.22879769 0.83873724 0.11795652 0.6401307 ]
[-0.6554118   0.76787611 -1.03786348 -1.47775821 -0.76561827]
[-0.32088276  0.76787611  0.62239458 -0.14286921  0.55566724]
[-0.15361824  0.76787611  0.64453993 -0.09657625  0.56341723]
[-0.06998598  0.76787611  0.1688077  -0.57016117  0.30922348]
[ 0.01364628  0.07905369  0.58374204 -0.27433513  0.51826099]
[-0.06998598  0.76787611  0.82162653 -0.05678176  0.62911993]
[-0.32088276  0.76787611  0.17595036 -0.27256156  0.38333166]
[-0.32088276 -0.88529771  0.24022355 -0.33891804  0.38833912]
[-0.15361824  0.76787611  0.51927765 -0.1841463   0.51388865]
[-0.2372505   0.76787611  0.67269681  0.28198409  0.62991466]
[-0.48814728  0.76787611 -0.5135675  -1.08600695 -0.14470512]
[-0.2372505   0.76787611  1.16262321  0.41408738  0.78311807]
[-0.06998598  0.03853472 -0.49027117 -0.77712854 -0.06759662]
[ 0.76633662 -0.11775272  1.04379991 -0.17084452  0.66318478]
[ 0.84996888 -0.47200426  0.67277147 -0.24074814  0.54366151]
[-0.57177954  0.76787611 -1.07278574 -1.51848106 -0.84272827]
[ 2.35534956 -1.29859117  1.56272251 -0.0336422   0.79718028]
[-0.32088276  0.76787611 -0.85033241 -1.5096132  -0.59639039]
[-0.32088276  0.76787611 -1.05195562 -1.5726581  -0.89786956]
[-0.57177954  0.76787611  0.26206755 -0.2555048   0.41860111]
[ 0.1809108   0.76787611  0.18039981 -0.74689471  0.29422517]
[-0.06998598  0.76787611 -0.17606486 -0.94588101  0.07525748]
[ 0.84996888 -0.0872138   0.20543536 -1.07481128  0.21329004]
[-0.48814728  0.76787611  0.14469343 -0.26125505  0.36477553]
[-0.57177954  0.76787611 -0.10555265 -0.4781849   0.23193556]
[-0.32088276  0.76787611  0.55239047  0.07072134  0.5598749 ]
[ 0.01364628  0.07905369  0.32187032 -0.33749087  0.41355496]
[ 0.68270436 -0.15055379  1.09977257 -0.16887696  0.67714213]
[ 1.60265922 -1.00338156  1.61459936  0.03031719  0.82700254]
[-0.48814728  0.76787611  0.78068414  0.41967136  0.67647791]
[-0.73904406  0.76787611 -1.2908263  -1.63047927 -1.32214993]
[-0.6554118   0.76787611 -1.15207876 -1.6151268  -1.05876195]
[-0.57177954  0.76787611 -0.25151453 -0.89940792  0.06622951]
[-0.90630858  0.76787611 -1.49372805 -1.70563432 -2.14752946]
[-0.6554118   0.76787611  0.23675118 -0.25741693  0.41075996]
[-0.57177954  0.76787611 -0.84428175 -1.24249684 -0.46395348]
[-0.57177954  0.76787611 -0.02551981 -0.78523431  0.20959586]
[-0.82267632  0.76787611 -1.00415392 -1.21080812 -0.57284612]
[ 0.26454306  0.17745689  0.45530577 -0.75022015  0.38981849]
[-0.40451502 -0.18587802 -0.37778015 -0.97132067 -0.03426553]
[-0.6554118   0.76787611 -1.29566066 -1.61662325 -1.30765329]
[ 1.51902696 -0.50379606  1.40338742 -0.16986074  0.73822862]
[-0.73904406  0.76787611 -0.28455124 -0.58867281  0.11713185]
[-0.06998598  0.76787611  0.72710402 -0.12762759  0.58240787]
[ 0.34817532 -0.31028073 -0.41621523 -1.11527086 -0.11974573]
[ 2.02082052 -0.07749687  1.26977041 -0.48295137  0.65399679]
[-0.32088276  0.76787611  0.31212654 -0.03538806  0.46258647]
[ 1.18449792 -0.95417996  0.26736991 -0.97540819  0.24160406]
[ 0.93360114 -0.0587108   0.27459071 -0.79857766  0.29339452]
[-0.2372505   0.76787611  0.21825114 -0.32682174  0.37648178]
[-0.48814728  0.76787611  0.76185842  0.38723442  0.66587186]
[ 0.34817532  0.76787611 -0.24364152 -1.07331483 -0.02839098]
[-0.06998598  0.76787611  1.36761638  0.49923263  0.83996969]
[-0.6554118   0.76787611 -1.03640741 -1.38000399 -0.69620416]
[-0.06998598  0.76787611  0.05214604 -0.62077721  0.24573867]
[ 0.1809108  -1.38843758  0.48135214 -0.658618    0.42133673]
[-0.15361824 -1.29859117  0.92980228  0.29877758  0.70158308]
[ 1.51902696 -3.12194466  0.36027859 -0.655057    0.35198794]
[ 0.51543984 -0.66275508  0.6041426  -0.32679403  0.50303204]
[-0.06998598 -1.71188463  0.06220881 -0.58227133  0.26196219]
[-0.73904406  0.76787611 -0.43487225 -0.68534626  0.01586091]
[-1.24083762  0.76787611 -1.32736662 -1.58295312 -1.28172943]
[ 0.84996888 -0.83196953  0.07980491 -0.90118149  0.18735752]
[-0.32088276  0.76787611  1.08373269  0.18924574  0.74020206]
[-0.82267632  0.76787611 -0.88512505 -1.12102111 -0.4504825 ]
[ 0.51543984 -0.66275508  0.92129244 -0.21730375  0.62367688]
[-0.82267632  0.76787611 -1.22993908 -1.58978414 -1.13130293]
[-0.40451502  0.76787611 -0.06864885 -0.54411185  0.22077624]
[-0.40451502  0.76787611 -0.41791144 -0.98368024 -0.06341455]
[-0.6554118   0.76787611 -0.15398729 -0.5417009   0.19749407]
[ 0.76633662 -1.23193094  0.59000064 -0.36739216  0.48468669]
[ 2.43898182 -1.26101904  1.24295754 -0.30546961  0.66977084]
[ 0.26454306  0.17745689 -0.48834593 -0.8079859  -0.09437995]
[ 0.43180758  0.22879769  0.53660392 -0.31687311  0.48606343]
[0.01364628 0.76787611 0.58888834 0.1420937  0.5761608 ]
[-1.32446988  0.76787611 -1.70406949 -1.71465459 -5.86275188]
[-0.2372505  -0.0587108  -0.67694211 -1.33134165 -0.35759594]
[ 0.26454306  0.17745689 -0.12374069 -0.81725558  0.136049  ]
[ 1.60265922 -2.13397156  0.830513   -0.39200046  0.55470562]
[-0.48814728  0.76787611  0.0263949  -0.34236819  0.30908109]
[-0.82267632  0.76787611 -0.33834258 -0.59228923  0.09367917]
[-0.73904406  0.76787611 -0.80559701 -1.20364456 -0.40252438]
[ 1.60265922 -1.927516    1.1935518  -0.16810102  0.69326362]
[-0.6554118   0.76787611 -0.69931392 -1.41752609 -0.39801004]
[ 0.43180758 -1.13963215  0.79925987 -0.21586273  0.5917147 ]
[-0.73904406  0.76787611 -0.00156398 -0.33889033  0.30437521]
[-0.90630858 -1.00338156 -0.95951076 -1.08629793 -0.48485598]
[-0.57177954  0.76787611  0.12156406 -0.26520401  0.3707844 ]
[-0.06998598  0.03853472  1.11757564  0.34640072  0.76482129]
[ 0.68270436 -1.63189235  0.82880024 -0.19269546  0.5982777 ]
[ 1.10086566 -3.36505846  0.82535194 -0.35259394  0.56518378]
[ 1.76992374 -0.92286985  1.59089005 -0.04950735  0.80653552]
[ 0.01364628  0.76787611 -0.27779571 -0.68631619  0.07439509]
[ 0.51543984 -0.66275508  0.8527209  -0.14020886  0.62069399]
[-0.15361824  0.76787611  0.76051802 -0.06501223  0.6143587 ]
[-0.57177954  0.76787611  0.22281408 -0.23068867  0.41174185]
[-0.48814728  0.76787611  0.2587281  -0.13028794  0.44392677]
[-0.15361824 -0.00704912 -0.14569675 -0.96381071  0.09684441]
[-0.57177954  0.76787611  0.18529806 -0.26974879  0.38983539]
[ 1.51902696 -1.29859117  1.57038576 -0.06850395  0.79726577]
[ 0.43180758  0.22879769  0.28303261 -0.47882228  0.36742568]
[-0.6554118   0.76787611  0.14176206 -0.23520573  0.38522387]
[ 1.0172334   0.35458266  0.31371146 -0.94250015  0.27872724]
[-0.40451502 -0.18587802 -0.1841278  -0.8751876   0.09587025]
[-0.40451502 -0.18587802  0.35605801 -0.23509488  0.4551176 ]
[-0.6554118   0.76787611 -1.23058525 -1.62500614 -1.20881189]
[-0.48814728  0.76787611 -1.09787509 -1.48414584 -0.88187389]
[ 0.93360114 -0.43200812  1.33434177 -0.07961648  0.74866366]
[ 1.10086566  0.3679147   1.17322227 -0.19301415  0.68560066]
[-0.15361824 -0.00704912  0.69950647 -0.09061816  0.58712989]
[-0.2372505   0.76787611  0.3241007  -0.2604514   0.43550062]
[-0.15361824 -0.69080668  0.56962738 -0.19769748  0.52353493]
[-0.06998598  0.76787611  0.30983947 -0.22976031  0.43404795]
[-0.40451502  0.76787611  0.50768641 -0.17592968  0.51480363]
[-0.57177954  0.76787611 -0.04834716 -0.3483817   0.2796427 ]
[-0.48814728  0.76787611  0.47751953 -0.01607277  0.53946306]
[-0.48814728  0.76787611  0.27237498 -0.24914489  0.42489072]
[-0.57177954  0.76787611 -0.39571159 -0.82886692  0.00189893]
[-0.48814728 -0.26535753  0.24928927 -0.22398235  0.42203914]
[-0.32088276 -0.88529771  0.86950909  0.29746126  0.68884205]
[-0.06998598  0.76787611  0.88667945  0.26724128  0.68445619]
[-0.57177954  0.76787611 -0.99637403 -1.47904682 -0.75879731]
[-0.57177954  0.76787611  0.45862573 -0.01646074  0.53483186]
[-0.2372505   0.76787611  0.64645303 -0.12962286  0.56449448]
[-0.2372505  -0.0587108   0.62207671 -0.06885035  0.56411885]
[ 0.01364628  0.76787611  0.45965759 -0.43309741  0.44269913]
[ 0.01364628 -1.59380078  0.96458242 -0.02155975  0.67151496]
[0.01364628 0.76787611 0.89724797 0.2699432  0.69474358]
[ 0.01364628  0.07905369  0.57986998 -0.19505098  0.52698839]
[-0.57177954  0.76787611 -1.05156097 -1.48379944 -0.82763205]
[-0.2372505  -0.0587108   0.54814912 -0.29698973  0.50321201]
[-0.48814728  0.76787611  0.42199173 -0.18712534  0.48867879]
[-0.32088276  0.76787611  0.38182137 -0.24231387  0.45909679]
[-0.06998598  0.76787611  0.63085148 -0.17663633  0.54620745]
[-0.40451502 -0.18587802  0.99174244  0.08328875  0.70422125]
[ 0.84996888  0.76787611  0.47928684 -0.67938818  0.39028432]
[-0.48814728  0.76787611 -0.48481924 -1.11076766 -0.1328049 ]
[-0.32088276  0.76787611  0.63670034  0.27641397  0.61951678]
[-0.6554118   0.76787611  0.20666043 -0.2269614   0.4102093 ]
[-0.48814728  0.76787611 -0.21821016 -0.89757893  0.08115442]
[-0.6554118   0.76787611 -1.30847304 -1.66787667 -1.44528752]
[-0.48814728  0.76787611  0.63388842  0.12053374  0.59534385]
[-0.6554118  -0.47200426  0.0673869  -0.09855766  0.36588968]
[-0.40451502 -0.18587802  0.75738473  0.2930689   0.65439139]
[-0.48814728  0.76787611 -0.70218412 -0.97824868 -0.25651884]
[-0.48814728 -0.26535753  0.05167349 -0.78120221  0.23981602]
[ 0.93360114 -1.9874136   1.12297585 -0.14863332  0.68398349]
[ 1.10086566 -1.00338156  1.25139931 -0.06455498  0.73096383]
[ 0.51543984 -0.22402818  0.63567955 -0.32998091  0.50802825]
[-0.32088276 -0.11775272  0.91556268  0.39635168  0.71585757]
[ 0.68270436 -0.15055379  0.77154607 -0.3209745   0.56223541]
[-0.15361824  0.76787611  0.8032978   0.29456535  0.66833694]
[ 0.34817532 -0.31028073  0.87029269 -0.15158465  0.62194185]
[ 0.76633662 -1.55689958  0.88787064 -0.19880597  0.61225549]
[-1.0735731   0.76787611 -0.90014393 -1.00223345 -0.38361182]
[-0.48814728  0.76787611  0.11974765 -0.09754617  0.38101261]
[-0.2372505  -0.0587108   0.44472135 -0.2062605   0.48564682]
[-0.57177954  0.76787611 -0.11751491 -0.55015307  0.2044775 ]
[-0.32088276  0.76787611  0.74368954 -0.02054826  0.61908725]
[-0.2372505  -0.0587108   0.46403866 -0.21370119  0.48711547]
[-0.32088276  0.76787611  0.26122675 -0.22712767  0.42347647]
[-0.06998598  0.03853472  0.58341793 -0.14767725  0.54115471]
[-0.57177954  0.76787611  0.16799442 -0.31552908  0.37166789]
[ 0.68270436 -0.15055379  0.72533996 -0.2757623   0.55410658]
[-0.40451502  0.76787611  0.19004153 -0.26176772  0.39244715]
[-0.57177954  0.76787611 -0.08129366 -0.53565968  0.22649797]
[ 0.84996888 -1.16943697  0.61838589 -0.42892675  0.48630449]
[ 0.43180758 -0.26535753 -0.15809855 -0.94473097  0.06338582]
[-0.40451502  0.76787611  0.56340526 -0.11062625  0.54941349]
[-0.06998598  0.76787611  1.21693691  0.35914826  0.78962121]
[-0.40451502  0.76787611 -0.07762369 -0.47811562  0.23996628]
[-0.15361824  0.76787611  0.30779325 -0.26503774  0.42674984]
[-0.73904406  0.76787611  0.29274513 -0.18740246  0.45164406]
[-0.15361824 -0.00704912 -0.3543586  -0.69604311  0.03288818]
[-0.48814728  0.76787611  0.00814285 -0.55498882  0.25645732]
[-0.15361824 -1.29859117  0.49795906 -0.21145651  0.49676082]
[-0.40451502  0.76787611  0.40840384 -0.16031394  0.48958988]
[-0.57177954  0.76787611  0.52261104  0.30498508  0.58548133]
[-0.40451502  0.76787611  0.20469595 -0.33049358  0.37237331]
[ 0.01364628  0.76787611  0.65448752 -0.04776149  0.57715877]
[-0.40451502 -0.18587802 -0.18060215 -0.65687214  0.14613717]
[-0.6554118   0.76787611  0.20487784 -0.22845785  0.40770335]
[-0.57177954  0.76787611 -1.46497701 -1.70333422 -2.03853375]
[-0.90630858  0.76787611 -1.44314053 -1.70047988 -1.91373948]
[-0.15361824  0.76787611 -0.34149565 -0.78010759  0.00909691]
[-0.48814728  0.76787611 -1.04509965 -1.60229612 -0.91206492]
[ 0.09727854  0.1153075   0.83746394 -0.13419534  0.62046641]
[-0.32088276  0.76787611  0.65352847 -0.0994583   0.57817093]
[-1.0735731   0.76787611 -1.53800098 -1.70441499 -2.3172449 ]
[-0.40451502  0.76787611  0.39721142 -0.12329065  0.48484384]
[-0.73904406  0.76787611 -0.21567084 -0.58198035  0.15016724]
[0.1809108  0.14793593 0.76103788 0.18393889 0.63315807]
[ 0.68270436  0.29099905  0.54510954 -0.40271116  0.47125671]
[-0.06998598 -0.60976874  0.05475734 -0.60449639  0.24726453]
[ 0.1809108   0.76787611  0.79504201 -0.13032951  0.60080892]
[ 1.4353947  -0.82171411  1.69745488  0.03813198  0.84537862]
[ 0.43180758 -0.71998033 -0.02364478 -0.60671335  0.20967707]
[-0.57177954  0.76787611  0.1376463  -0.33092312  0.36203499]
[-0.2372505   0.76787611 -0.05945421 -0.61165995  0.2042672 ]
[ 1.51902696 -0.78197435  1.1342644  -0.30134052  0.64340355]
[ 0.09727854  0.76787611  0.51170951 -0.36507821  0.47299177]
[-1.15720536  0.76787611 -1.24257764 -1.20374155 -0.86830721]
[-0.06998598  0.76787611  0.93103712  0.23006558  0.69520136]
[-0.40451502  0.76787611  0.10686776 -0.31098431  0.34967375]
[ 1.10086566 -1.00338156  0.7476304  -0.23742269  0.56397837]
[-0.40451502  0.76787611  0.73523985  0.38497588  0.66455128]
