[-0.62601928  0.78350719 -0.03623354  0.21899896  0.07757706]
[-2.25759315  1.93742704 -2.38044507  0.01092441 -1.97788603]
[-0.81796914  0.90729604 -0.11771549  0.20189764 -0.0062287 ]
[-1.20186888 -0.79977818 -1.49965409  0.14421498 -1.10159325]
[-1.00991901  0.0270859  -1.45154406  0.06900653 -1.15165539]
[-1.10589394 -0.87798405 -1.04703686  0.18164728 -0.70167847]
[-1.00991901 -0.397248   -0.14788396  0.16306836 -0.08723065]
[ -2.44954302   0.84254495  -3.73431816  -4.53849759 -10.20611747]
[ 0.33373006 -0.78404712  0.32666346  0.33275826  0.38148366]
[ 0.14178019 -0.43130825 -0.99958919  0.07927671 -0.84977924]
[ -2.44954302   1.7346711   -3.95553006  -4.5589245  -11.52138704]
[-0.43406941  0.47278214 -0.5860276   0.11693292 -0.46829076]
[-0.53004434  1.32915922 -0.49226576  0.25765555 -0.20754967]
[ 0.33373006 -1.38428555  0.52280403  0.33900414  0.4911028 ]
[-0.81796914 -0.01771955 -0.90911915  0.14099512 -0.62535313]
[-0.91394408  1.41605462 -0.98943386  0.20825377 -0.62210607]
[-0.72199421  0.06193457 -0.75097618  0.13325513 -0.54338403]
[-1.77771848  1.17709226 -3.42655237 -4.52327146 -9.08398608]
[-0.81796914  0.1931296  -0.44519061  0.2625572  -0.15689408]
[-1.77771848  2.84982879 -2.65428307 -0.01842537 -2.30669864]
[ 0.42970499 -0.12392504  0.27184081  0.31037268  0.32019064]
[ 1.0055546  -0.59550914  0.25607805  0.20295121  0.18176795]
[ 1.0055546  -0.39270664  1.53209444  0.40818919  1.11983417]
[-1.20186888  0.08116143 -0.76579856  0.1267045  -0.53581184]
[-0.91394408  0.11262356 -1.51402207  0.16228011 -1.07576646]
[-0.81796914  0.65436209 -1.19311423  0.08253809 -0.95892858]
[-0.53004434  0.20866585 -0.24781628  0.2995321   0.01467972]
[-0.81796914 -0.75298835 -0.2695364   0.2912586  -0.01343383]
[-0.91394408  0.11262356 -0.65159779  0.23000937 -0.33646936]
[ 0.7176298  -1.22292102  0.14156502  0.25619238  0.12403004]
[-0.91394408 -1.71217993 -1.16181301  0.2278606  -0.65029402]
[-1.20186888  1.59527639 -2.5389902  -4.45047678 -6.4278367 ]
[ 1.10152953 -1.39634855  0.5555942   0.3266385   0.47459476]
[ 1.77335407 -1.45149371  2.11473912  0.42041617  1.37470106]
[-2.16161821  2.84982879 -2.07173334  0.05342566 -1.62127498]
[-1.20186888 -1.64014821 -1.11075222  0.14550976 -0.71631548]
[ 0.23775513 -1.0626736   0.1810709   0.30746968  0.27297028]
[-0.91394408 -0.49564427 -1.29513235  0.21062226 -0.81151929]
[ 0.23775513 -1.26345776 -0.62035621  0.12388565 -0.47053372]
[-1.87369341 -0.16109696 -2.77609668 -0.01935372 -2.39973667]
[ -1.87369341   2.84982879  -4.05330971  -4.57892275 -12.39098514]
[-0.62601928  0.13728307  0.2237709   0.33540497  0.35417277]
[ 0.04580526 -0.98225853  0.07727471  0.26746821  0.13158645]
[-1.00991901  0.50799765 -2.01838444  0.14120306 -1.45169795]
[-0.14614461 -1.34721923 -0.74084827  0.19966395 -0.46823221]
[ 0.90957966 -1.02136146  0.1027934   0.32226418  0.26409137]
[ 0.42970499  0.0093328  -0.01119003  0.24454273  0.03335324]
[-0.43406941  0.27638797  0.23010144  0.3595479   0.42362085]
[-0.62601928 -1.02787862 -0.58880216  0.13995708 -0.3972946 ]
[-0.72199421  0.96800019 -1.07227104  0.20919478 -0.6703127 ]
[-2.35356808  1.0250253  -2.0157114   0.06383097 -1.53756167]
[-0.43406941  0.27638797 -0.1246856   0.31134078  0.10667047]
[-0.62601928  1.28163829 -0.35691668  0.17433594 -0.21231629]
[ 1.2934794  -0.63503898  0.73070756  0.33603484  0.58483082]
[ 1.2934794  -0.54276361  0.52087145  0.34737753  0.5093595 ]
[-0.43406941 -0.71867581 -0.55321464  0.1400388  -0.38029165]
[-0.43406941  0.67979221 -0.36817934  0.18441316 -0.19894915]
[-0.14614461  1.04842022 -0.09146515  0.2990964   0.11536932]
[-0.24211954 -0.27261273 -0.13682829  0.27119459  0.01769506]
[ 1.0055546  -0.49564427  1.76863345  0.4142779   1.22791884]
[ 0.23775513 -0.1020592   0.91286985  0.38726688  0.797557  ]
[-1.00991901 -0.94773522 -1.62140017  0.14769267 -1.16918582]
[ 0.52567993 -0.4379637   1.24374558  0.4107251   1.00004979]
[ 0.42970499 -0.722456    0.25657269  0.32195569  0.32113345]
[0.23775513 0.50087962 0.6309752  0.33214954 0.5586145 ]
[-1.00991901  1.05761108 -1.17741658  0.24264078 -0.62879434]
[ 0.04580526 -0.62431631 -1.51759401  0.14597828 -1.12633443]
[-0.91394408 -0.1020592  -0.72606343  0.28397105 -0.29016092]
[-0.72199421  0.72089139 -1.11443145  0.08350939 -0.88801312]
[-0.62601928  0.78350719 -1.24421539  0.076618   -0.99373412]
[0.81360473 0.08116143 0.43111502 0.33949943 0.45839071]
[ 0.04580526 -0.22254443 -0.7646204   0.23568672 -0.43601051]
[-1.77771848  1.66907359 -3.27068721 -4.48481533 -8.26925012]
[-0.81796914  0.41675747 -0.7214586   0.13024068 -0.51967031]
[-0.53004434  1.32915922 -0.19111341  0.266625    0.0042253 ]
[ 1.869329   -0.18750859  1.0578216   0.35799167  0.78843864]
[-0.62601928 -0.05545045 -1.37765466  0.16567498 -0.96995418]
[-0.14614461 -0.35328371 -1.0268933   0.24389579 -0.55297583]
[ 0.33373006 -1.19711443 -0.55866302  0.28778939 -0.19496719]
[1.96530393 0.03963142 1.91340079 0.40739301 1.26500681]
[1.5814042  0.08617713 1.20296972 0.32337656 0.82987505]
[ 1.2934794  -1.13900447  0.00445981  0.27064842  0.07410812]
[-1.20186888  0.34072399 -1.60535573  0.07027697 -1.26491487]
[ 1.10152953 -1.16473888  0.71929707  0.32768854  0.58757118]
[-0.72199421  0.06193457 -0.318372    0.189683   -0.12870104]
[-1.20186888 -0.38772578 -1.54559142  0.07189334 -1.19247628]
[0.23775513 0.50087962 0.76019125 0.38111286 0.71245202]
[-0.43406941  1.37388479  0.33848167  0.30223872  0.35022939]
[-1.87369341 -1.98252118 -1.64747666  0.17625134 -1.08036661]
[ 0.42970499 -1.13287723  0.05378738  0.24562769  0.08044524]
[-2.44954302e+00  2.84982879e+00 -2.47182099e+00  1.94966471e-03 -2.06253515e+00]
[-1.77771848  1.17709226 -2.89511702 -4.46556578 -7.26736049]
[-0.62601928 -0.23830019 -0.74170589  0.22703214 -0.42146266]
[-0.81796914  1.46549511 -0.65385366  0.21328208 -0.38208244]
[-0.62601928  0.13728307  0.44447297  0.36175692  0.53335796]
[-0.81796914  1.17709226 -0.80094099  0.11667696 -0.59466937]
[-0.62601928 -0.05545045  0.15941996  0.3110237   0.28764223]
[-0.33809447 -0.64109962 -0.77042044  0.13107926 -0.54623309]
[-1.10589394 -0.6924368  -0.88440565  0.13233692 -0.60528024]
[-0.43406941  1.90891449  0.96970823  0.37285302  0.81006441]
[-1.00991901  1.36295187 -0.59170207  0.24308727 -0.28672972]
[-0.81796914 -0.01771955  0.09079672  0.31241242  0.25343487]
[-0.53004434  0.84254495 -0.20050365  0.14236931 -0.18383428]
[-0.33809447  1.17709226  0.71453522  0.38453361  0.69441688]
[ 0.33373006 -0.04529213  1.15080055  0.37247459  0.87697801]
[ 1.38945433 -0.40140559  0.93096905  0.36988163  0.75353909]
[-0.53004434 -0.16109696  1.17723133  0.40388922  0.96521148]
[-4.34069408e-01  4.72782142e-01 -1.45246795e-05  2.85243792e-01  1.33503295e-01]
[-0.53004434  0.84254495  1.08811787  0.3990825   0.9163479 ]
[-0.81796914  1.46549511 -0.57007908  0.21544902 -0.31190524]
[ 0.23775513 -0.23830019  0.55068806  0.27632114  0.38807104]
[-0.43406941  0.08981352 -0.31488177  0.29042629 -0.02322901]
[ 0.81360473 -0.27626899  0.65898399  0.33329948  0.55988133]
[-0.24211954  0.40192167  1.26732322  0.36004077  0.93638232]
[-1.29784381 -0.9138284  -0.8759002   0.11772635 -0.63245282]
[-0.24211954  2.53619069 -0.39943855  0.2766205  -0.13575653]
[-1.96966835 -0.66291792 -2.31676039 -0.0044982  -1.97568655]
[-0.53004434  0.84254495 -0.08023949  0.29920444  0.09699696]
[-0.43406941 -0.08765975  0.38978668  0.33773393  0.43914633]
[-0.72199421  0.26903529  0.26280612  0.37167587  0.45572848]
[ 0.90957966 -1.35461708  1.4326663   0.38430519  1.02774145]
[-0.81796914  0.1931296   0.04739187  0.29346608  0.19432678]
[ 1.67737913 -0.17484548  1.49987088  0.4181284   1.11663134]
[0.7176298  0.29510391 0.5021199  0.3554236  0.52704532]
[-0.91394408  0.58354059  0.24786846  0.32082237  0.36311433]
[ 0.04580526  0.07379795 -0.23878685  0.27301417 -0.02326729]
[-0.91394408 -0.1020592  -0.94860553  0.19087281 -0.59984671]
[-0.91394408 -0.1020592  -0.58766993  0.21874411 -0.30731422]
[ 1.19750446 -1.34259947  1.42807255  0.37741501  1.01140126]
[ 1.869329   -0.7777926   1.72609884  0.38170617  1.14032331]
[ 1.96530393 -0.88465276  1.29203799  0.38994729  0.94655932]
[-0.62601928  0.34072399 -0.25160117  0.24175494 -0.07062958]
[ 0.14178019 -1.02387686  0.81313314  0.36153577  0.69156611]
[-0.62601928  0.34072399 -0.44224124  0.23081337 -0.22630827]
[ 0.33373006 -0.43481749  1.2739649   0.40461315  0.99352048]
[-0.14614461  1.26513102  0.06922145  0.29990227  0.21480571]
[ 0.23775513 -0.84779933  1.09789178  0.41873614  0.96638829]
[-1.48979368 -1.71217993 -1.35272527  0.09953522 -0.95740325]
[-1.10589394 -1.05322311 -1.54530166  0.15333731 -1.09077121]
[ 1.10152953 -0.12973315  0.37373026  0.34321028  0.4301163 ]
[-1.29784381 -0.01771955 -0.87576659  0.23066347 -0.48091948]
[ 1.38945433 -0.1020592   0.1540267   0.30473101  0.24416199]
[-0.91394408  0.58354059 -0.17777657  0.2725354   0.04363471]
[ 2.1572538  -0.72636655  1.82197792  0.41625156  1.24252537]
[ 0.42970499  0.0093328  -0.18166953  0.26382697 -0.00378719]
[-0.53004434  0.61951342  0.43982456  0.36462434  0.53100983]
[-0.62601928  1.28163829 -0.67639934  0.16647358 -0.42192252]
[-0.62601928 -0.05545045 -0.29545888  0.29043764  0.00532876]
[ 1.5814042  -0.21685485  0.85274115  0.36541249  0.71631933]
[ 0.52567993 -1.16473888  0.08743812  0.162506    0.006162  ]
[ 1.2934794  -0.97985747  0.61267748  0.3764719   0.63746043]
[-0.81796914 -0.40522608 -0.12454728  0.28641257  0.08644101]
[-1.20186888  0.08116143 -0.89479746  0.09241001 -0.70853247]
[ 1.2934794  -1.13900447  0.76389769  0.36749584  0.68545945]
[ 0.14178019 -0.79977818 -0.59528368  0.22701188 -0.31065541]
[-1.68174355 -1.45149371 -1.76233288  0.15088687 -1.24581507]
[-0.53004434  0.01904389  0.14762865  0.30991451  0.28681804]
[-0.33809447  1.17709226  0.01464318  0.29669188  0.17677639]
[ 0.14178019  0.13163193 -0.74624721  0.29005392 -0.27638721]
[ 1.0055546  -0.39270664  0.53325993  0.32484183  0.49407927]
[-0.43406941  0.89830284 -0.04947758  0.25937446  0.05156553]
[-0.72199421  1.2310515  -0.48730526  0.25862552 -0.19063057]
[ 1.10152953 -1.08336251  0.91334473  0.38848985  0.80179734]
[ 0.7176298  -0.65495251  0.53938347  0.32749349  0.52098408]
[ 0.33373006 -0.78404712  1.17657113  0.36166959  0.86141676]
[ 0.42970499 -2.47814682 -0.76387701  0.21965153 -0.46099977]
[ 0.33373006 -0.78404712  0.95660042  0.37929857  0.7856545 ]
[-0.91394408  1.11941169  0.1611898   0.30532135  0.2955621 ]
[ 0.14178019  0.13163193 -0.58994975  0.21204612 -0.37673144]
[-2.16161821  2.84982879 -2.71780855 -0.02057987 -2.35958962]
[-1.29784381 -0.71148124 -1.06882185  0.18498047 -0.69912301]
[-0.81796914 -0.01771955 -0.29716327  0.23965672 -0.10644269]
[-1.10589394 -0.06397033 -0.10160535  0.28851971  0.11118711]
[ 0.04580526 -1.8547427  -0.2833801   0.23942786 -0.10897982]
[1.5814042  0.08617713 1.35714056 0.36586174 0.95031872]
[ 0.90957966 -1.35461708  0.63410137  0.31354562  0.53834865]
[-0.91394408  0.34072399 -0.50717552  0.27235599 -0.1624417 ]
[-0.81796914 -0.01771955 -0.8229471   0.27222283 -0.37519134]
[-2.06564328  2.07779654 -1.69514513  0.16944013 -1.13331456]
[-1.10589394  0.42724485 -1.01763492  0.19776288 -0.61161651]
[-1.87369341  2.18073418 -3.14414849 -4.51353446 -8.10399349]
[-1.39381874  1.48122617 -1.54445771  0.09987521 -1.13048247]
[-0.91394408  0.58354059 -0.52883789  0.26756998 -0.18085516]
[-0.72199421 -0.31956674 -0.36941657  0.19544163 -0.18376323]
[-0.43406941  1.12929979  0.66832602  0.38429505  0.68622373]
[ 1.77335407 -0.58033979  0.44741271  0.33497389  0.42912421]
[-1.87369341  2.84982879 -2.47928069 -0.01651372 -2.1584068 ]
[-0.91394408  0.34072399 -0.99818383  0.11882386 -0.7239878 ]
[-1.48979368  2.84982879 -1.50645326  0.08779868 -1.12539497]
[-0.81796914  0.65436209 -0.20455895  0.30900764  0.07237959]
[-0.24211954 -1.316232   -0.51937925  0.24479682 -0.2554694 ]
[ 0.04580526 -0.8673635  -0.21136539  0.30225249  0.04213621]
[ 0.04580526 -0.8673635   0.46080765  0.35963359  0.52185318]
[-0.91394408  2.44837202 -1.54344444  0.08469413 -1.18382616]
[ 0.04580526 -0.22254443  0.09690068  0.30528148  0.20671895]
[-0.62601928 -0.23830019 -0.30916948  0.3034054  -0.00291526]
[-1.20186888  1.97709669 -1.26057094  0.16849945 -0.85943455]
[-0.62601928  0.13728307  0.42501518  0.36252106  0.52214208]
[-1.29784381  1.54073063 -1.57390045  0.08277081 -1.19908033]
[-0.72199421  0.96800019 -0.23398463  0.29769865  0.01658078]
[-1.58576861 -2.44717022 -1.70196175  0.03732769 -1.38400222]
[-0.43406941  0.89830284 -0.56602799  0.24631616 -0.24831793]
[-1.39381874 -0.61100541 -1.49294012  0.18248135 -0.98079142]
[-0.24211954  0.22124281 -2.40065498  0.01024409 -2.01350011]
[-1.68174355  1.26513102 -1.73678194  0.16166456 -1.18897272]
[ 1.48542926 -0.71574118 -0.01109924  0.27859063  0.10635864]
[-1.29784381  0.53373206 -2.39293217 -0.01448444 -2.08544188]
[-0.62601928  0.34072399 -0.33748248  0.25874756 -0.10323554]
[-1.87369341  1.07869599 -2.05300785  0.03199507 -1.6476583 ]
[ 1.48542926 -0.96146963  0.46831175  0.33813064  0.46127903]
[-0.53004434 -1.78236468 -0.87992043  0.26006425 -0.40926876]
[-0.91394408  0.34072399 -0.96952109  0.13739199 -0.66559115]
[-0.91394408  2.07779654 -1.17621018  0.22959349 -0.67071634]
[ 0.04580526 -0.7481328  -0.60759082  0.233657   -0.32196274]
[-0.91394408  0.84254495 -1.58546204  0.02912809 -1.34581864]
[ 0.04580526 -0.62431631 -0.49293153  0.24982821 -0.19793419]
[-1.00991901  0.0270859  -1.6946394   0.14932766 -1.2178869 ]
[-0.53004434  1.07869599 -1.99621534 -0.01077602 -1.78783095]
[-0.43406941 -0.99390621 -0.48143569  0.24618884 -0.22605697]
[ 0.14178019 -0.5587664   0.1144237   0.32355895  0.25884483]
[ 0.42970499 -1.31914533  0.42627755  0.36041402  0.49055193]
[-2.35356808  1.84618687 -1.54756096  0.11074035 -1.07358141]
[-2.16161821  2.84982879 -2.09874876  0.047607   -1.65759507]
[-0.81796914  1.77449816 -0.75758327  0.11894413 -0.55990539]
[-1.00991901 -1.26767651 -0.91603993  0.22672883 -0.51937736]
[ 1.10152953 -0.64109962  0.66714239  0.35957852  0.6228697 ]
[-0.81796914  0.90729604 -0.73169032  0.23245629 -0.39419692]
[-0.53004434 -0.33245046 -0.44159826  0.26383204 -0.17746053]
[-0.91394408  0.11262356 -1.8497564   0.14105493 -1.35019269]
[-0.62601928  0.78350719 -0.64191839  0.18043533 -0.36858384]
[-0.62601928  0.34072399 -1.50682451  0.15528707 -1.0671499 ]
[ 0.23775513 -2.02500338 -0.77270682  0.22875204 -0.4469185 ]
[ 0.52567993 -0.06985679  0.60547897  0.33634367  0.56098329]
[-0.72199421  0.48831839 -1.13399261  0.18071784 -0.74120855]
[ 1.10152953 -1.39634855  1.33094788  0.38067397  0.96807773]
[ 1.77335407 -0.49564427  0.83570244  0.33998326  0.64026956]
[-0.81796914  0.41675747 -0.88980196  0.12131252 -0.61810013]
[-0.72199421  0.72089139 -0.98771727  0.22333088 -0.58262296]
[-0.72199421 -0.66291792 -1.03756903  0.24471201 -0.52902362]
[-1.10589394 -1.52502059 -1.40035127  0.17963739 -0.92937343]
[ 1.77335407 -0.31956674  1.4152351   0.39234101  1.01352215]
[ 1.77335407 -0.82203188  1.43654081  0.40156411  1.04403545]
[-0.91394408  1.11941169 -0.38449268  0.17928253 -0.1903747 ]
[ 0.62165486 -1.45149371 -0.62368278  0.27556043 -0.26970647]
[-1.48979368  0.34072399 -1.54880904  0.17556364 -1.02538577]
[-0.43406941  0.27638797  0.27984344  0.3447838   0.40331291]
[ 0.42970499 -0.12392504  0.77084912  0.39675277  0.75804599]
[-1.20186888 -0.38772578 -1.45172463  0.13407323 -0.97341183]
[-0.33809447  0.73689844 -0.87470677  0.20205503 -0.53738624]
[-0.62601928 -0.41200744  0.18660227  0.34739505  0.37092902]
[-0.62601928 -0.23830019 -0.67287822  0.24476565 -0.34081761]
[-0.81796914 -0.21685485 -0.81924954  0.20728181 -0.4950451 ]
[ 1.2934794  -1.7015706   0.19355596  0.28941821  0.25188315]
[ 1.96530393 -1.02787862  1.22678853  0.34368067  0.85610284]
[ 0.90957966 -0.8400312   0.57763145  0.34786324  0.53233547]
[-0.81796914  1.17709226 -0.79406499  0.16430377 -0.47333785]
[ 1.67737913 -1.16473888  0.71061633  0.31407174  0.51882648]
[ 1.2934794  -0.72478626  0.67651042  0.34132407  0.60783369]
[ 1.10152953 -1.08336251 -0.31968791  0.25836946 -0.13315119]
[-1.00991901 -0.77443369 -0.9225445   0.2454355  -0.46329864]
[0.81360473 0.20866585 0.87876677 0.36704758 0.74184503]
[-1.39381874 -1.5780032  -1.72882264  0.07106456 -1.34031984]
[0.52567993 0.64181657 0.40464232 0.34243766 0.44951743]
[-0.24211954  0.79107614 -0.17696147  0.27405518  0.0081213 ]
[-0.43406941  0.27638797 -0.16323206  0.26011634  0.00413243]
[-0.81796914 -0.58368303 -1.21465457  0.20578923 -0.7688966 ]
[-0.81796914 -0.21685485 -0.94362818  0.23371482 -0.5031225 ]
[0.14178019 0.61951342 0.94407861 0.39992043 0.84258172]
[-1.00991901  0.77332827 -2.47454348 -0.01929799 -2.17279058]
[-1.39381874 -1.0352367  -1.38573696  0.21822723 -0.8296979 ]
[ 0.52567993 -0.19694132 -0.86673296  0.17916656 -0.61005748]
[-0.62601928 -0.05545045 -1.53898949  0.15016745 -1.11032272]
[-0.24211954 -0.70473634 -1.21097352  0.13493626 -0.84384941]
[0.81360473 0.20866585 0.03815385 0.18041727 0.01584421]
[-0.62601928  0.55579012 -0.29913395  0.30026627  0.02669551]
[-0.72199421 -0.66291792  0.18741602  0.37060897  0.42327411]
[-1.58576861  0.9381299  -1.0544785   0.24434988 -0.53286863]
[-1.29784381 -0.9138284  -1.80041464  0.14164912 -1.31248532]
[ 1.5814042  -1.2828144   0.64370758  0.37766865  0.65224281]
[-1.20186888 -0.9876256  -1.08308428  0.20543007 -0.65190662]
[-1.29784381 -0.9138284  -1.45952009  0.1746386  -0.95669481]
[-0.72199421 -0.49564427 -1.50564905  0.20433927 -0.95022092]
[-1.68174355  1.7346711  -1.80381845  0.04808511 -1.41165522]
[-1.29784381 -0.26492199 -2.07602719  0.13926146 -1.49075745]
[-0.53004434  0.20866585 -0.84046958  0.24695914 -0.42961591]
[-0.53004434  0.61951342 -0.42695068  0.25085634 -0.17397118]
[-0.62601928 -0.88465276 -0.87747533  0.24010916 -0.46653167]
[-0.62601928  0.55579012 -0.45831903  0.29720942 -0.10212593]
[-0.62601928  0.55579012 -0.89123638  0.22849851 -0.50344214]
[-0.91394408  0.11262356 -0.14843133  0.32022026  0.12796013]
[-0.05016967 -1.05322311  0.54506588  0.38227646  0.62203099]
[-0.81796914  0.90729604 -1.05422675  0.23197157 -0.58606759]
[-0.53004434  0.01904389 -0.66705358  0.16209255 -0.40892738]
[ 2.1572538  -0.65124767  0.72962615  0.29718034  0.5162525 ]
[-0.62601928 -1.16473888 -0.18006381  0.29035856  0.06152636]
[-0.43406941  0.27638797 -0.91253324  0.2411852  -0.48057075]
[-1.29784381 -0.71148124 -1.31923341  0.22365842 -0.76426319]
[-0.91394408  0.58354059 -1.17221374  0.17753961 -0.80416815]
[-1.20186888 -0.16109696 -1.41724027  0.2019754  -0.90676693]
[-0.24211954 -1.08602187 -1.40094569  0.12506104 -0.97675307]
[-0.81796914  0.1931296  -1.11636043  0.21394797 -0.6913346 ]
[1.77335407 0.06193457 0.44895014 0.31126402 0.39375352]
[-1.68174355  0.11262356 -1.21119357  0.24742018 -0.64266568]
[ 0.23775513 -0.61729783  0.26893264  0.34063913  0.39025474]
[1.38945433 0.00368007 0.39355022 0.34305443 0.43566675]
[-1.58576861 -2.44717022 -2.34493341  0.12604908 -1.73927939]
[ 0.04580526  0.56882443 -1.2986929   0.05473695 -1.058006  ]
[-0.81796914  0.41675747 -0.87183043  0.23841184 -0.47434452]
[-1.68174355  1.26513102 -0.86389425  0.29225545 -0.32746749]
[ 0.14178019 -0.68150388  0.15238469  0.36901683  0.39047278]
[-0.53004434  0.20866585 -0.61662401  0.27217591 -0.2366557 ]
[-0.62601928 -0.41200744 -0.55106535  0.26528342 -0.20847442]
[-0.81796914  0.65436209 -0.7908539   0.2392697  -0.42102266]
[-0.81796914  1.17709226 -0.59219031  0.24101813 -0.2841699 ]
[-1.39381874 -0.37616309 -0.34398865  0.33349916  0.07911274]
[-0.43406941  0.89830284  0.46612456  0.38423525  0.58871377]
[-0.62601928  0.78350719 -1.14055474  0.20305353 -0.71843745]
[-1.48979368  1.41605462 -1.5619973   0.19126368 -1.03534542]
[-1.29784381 -1.1039121  -0.54671511  0.28511306 -0.16828236]
[-1.10589394  0.17345034 -1.14843671  0.26055865 -0.60413772]
[-1.39381874 -1.40804601 -2.58619308 -0.01874102 -2.26451496]
[-1.20186888 -0.16109696 -0.47138406  0.30825221 -0.06179672]
[-0.24211954 -0.11547688  0.23927077  0.35194822  0.38939021]
[-0.91394408  0.58354059 -1.00696591  0.20978522 -0.63207173]
[-0.43406941  0.27638797 -0.62444648  0.24822032 -0.31576189]
[-0.91394408  0.58354059 -1.4013512   0.14539962 -1.0464    ]
[-1.00991901  0.0270859  -1.59220784  0.10449613 -1.12752755]
[-1.00991901  0.50799765 -1.07383782  0.20704799 -0.67814037]
[-0.53004434  0.40853764 -0.16844991  0.30152261  0.08846026]
[ 0.81360473 -1.41221223  0.25682708  0.32505505  0.36386338]
[-0.72199421  0.72089139 -1.22663633  0.2042374  -0.78629214]
[ 1.38945433 -0.76328211  0.78393377  0.34915966  0.6457596 ]
[ 1.77335407 -0.82203188  2.04306734  0.43797764  1.39529189]
[-1.10589394  0.17345034 -1.0011066   0.22550697 -0.5711159 ]
[-2.25759315  1.93742704 -2.38389647  0.04177194 -1.89046135]
[ 1.38945433 -0.84779933  0.92043006  0.37176751  0.77575482]
[-1.00991901 -0.397248   -1.51667481  0.1532807  -1.07768531]
[-1.10589394  0.42724485 -1.65514478  0.15171224 -1.17902843]
[-0.72199421  0.06193457 -1.21272944  0.22419677 -0.70651554]
[-1.10589394 -1.05322311 -1.07830614  0.14478362 -0.70341334]
[-1.00991901 -0.59122921 -1.36715438  0.17539865 -0.92346944]
[-0.43406941  0.27638797 -0.78291355  0.21052171 -0.46221332]
[ 1.0055546  -0.2865522  -0.13902136  0.30171568  0.07058571]
[-0.81796914 -0.40522608 -0.98964886  0.13244915 -0.66576838]
[-1.39381874  1.48122617 -1.38677649  0.1759011  -0.92886612]
[ 0.81360473 -0.0420208  -0.04488349  0.31168727  0.12833338]
[-1.77771848 -2.4820189  -1.84221043  0.18999546 -1.20596177]
[ 1.48542926 -1.18921795  1.67298397  0.41190191  1.18043972]
[-1.20186888 -0.6001903  -0.86292916  0.22743392 -0.48422299]
[-0.91394408 -0.49564427 -1.60985078  0.14545579 -1.17480821]
[-0.81796914  0.41675747 -0.73105417  0.23058363 -0.40523866]
[-1.00991901 -4.18869894 -2.59866017 -0.01854509 -2.27033423]
[ 0.33373006 -1.47355178 -0.46782628  0.26169207 -0.15511355]
[ 0.7176298  -0.32837062  0.7648803   0.3343308   0.62169   ]
[ 0.7176298  -0.32837062  1.28244019  0.40325582  1.00513122]
[ 1.5814042  -1.0668226   1.24050886  0.37628621  0.92910414]
[-0.05016967 -0.9374992  -0.92021417  0.22442795 -0.54923727]
[-0.81796914 -0.21685485 -0.96344443  0.23062327 -0.5285903 ]
[-0.33809447 -0.9138284  -1.29586193  0.21834838 -0.76734831]
[-0.62601928  0.55579012 -0.57097541  0.28544523 -0.20351646]
[-0.91394408 -0.1020592  -1.46679132  0.08305309 -1.11299791]
[-0.53004434  0.40853764 -0.13725465  0.31420071  0.12686754]
[-0.43406941  0.27638797 -0.38514803  0.26803134 -0.11926193]
[ 0.7176298   0.03258832 -0.23110106  0.23261929 -0.11676902]
[-0.24211954  0.40192167 -0.23193338  0.26522009 -0.0294535 ]
[ 1.77335407 -0.74345709  1.44269764  0.38649383  1.03610081]
[-1.77771848  2.84982879 -2.65428307 -0.01842537 -2.30669864]
[-0.91394408  0.11262356 -1.51402207  0.16228011 -1.07576646]
[-0.53004434  0.01904389  0.00710181  0.30839406  0.1912122 ]
[-1.20186888  0.34072399 -1.42756419  0.03361034 -1.20004987]
[-1.77771848  1.17709226 -3.42655237 -4.52327146 -9.08398608]
[-1.00991901  0.0270859  -0.73379776  0.20822568 -0.43659049]
[-0.72199421 -0.49564427 -0.06530668  0.20413827  0.02768702]
[-0.72199421  1.51163956 -1.11136662  0.20899146 -0.69282904]
[-1.39381874 -1.5780032  -0.60033759  0.19367117 -0.28192255]
[-0.72199421  0.96800019  0.38385759  0.36101592  0.49064025]
[-2.25759315  1.93742704 -2.38044507  0.01092441 -1.97788603]
[-1.29784381  1.93742704 -1.11494819  0.08347029 -0.86213437]
[-0.91394408  0.11262356 -0.65159779  0.23000937 -0.33646936]
[-0.62601928  0.13728307 -0.34256972  0.25442556 -0.11339807]
[-0.62601928  0.34072399 -0.10815468  0.2745486   0.05021556]
[-0.91394408 -0.67648065 -0.48231676  0.26574666 -0.17577073]
[-0.72199421  0.48831839 -0.08854055  0.29630409  0.11496889]
[ 0.14178019 -0.5587664   0.97976711  0.38405462  0.81036267]
[-0.72199421  0.06193457 -1.14745874  0.19984215 -0.7512232 ]
[-1.20186888 -0.6001903  -1.21640313  0.16992187 -0.82746449]
[-0.81796914 -0.75298835  0.08937442  0.35921959  0.3304272 ]
[-0.81796914 -0.21685485  0.01757955  0.27360109  0.12208107]
[-0.81796914  0.41675747 -1.43600495  0.04950951 -1.18691955]
[-1.20186888 -1.64014821 -1.71671753  0.08603505 -1.28239921]
[ 1.48542926 -0.62946319  1.80427957  0.37913006  1.16841572]
[-0.72199421  0.06193457 -0.35928853  0.26371683 -0.10843031]
[-0.62601928 -0.05545045 -0.57244855  0.23296248 -0.31454433]
[-0.62601928 -0.41200744 -0.09114024  0.28403955  0.07205691]
[ 0.23775513 -0.84779933  0.05906621  0.25482414  0.070969  ]
[-1.10589394  1.64545849 -0.96883243  0.10759417 -0.70450761]
[-0.72199421  0.48831839  1.03424142  0.35647376  0.83241225]
[-0.72199421  0.48831839 -0.49608757  0.23717676 -0.25009295]
[-0.53004434  0.61951342 -0.01553135  0.29542652  0.14876659]
[-1.20186888  0.34072399 -1.52005323  0.16980842 -1.02723971]
[-0.53004434  0.84254495 -0.13278838  0.27585229  0.04701798]
[-0.91394408 -1.01033243 -0.65144336  0.2634633  -0.27942576]
[-0.05016967 -0.42736931  0.24532872  0.34417497  0.37862213]
[-0.72199421  0.26903529 -0.20995351  0.25932236 -0.02532052]
[-1.00991901  1.36295187  0.03962167  0.326041    0.2462843 ]
[-0.81796914 -1.21253135 -0.51191278  0.27461512 -0.17673441]
[-0.24211954  1.00101473  0.46578921  0.37213537  0.56052921]
[-0.62601928  0.13728307 -0.34819827  0.26423029 -0.1000844 ]
[ 1.0055546  -0.39270664  1.23619002  0.33817866  0.85049001]
[-0.62601928  0.34072399 -0.15614659  0.27139802  0.04092112]
[-0.72199421  1.2310515  -0.77612884  0.20090421 -0.48818087]
[-1.58576861 -1.68274761 -1.09269913  0.20112558 -0.66719717]
[-2.25759315  1.93742704 -2.11236322  0.03116122 -1.70029131]
[-0.72199421 -0.49564427  0.06190779  0.31166536  0.21646859]
[-0.72199421 -0.66291792 -0.6994034   0.23703325 -0.35897125]
[-0.81796914  0.65436209  0.30504746  0.30925379  0.3574857 ]
[-2.16161821  2.01346052 -1.48040987  0.10954272 -1.03409369]
[-1.00991901 -0.94773522 -0.2940207   0.24282525 -0.09187915]
[-0.62601928  1.28163829 -0.00618554  0.27086462  0.10215981]
[-0.43406941  0.89830284 -0.19974788  0.24445099 -0.06449227]
[ 1.10152953 -1.32115061  1.18594624  0.37830514  0.8800292 ]
[-2.16161821  2.84982879 -2.89658554 -0.03143389 -2.55842509]
[-1.39381874 -1.5780032  -1.38248317  0.19066531 -0.88525941]
[-0.91394408  0.11262356 -1.04117249  0.17037354 -0.71990827]
[-0.62601928 -0.05545045 -0.56253907  0.26401112 -0.22823134]
[-0.72199421  0.96800019 -0.31556175  0.17711382 -0.1734176 ]
[ 1.48542926 -0.88166039  1.27087605  0.34671792  0.86689592]
[-2.25759315  2.84982879 -1.80075097  0.06503984 -1.37729399]
[-1.00991901 -0.19151036 -0.70948646  0.23831657 -0.37188307]
[-0.53004434  0.84254495  0.33522388  0.28668967  0.3275852 ]
[-2.44954302  2.84982879 -2.68016243 -0.0103825  -2.27654021]
[-2.16161821  2.84982879 -2.23019149  0.02380715 -1.80025132]
[-0.33809447 -0.34357731 -0.2843558   0.27779412 -0.04738524]
[ 0.14178019 -0.43130825  0.27142879  0.31263071  0.32571659]
[-2.44954302  2.84982879 -2.68961014 -0.01038789 -2.28222687]
[-1.58576861 -1.49928619 -1.33138288  0.17778235 -0.86265435]
[-1.87369341 -1.33201253 -2.36335119 -0.0047122  -2.00968917]
[-0.43406941 -0.08765975  0.27283958  0.33030309  0.38534432]
[-0.14614461 -0.63219419  0.44010457  0.29396026  0.3939119 ]
[-0.24211954 -1.63071548  0.2599988   0.31179697  0.33365391]
[-1.10589394 -0.6924368  -1.29453995  0.19156987 -0.83090413]
[-0.72199421  0.06193457 -0.3111521   0.26340658 -0.08245688]
[-0.91394408 -0.1020592  -1.31292253  0.10189986 -0.96874061]
[-1.58576861 -1.30317225 -1.22032202  0.10241057 -0.88908843]
[-0.81796914 -0.01771955 -0.61948597  0.1219707  -0.46998522]
[ 1.96530393 -0.23830019  1.67853165  0.39388051  1.12641079]
[-0.62601928  1.0250253  -0.72860745  0.20209137 -0.45182153]
[-0.72199421  0.26903529  0.09307153  0.30970029  0.23618856]
[-2.25759315  2.84982879 -2.15259945  0.05884352 -1.66457085]
[-1.10589394 -0.2865522  -0.31294269  0.24363818 -0.12796843]
[-1.87369341  2.84982879 -1.50582026  0.10559023 -1.06062868]
[-1.39381874 -1.2274665  -0.37547302  0.27271526 -0.07708918]
[-2.44954302e+00  2.84982879e+00 -2.47182099e+00  1.94966471e-03 -2.06253515e+00]
[-1.58576861 -0.8673635  -2.06259881  0.00615988 -1.75339266]
[-0.91394408  0.34072399 -0.11809652  0.18923804 -0.02786257]
[-1.00991901  0.77332827 -0.7088729   0.10981718 -0.56091185]
[-2.06564328  2.07779654 -1.35871276  0.12752161 -0.90467023]
[-2.16161821  2.01346052 -1.94528206  0.03555206 -1.56265136]
[-2.35356808  1.84618687 -2.28320641  0.02993363 -1.82314139]
[-0.72199421  1.51163956 -0.78535788  0.09773558 -0.61384699]
[-0.81796914 -0.21685485 -0.10911909  0.15952856 -0.08697053]
[-2.16161821  2.01346052 -1.38225767  0.10544309 -0.9778491 ]
[ 1.38945433 -1.16473888  1.43039264  0.34483204  0.95020886]
[-1.29784381 -1.1039121  -0.95956402  0.12689658 -0.66192443]
[-1.87369341 -2.5029281  -1.3460246   0.19167218 -0.85170983]
[-0.81796914  0.65436209 -0.55793306  0.24588894 -0.26190107]
[-0.72199421 -0.13397151  0.55092359  0.37510719  0.60471081]
[-1.20186888 -0.6001903  -0.17747435  0.16885111 -0.08967833]
[-1.77771848  1.17709226 -2.89511702 -4.46556578 -7.26736049]
[-1.20186888 -0.16109696 -0.30795036  0.30263455  0.03177321]
[-2.16161821  2.84982879 -1.46533585  0.08090277 -1.09495067]
[-2.06564328  2.07779654 -1.82012588  0.05268168 -1.41041798]
[ 0.33373006 -0.8925648   0.55366616  0.30658352  0.45339785]
[1.19750446 0.38185686 1.99806143 0.41906049 1.31954374]
[-0.33809447  1.17709226  0.68574324  0.37008153  0.66726652]
[-1.00991901 -0.59122921 -0.24979236  0.26476633 -0.03397816]
[-0.91394408 -0.30447438 -0.99251943  0.18881115 -0.65474209]
[-1.96966835 -0.66291792 -1.91689972  0.07747597 -1.43349825]
[-0.81796914 -0.40522608 -0.13930082  0.27958263  0.05650453]
[-2.35356808  2.84982879 -2.56008179 -0.0094558  -2.18200499]
[2.25322873 0.44108819 0.80033177 0.34827207 0.62753169]
[-0.43406941  0.27638797 -0.23417201  0.27021591 -0.04035623]
[-0.91394408  0.11262356 -0.76592789  0.20624751 -0.4723081 ]
[-1.29784381 -1.2828144  -0.78822465  0.20883771 -0.47415431]
[ 0.90957966 -0.54711309  1.0171307   0.36158853  0.78984312]
[-0.62601928 -1.97537274  0.31664558  0.32666162  0.38618145]
[-0.24211954 -1.08602187 -0.46808426  0.21064352 -0.26613583]
[ 0.81360473 -0.16109696  0.78371999  0.36564025  0.66268438]
[-1.00991901  0.0270859  -1.27574134  0.1711369  -0.86861181]
[-0.53004434 -0.33245046 -0.17350022  0.27160662 -0.00058311]
[-0.91394408  1.11941169 -0.72866769  0.12879193 -0.50378742]
[ 1.38945433 -0.58730107  0.8083119   0.30824163  0.59447806]
[-0.43406941  0.89830284  0.15436149  0.33223798  0.30742965]
[-0.62601928 -0.73460663 -1.05024371  0.23914403 -0.56576557]
[ 1.67737913 -1.01963403  0.64277304  0.32688873  0.53419982]
[-0.33809447 -0.01771955  0.61492662  0.37763231  0.62881169]
[-0.91394408  0.84254495 -1.04909122  0.10078506 -0.78724682]
[-2.06564328  2.84982879 -2.4630586  -0.00982697 -2.11473881]
[-0.43406941  0.47278214  0.08362478  0.30232705  0.20017374]
[-1.48979368  2.84982879 -0.74645689  0.30412195 -0.24249565]
[ 1.19750446 -1.69045608  1.43331074  0.38093499  1.00017044]
[ 1.48542926 -0.79977818  0.35758551  0.306026    0.32185141]
[ 0.42970499 -0.93439483  0.2573089   0.3354792   0.36251281]
[ 1.5814042  -0.49564427  1.59404704  0.39753673  1.11427297]
[-1.39381874  1.89397934 -1.62918212  0.07767179 -1.22641697]
[-1.20186888 -1.33201253 -1.78804887  0.04014665 -1.43521174]
[ 1.48542926 -0.16109696  0.93045184  0.35030178  0.71461433]
[-0.81796914  0.65436209 -0.20455895  0.30900764  0.07237959]
[-0.62601928 -0.41200744 -1.10873797  0.2145676  -0.681056  ]
[-0.53004434 -0.16109696 -0.76542179  0.22707102 -0.44189317]
[-2.16161821  2.84982879 -2.71780855 -0.02057987 -2.35958962]
[-0.53004434 -0.49564427  0.31576856  0.35481168  0.46085719]
[-0.53004434  1.32915922 -0.17166107  0.2867291   0.0579189 ]
[-1.29784381 -0.71148124 -1.06882185  0.18498047 -0.69912301]
[-0.81796914  2.10639033 -0.71289372  0.16205709 -0.46036942]
[-0.91394408  0.34072399 -0.93495118  0.19004766 -0.6103032 ]
[-1.29784381  0.24779419 -1.96120418  0.13030114 -1.45894127]
[-0.53004434  1.87856242 -0.22383023  0.26366044 -0.03362697]
[-0.91394408  1.11941169 -1.38120553  0.06785076 -1.12591688]
[-1.48979368  2.3215962  -2.11185643  0.06226725 -1.64283983]
[-0.72199421  0.96800019 -0.23398463  0.29769865  0.01658078]
[ 0.81360473 -0.0420208   1.08556217  0.36045356  0.81240473]
[-1.68174355  1.26513102 -1.73678194  0.16166456 -1.18897272]
[-0.62601928  0.34072399 -0.33748248  0.25874756 -0.10323554]
[-0.91394408  0.11262356 -1.17632843  0.18965326 -0.74948661]
[-0.81796914 -1.61080195 -1.03960654  0.20969216 -0.65032926]
[-0.05016967 -0.6924368  -0.89955549  0.17195092 -0.65250696]
[-0.72199421 -1.38777042  0.58777242  0.38004288  0.63543579]
[ 0.81360473 -0.0420208   0.71930391  0.32375092  0.57085537]
[-0.14614461  1.04842022 -0.35043883  0.24790004 -0.16437509]
[ 1.0055546  -0.06397033 -0.47895079  0.2649181  -0.19539688]
[-1.20186888 -1.16473888 -0.88004417  0.24121626 -0.45596486]
[ 1.19750446 -1.1908075   0.59889812  0.37396419  0.60259887]
[ 1.67737913 -0.70738307  0.16150062  0.28463672  0.18131887]
[-0.81796914 -0.40522608 -0.12454728  0.28641257  0.08644101]
[-1.29784381 -1.45149371 -1.12690162  0.15125285 -0.72864402]
[-1.20186888  0.08116143 -2.6751375  -0.01849718 -2.32274395]
[ 0.7176298  -0.75700935  1.06685605  0.38791361  0.85804951]
[-1.20186888 -0.79977818 -1.57160905  0.19204808 -1.03926928]
[-1.00991901 -0.19151036 -0.69913074  0.27529334 -0.29650374]
[-2.06564328  2.84982879 -2.48198495 -0.0128868  -2.1301439 ]
[-0.72199421  0.96800019 -0.86433785  0.22914678 -0.48961601]
[ 1.67737913 -1.09305017  0.71608878  0.30599186  0.54204608]
[-0.14614461  0.28237272  0.65864852  0.36353674  0.63264407]
[ 0.33373006 -0.43481749  0.16298453  0.29357126  0.23504281]
[-0.62601928 -1.65631859 -0.67591314  0.23629853 -0.35033312]
[-0.81796914 -0.21685485 -1.09787394  0.21996145 -0.64413688]
[-0.81796914 -0.40522608 -0.24181002  0.28766439  0.00703807]
[-0.91394408  0.11262356 -1.25740145  0.20993908 -0.79365398]
[-0.91394408 -0.67648065 -0.23097898  0.31008357  0.09900556]
[-0.62601928 -0.73460663 -0.17799049  0.30374396  0.06837823]
[-0.05016967 -0.56255373 -0.19260164  0.2693716  -0.00461942]
[-0.81796914 -0.58368303 -0.26600433  0.25738913 -0.05127943]
[-1.20186888  0.61951342 -1.78752295  0.0361447  -1.45694413]
[ 1.10152953 -0.73460663  1.3534056   0.40115143  1.02525796]
[ 1.2934794  -1.29019412  0.44583311  0.30941856  0.42812845]
[-1.48979368 -2.02500338 -0.65049236  0.26408128 -0.25010024]
[-1.48979368 -2.1683808  -1.70812898  0.14485774 -1.23748182]
[-0.33809447 -0.01771955  0.72327548  0.34972665  0.62487855]
[ 1.38945433 -0.67648065  0.9363971   0.35907553  0.72764638]
[ 0.04580526 -1.8547427   0.76746505  0.3839718   0.72123133]
[-0.53004434  0.40853764 -1.11630933  0.07495989 -0.89271133]
[ 1.19750446 -0.49564427  0.21101435  0.27517208  0.18992401]
[ 0.90957966 -0.64771123  1.3152438   0.39012241  0.99460206]
[-1.29784381 -2.29077615 -1.75182674  0.03871255 -1.42286275]
[ -2.44954302   1.7346711   -3.88747478  -4.54134826 -10.81928868]
[-0.72199421 -0.13397151 -0.40006664  0.29849075 -0.06940522]
[-0.24211954 -0.27261273  0.1129967   0.3332052   0.27837333]
[ 0.14178019 -0.01771955 -0.85886582  0.12252943 -0.62960712]
[-0.91394408  1.11941169 -1.4853327   0.08714722 -1.12515911]
[-0.24211954 -0.70473634 -0.05435089  0.26396464  0.06062746]
[-1.00991901 -0.397248    0.08927452  0.29788412  0.2125866 ]
[-0.91394408  0.84254495 -1.42487256  0.06791959 -1.13065466]
[-1.58576861  2.29224994 -2.79525933 -4.37926994 -6.620372  ]
[-0.62601928  1.84618687 -0.60748771  0.14905143 -0.40689245]
[-0.72199421  0.72089139 -0.35043419  0.14963384 -0.25353044]
[ 1.96530393 -1.02787862  1.0582007   0.34630072  0.78547307]
[ 0.52567993 -1.51383172 -0.08586492  0.31030142  0.10549386]
[ 0.23775513 -0.95708883  0.26585953  0.31408683  0.34624176]
[-1.20186888  1.24400172 -0.8362429   0.25957865 -0.39774613]
[ 0.81360473 -0.0420208   0.61480838  0.373069    0.61179144]
[ 1.5814042  -1.21253135  0.3259812   0.31377999  0.32414341]
[-0.91394408  0.11262356 -1.17632843  0.18965326 -0.74948661]
[-0.53004434  0.61951342 -1.31154904  0.09949513 -0.97454493]
[-0.81796914 -0.58368303 -2.0751618   0.01480211 -1.72286318]
[ 1.48542926 -0.71574118  1.12997996  0.3769564   0.88016705]
[-0.72199421  0.72089139 -1.41448897  0.16501085 -0.97019691]
[-1.00991901  0.77332827 -1.13181173  0.21150722 -0.70471461]
[-0.05016967 -0.81732437 -0.86039882  0.17210159 -0.63125467]
[ 0.62165486 -0.3822384   0.2362204   0.3006805   0.28903866]
[ 0.23775513 -1.62795823 -0.81076152  0.19153649 -0.54487358]
[-0.72199421  0.48831839 -0.20384054  0.2812315   0.02385427]
[-0.91394408  0.84254495 -1.12559028  0.18339395 -0.75888922]
[-0.81796914 -0.58368303 -0.72350612  0.22989538 -0.37604532]
[-0.81796914 -0.01771955 -0.60511627  0.18165037 -0.33494894]
[-0.14614461  1.04842022 -0.35043883  0.24790004 -0.16437509]
[ 1.5814042  -0.58368303  0.2142248   0.27700928  0.20182482]
[-1.20186888  0.08116143 -1.1415043   0.14566934 -0.75276867]
[ 1.67737913 -0.17484548  0.75025509  0.35086602  0.65132244]
[-0.81796914  1.17709226 -2.36996395  0.00474384 -1.97528428]
[ 1.19750446 -0.397248   -0.61214274  0.1705198  -0.39434791]
[-0.43406941  0.27638797 -0.52221788  0.26658304 -0.19430986]
[ 1.5814042  -0.9138284   1.03196714  0.39682447  0.86587807]
[ 0.14178019 -0.16109696  0.68177505  0.37744486  0.68702614]
[-1.00991901  0.77332827 -2.12085576  0.12921277 -1.57587728]
[-0.81796914  2.10639033 -0.92102601  0.14613115 -0.59890419]
[-1.68174355  1.7346711  -2.96059903 -4.34503679 -6.7720057 ]
[-0.33809447 -0.18443747 -0.65867709  0.24628202 -0.34346249]
[ 0.52567993 -0.66291792  0.12980599  0.31566267  0.25043598]
[-0.05016967 -0.13974288  0.91842614  0.36224032  0.74378498]
[ 0.23775513 -0.73460663  0.25373982  0.3438168   0.37431184]
[-0.53004434 -0.33245046 -0.54582826  0.25669724 -0.22206867]
[-1.20186888 -1.33201253 -1.38935003  0.21239701 -0.8469876 ]
[-0.53004434  0.84254495  0.42660963  0.38260026  0.5677879 ]
[-0.91394408 -0.67648065 -0.78186515  0.26112035 -0.33304684]
[-0.43406941  0.08981352 -0.41481711  0.28893295 -0.10920428]
[-0.91394408  1.11941169 -0.53792543  0.26982107 -0.18165658]
[-0.62601928  0.34072399 -0.59061     0.14525578 -0.39946464]
[-0.81796914  0.65436209 -0.57687826  0.24149623 -0.27283278]
[-0.81796914  1.46549511  0.23009669  0.31590486  0.34286781]
[ -1.87369341   2.84982879  -4.54073169  -4.61572342 -18.92254213]
[-0.43406941 -0.25668191  0.38536091  0.36088156  0.49604839]
[ 0.33373006 -0.99746523  0.16058247  0.27264234  0.17367726]
[-0.72199421  1.81157853 -0.41501798  0.14405451 -0.29174849]
[-1.10589394 -0.49564427 -1.10196698  0.09903586 -0.80963634]
[-0.05016967 -2.01156175  0.78936403  0.3568012   0.67709074]
[-0.53004434  0.20866585 -0.07771272  0.27757781  0.0753709 ]
[-0.33809447  0.53373206  0.28307841  0.30901325  0.33204231]
[-0.91394408 -0.30447438 -0.43271074  0.14725301 -0.30940928]
[-1.00991901 -0.77443369 -0.73218586  0.21837272 -0.41268634]
[ 0.81360473 -2.39648123  1.89743418  0.42853746  1.3243087 ]
[-1.20186888  2.84982879  0.16050798  0.34461342  0.36190723]
[ 0.33373006 -0.30978466  0.39514425  0.28320626  0.3275496 ]
[-1.00991901  0.50799765 -0.8952614   0.13986864 -0.62375983]
[-0.62601928 -1.16473888 -0.6225697   0.23942246 -0.32246428]
[ 0.04580526 -1.09305017  1.03655237  0.40174397  0.88887578]
[-2.35356808  2.84982879 -2.55902155 -0.00945085 -2.18122118]
[-1.29784381 -0.01771955 -1.93119678  0.01058992 -1.63446188]
[-2.44954302  2.84982879 -2.66084749 -0.01036653 -2.26442095]
[-1.20186888 -0.9876256  -0.54795908  0.26654174 -0.20176972]
[-2.35356808  2.84982879 -2.64002321 -0.01023172 -2.24706356]
[-0.81796914 -1.0668226   0.00445289  0.33098462  0.22929411]
[-1.00991901  0.25978513  0.15903095  0.31682924  0.28855583]
[-1.20186888  0.08116143 -0.62830275  0.2352758  -0.31437252]
[-1.96966835 -2.83747541 -1.87932465  0.15035634 -1.31819506]
[-0.91394408 -0.84779933 -0.8985324   0.25755719 -0.4443407 ]
[-2.06564328  2.07779654 -2.04912299  0.03178316 -1.65413655]
[-2.25759315  2.84982879 -2.1258161   0.03112884 -1.70893324]
[-2.25759315  2.84982879 -1.76737948  0.0685357  -1.33377445]
[-2.25759315  1.17709226 -1.58996209  0.09662782 -1.14498503]
[0.23775513 0.50087962 0.97685839 0.26415738 0.68745178]
[-0.62601928 -0.41200744  0.63952911  0.38316306  0.66986677]
[-2.25759315  1.93742704 -2.12597813  0.03096573 -1.71229748]
[-0.91394408 -0.30447438 -0.61037522  0.12726257 -0.44941481]
[ 0.33373006 -0.43481749  1.2739649   0.40461315  0.99352048]
[ 0.14178019 -0.29885174  0.75908084  0.37176068  0.67884794]
[-0.81796914 -0.40522608 -0.36031702  0.26797925 -0.10596497]
[ 0.42970499 -0.37616309  0.62002191  0.3179228   0.53662108]
[-0.91394408  1.11941169 -1.14837578  0.07396997 -0.9275256 ]
[-1.48979368 -1.873192   -1.68356511  0.16942526 -1.1298342 ]
[-0.81796914 -0.01771955 -0.29716327  0.23965672 -0.10644269]
[-1.77771848  2.84982879 -1.4167252   0.20475174 -0.88019495]
[-0.91394408  0.34072399 -0.50717552  0.27235599 -0.1624417 ]
[-0.33809447 -1.04184395 -1.05034835  0.21766983 -0.63416125]
[ 0.90957966 -0.8400312   0.57763145  0.34786324  0.53233547]
[ 1.10152953 -0.82547964  0.48710169  0.26123445  0.34178824]
[-2.06564328  2.07779654 -2.06074735  0.04176148 -1.63669913]
[-0.53004434 -0.16109696 -0.3200636   0.25793023 -0.10716227]
[-0.72199421  0.06193457 -0.67675684  0.13749012 -0.47837053]
[ 0.42970499 -0.37616309  1.15293525  0.3893976   0.91437371]
[-1.29784381 -0.26492199 -1.98575982  0.0053073  -1.67541177]
[-0.81796914  0.1931296  -0.15744067  0.28193351  0.05448109]
[-1.29784381  0.53373206 -2.52672124 -0.01489625 -2.18114104]
[ 0.42970499 -0.61100541  0.29605124  0.31948839  0.33060905]
[ 0.33373006 -0.1800336   0.22959207  0.28686226  0.26743157]
[-1.29784381 -1.2828144  -1.114548    0.19568305 -0.70244112]
[-0.33809447  0.73689844  0.53075448  0.34245892  0.53494335]
[-0.81796914  0.1931296  -0.23085018  0.2961749   0.01813828]
[-0.72199421  0.72089139 -0.57975698  0.30941856 -0.13609488]
[-0.14614461  1.04842022  0.63419294  0.36531369  0.63456524]
[-0.91394408 -0.30447438 -1.24448833  0.21334849 -0.74689644]
[-1.00991901  0.0270859  -1.62420537  0.14287219 -1.19610997]
[-1.00991901 -0.19151036 -0.40868187  0.26728748 -0.11903576]
[-0.72199421  0.96800019 -0.43144291  0.2492577  -0.19691542]
[-0.91394408 -1.01033243 -0.52431729  0.25031194 -0.22646755]
[-0.62601928 -0.23830019  0.06630119  0.36147277  0.33525614]
[-1.10589394  0.17345034 -1.42073564  0.2158356  -0.87282759]
[ 0.81360473 -2.04598544 -0.13971746  0.25095381  0.00683591]
[-0.72199421  1.51163956  0.01517524  0.311555    0.1980752 ]
[-1.10589394  0.17345034 -1.16279637  0.09470461 -0.8736816 ]
[ 1.869329   -0.69963653  0.51003137  0.26544444  0.34571334]
[ 2.06127887 -0.01771955  1.35710504  0.39540723  0.98269589]
[-1.00991901  0.25978513 -0.22592474  0.28490876  0.02413387]
[ 1.10152953 -0.5448424   0.18821765  0.31168771  0.24895231]
[-0.24211954 -1.72818697  1.09698054  0.37191399  0.85215447]
[-0.81796914 -0.58368303 -0.66885015  0.22622275 -0.38994017]
[-1.87369341  1.07869599 -1.37946574  0.17626565 -0.90076913]
[-0.72199421 -0.49564427  0.09737763  0.28901753  0.20952837]
[-0.81796914 -0.9138284  -1.02443154  0.19336059 -0.67193202]
[-0.62601928 -0.88465276 -0.02127939  0.33633089  0.19935478]
[ 0.33373006 -1.19711443  1.06487298  0.37444846  0.84710912]
[-0.53004434 -0.94170734 -0.45892349  0.2005423  -0.21617918]
[-0.53004434 -0.16109696 -0.13794116  0.27679528  0.06138425]
[-0.62601928 -0.23830019 -0.65934081  0.23370095 -0.32424233]
[ 1.48542926 -0.62946319  0.99017193  0.39068785  0.86388684]
[ 0.52567993 -0.4379637   0.04807785  0.31398132  0.20946972]
[-1.39381874 -4.60967195 -2.77471662 -0.01985814 -2.41035335]
[-0.43406941  0.89830284  0.76761095  0.3947844   0.74688005]
[-0.43406941  0.67979221 -0.58080503  0.24235794 -0.29979052]
[-1.20186888  0.08116143 -0.80569925  0.13975498 -0.5140006 ]
[-0.72199421  0.48831839 -1.09343235  0.12921673 -0.78430686]
[ 0.23775513 -0.3694     -0.05772826  0.31863747  0.14558923]
[-1.20186888  0.34072399 -1.57323684  0.0798079  -1.18929187]
[-0.33809447  1.17709226  0.28583965  0.34533306  0.42026296]
[-0.43406941  0.67979221 -0.16870421  0.30033412  0.05899874]
[ 1.0055546  -0.96683766  1.50115834  0.35216101  0.99786868]
[-0.53004434 -0.16109696 -0.76542179  0.22707102 -0.44189317]
[-0.81796914  2.10639033 -0.71289372  0.16205709 -0.46036942]
[-1.00991901 -0.59122921 -1.02802929  0.18018257 -0.68818516]
[-0.43406941 -0.25668191 -0.02992338  0.28596123  0.12874448]
[-1.00991901  1.05761108 -1.15801056  0.09208213 -0.88214683]
[ 0.23775513 -0.49564427 -0.43142981  0.24037922 -0.20860749]
[-2.06564328  2.84982879 -2.4630586  -0.00982697 -2.11473881]
[-0.05016967 -1.16473888 -0.81827632  0.15328521 -0.53653054]
[ 1.2934794  -0.2496536   0.60845015  0.33820443  0.52700219]
[ 1.77335407 -0.74345709  1.35749711  0.3930015   0.99125677]
[-0.43406941  1.12929979 -0.51733237  0.28526692 -0.16881323]
[-0.53004434  0.01904389  0.70946959  0.40608667  0.77163736]
[-0.43406941  0.27638797 -1.44489792  0.07198762 -1.13505365]
[-0.24211954  0.40192167 -0.35109077  0.29918219 -0.05890052]
[-1.29784381  0.53373206 -1.7839519   0.15059236 -1.25531785]
[-0.72199421 -0.13397151 -0.14108491  0.33664137  0.16678942]
[-0.43406941 -1.24666883 -0.48428455  0.28293686 -0.15461961]
[-0.91394408 -0.49564427 -1.42450502  0.1893842  -0.92039239]
[ 0.23775513 -0.1020592  -0.18636693  0.30097302  0.10136425]
[-1.29784381 -0.71148124 -2.07300461  0.12847265 -1.54639723]
[ 1.38945433 -0.93012129  1.65073988  0.41654012  1.19440494]
[-1.10589394 -0.49564427 -2.15877246  0.04218143 -1.74201287]
[ 1.2934794  -0.89710104  0.27796323  0.32560904  0.34984141]
[-0.05016967  0.69916754  0.06314492  0.29192306  0.19576054]
[-0.53004434  0.20866585 -1.18917398  0.13167753 -0.83161418]
[-0.53004434 -0.16109696 -0.01172659  0.28167623  0.12070266]
[-0.33809447  0.95104678 -0.43756653  0.262127   -0.16167531]
[-0.91394408 -0.67648065 -0.70983275  0.24937863 -0.34520213]
[-1.48979368 -0.95708883 -1.61648636  0.20296608 -1.01317541]
[-1.77771848  0.73689844 -1.04973166  0.27918856 -0.48264303]
[-1.10589394  0.42724485 -0.98480388  0.16395783 -0.60827281]
[-0.91394408 -1.16473888 -1.06460008  0.19024084 -0.68004956]
[-0.43406941 -0.71867581 -0.66460662  0.25200133 -0.33167038]
[-1.48979368 -1.71217993 -2.0380558   0.13933822 -1.47434351]
[-1.10589394 -0.06397033 -1.22511898  0.20527577 -0.78170965]
[-0.81796914  0.90729604 -0.76017007  0.22816623 -0.43110065]
[-1.77771848  1.17709226 -1.58809882  0.20178585 -1.00618156]
[-0.62601928  1.55480696 -0.38496974  0.31045605 -0.01268599]
[-1.20186888 -0.38772578 -1.40260161  0.18562268 -0.89584079]
[-0.62601928  0.78350719 -0.90629813  0.23601581 -0.50503076]
[-3.38094475e-01  1.66907359e+00 -7.46591944e-05  3.02765285e-01  1.93353059e-01]
[-0.53004434 -1.33201253 -0.61697469  0.25988858 -0.25410539]
[-1.00991901  2.04691525 -0.71851269  0.1697745  -0.43238593]
[-1.00991901 -0.19151036 -1.61259888  0.17068071 -1.09996549]
[-0.62601928  1.28163829 -0.60405742  0.27178283 -0.20311447]
[-1.68174355  0.46020518 -2.82253335 -0.02005562 -2.44574194]
[ 0.23775513 -0.73460663  0.0763964   0.27737835  0.14779693]
[-1.00991901  0.0270859  -1.25361704  0.07392195 -1.01355266]
[-0.24211954  0.59163447  0.06246157  0.2911695   0.19101541]
[-1.20186888 -0.16109696 -1.13551362  0.07402317 -0.88017572]
[-0.24211954 -1.316232    0.69832124  0.37473262  0.66676254]
[-0.53004434  0.84254495  0.5596689   0.35905801  0.57510362]
[-0.72199421  0.26903529  0.22656987  0.18164376  0.15281474]
[-1.20186888 -1.33201253 -0.57180306  0.26647621 -0.21833302]
[ 0.14178019 -0.9138284   0.36124433  0.31365972  0.37290651]
[-1.10589394 -1.21898979 -0.37331351  0.25570964 -0.13593984]
[-0.33809447  0.34072399  0.34226019  0.30592974  0.34530333]
[0.52567993 0.1986992  1.14383602 0.36888632 0.85928712]
[-1.20186888 -0.79977818 -0.68094695  0.14526767 -0.44917238]
[-0.43406941  0.27638797 -0.51517783  0.23394248 -0.2795161 ]
[ 1.0055546  -1.13724184  0.75232006  0.28438637  0.53553603]
[-0.91394408  1.7346711  -0.81892498  0.10846404 -0.629315  ]
[-1.58576861  2.84982879 -0.93407818  0.22654258 -0.51087283]
[-1.68174355  1.7346711  -1.71650078  0.04746647 -1.36312268]
[-0.72199421  1.51163956 -1.16426719  0.10733546 -0.86967793]
[0.52567993 0.1986992  0.85210158 0.33869928 0.6727965 ]
[-0.91394408 -0.30447438 -1.1550968   0.18477991 -0.7701196 ]
[-1.10589394 -0.6924368  -0.11293397  0.29419904  0.0983624 ]
[-0.53004434  1.32915922  0.38105771  0.34386978  0.45016666]
[-0.91394408 -0.1020592  -0.22339961  0.29266384  0.03930535]
[ 0.23775513 -0.23830019 -0.24574767  0.21301863 -0.17056336]
[-0.81796914 -0.01771955  0.6324093   0.26117201  0.53513544]
[ 0.04580526 -0.36182535  0.38182057  0.31827127  0.40312747]
[-1.10589394 -0.6924368  -0.67388957  0.24644337 -0.32368472]
[-0.43406941 -0.57167775 -0.69843841  0.09380247 -0.57197166]
[ 1.67737913 -0.36182535  0.3658134   0.30724434  0.30825759]
[-1.58576861  2.29224994 -2.79525933 -4.37926994 -6.620372  ]
[-1.48979368  2.84982879 -1.37514237  0.20463136 -0.8619513 ]
[ 0.04580526 -1.8547427  -0.2833801   0.23942786 -0.10897982]
[-0.91394408 -0.1020592   0.31476172  0.35909128  0.45138449]
[-1.00991901  1.05761108 -1.39788955  0.03474233 -1.19886171]
[-0.43406941  0.27638797 -1.44489792  0.07198762 -1.13505365]
[-0.72199421 -0.49564427 -0.3434226   0.30600871  0.01408178]
[ 1.48542926 -1.03928364  0.80818914  0.33385997  0.62337124]
