[-0.48814728  0.76787611  0.94802848  2.14758399  0.81227921]
[-0.2372505  -0.0587108   1.53075656  2.90374167  1.01190131]
[-0.6554118  -0.47200426  0.36015688  1.98994993  0.6370205 ]
[-0.2372505   0.76787611  0.54433763  2.00664132  0.68396387]
[-0.57177954  0.76787611  0.04648427  1.59527311  0.4918261 ]
[-0.15361824  0.76787611  0.17597989  1.5168609   0.5011784 ]
[-0.32088276  0.76787611  0.25449172  1.59489942  0.54663453]
[0.01364628 0.76787611 1.34684797 1.85511084 0.86705706]
[-0.57177954  0.76787611  0.13824391  1.57845715  0.51238659]
[-0.40451502 -0.18587802  1.12085739  2.73402504  0.90905634]
[0.1809108  0.14793593 0.760835   2.21385133 0.75687619]
[-0.40451502  0.76787611  0.28155465  1.65512547  0.57171153]
[-0.06998598  0.03853472  0.99865212  2.32757704  0.8366626 ]
[-0.73904406  0.76787611 -0.15434669  1.50421779  0.40264408]
[-0.15361824  0.76787611  1.0768266   2.37814949  0.86074434]
[-0.2372505   0.76787611  0.71740722  2.19890381  0.74899488]
[0.01364628 0.76787611 1.43399997 2.80471435 0.97682937]
[-0.57177954  0.76787611  0.05308712  1.58007646  0.48711668]
[-0.2372505   0.76787611  0.82960931  2.10529496  0.77398691]
[-0.2372505  -0.0587108   0.95812984  2.63892144  0.85775866]
[-0.40451502  0.76787611  0.74894866  2.24810606  0.77118674]
[-0.2372505  -0.0587108   0.94714105  2.15374984  0.8105506 ]
[-0.15361824 -0.69080668  1.2039866   2.72337493  0.92076881]
[-0.40451502  0.76787611 -0.01028552  1.56350962  0.46154106]
[-0.15361824  0.76787611 -0.01391156 -1.33799093  0.05613848]
[-0.32088276  0.76787611  0.4770113   1.70071541  0.63456046]
[-0.06998598  0.76787611 -0.02895696 -1.33886287  0.04811906]
[-0.15361824 -1.29859117  0.77144882  2.24218933  0.76967715]
[-0.48814728 -0.26535753  0.52839434  2.06674281  0.69741487]
[-0.2372505   0.76787611 -0.2600538  -0.82136726  0.05344929]
[-0.32088276  0.76787611  1.06403737  2.36563094  0.85895857]
[-0.06998598  0.03853472  1.63227895  2.82395928  1.01706365]
[-0.15361824 -0.00704912 -0.05918783 -0.46474433  0.21869669]
[-0.48814728  0.76787611 -0.28642924 -0.89541977  0.01783667]
[-0.40451502  0.76787611  0.77537464  2.27183525  0.7804515 ]
[-0.48814728  0.76787611  0.16226678  1.60436618  0.52679558]
[-0.40451502 -0.18587802  0.40901726  1.99200521  0.64799555]
[-0.48814728  0.76787611  0.13953899  1.57845715  0.51240867]
[-0.57177954  0.76787611 -0.96070634 -1.55448085 -0.74208924]
[-0.6554118   0.76787611  0.28369908  2.13599966  0.63385113]
[ 0.09727854  0.76787611 -0.38317367 -0.95925813 -0.08054587]
[ 0.09727854 -0.47200426 -0.20589816 -0.97987326  0.03569958]
[-0.48814728  0.76787611  0.0211851   1.52165657  0.46208331]
[-0.32088276  0.76787611  0.18531331  1.59626961  0.52717318]
[-0.06998598 -1.18982974  0.17176283  0.54134835  0.41382664]
[-0.73904406  0.76787611 -0.26483225  1.47762366  0.3545319 ]
[-0.73904406  0.76787611 -0.05994444  1.50465376  0.43294254]
[-0.2372505   0.76787611  0.49575304  2.14216551  0.68330251]
[-0.32088276  0.76787611  0.26242692  1.59577136  0.55128986]
[-0.57177954  0.76787611 -0.02833035  1.51150471  0.44368098]
[-0.15361824  0.76787611  0.95724064  2.29631181  0.8226625 ]
[-0.40451502  0.76787611  0.2163179   1.64397711  0.55056204]
[-0.40451502  0.76787611  0.70834872  2.23571207  0.75802045]
[-0.6554118   0.76787611  0.48394901  2.21048813  0.70069059]
[-0.32088276 -0.88529771  0.07407823  1.57415973  0.48988764]
[-0.40451502 -0.18587802  1.07482826  2.72362405  0.8976094 ]
[-0.2372505   0.76787611  0.36498475  1.59265729  0.57960452]
[-0.40451502  0.76787611  0.11493072  1.58368878  0.5072827 ]
[0.01364628 0.76787611 1.16628436 2.40935244 0.88595224]
[-0.73904406 -0.60976874  0.30679322  2.04307591  0.63831374]
[-0.48814728  0.76787611  0.88096275  2.28229851  0.80630191]
[-0.2372505  -1.9874136   1.01120953  2.33598502  0.84182404]
[-0.57177954  0.76787611  0.32518071  2.12833905  0.64064795]
[-0.32088276  0.76787611  0.38505584  1.62118214  0.59298094]
[-0.57177954  0.76787611  0.09264577  1.59521082  0.50454239]
[-0.32088276  0.76787611  0.58769924  2.22443915  0.72497875]
[-0.40451502  0.76787611  0.75120569  2.30384786  0.78015228]
[-0.57177954  0.76787611  0.12122211  1.57758521  0.50738582]
[-0.48814728 -0.26535753  0.66878744  2.22412775  0.74652605]
[-0.40451502  0.76787611  0.94743146  2.33168761  0.82932538]
[ 0.1809108   0.76787611 -0.27995389 -0.00741249  0.09399268]
[-0.40451502 -0.18587802  0.78544555  2.29176528  0.78412731]
[ 0.1809108   0.76787611  0.79231487 -0.25759661  0.56399947]
[-0.57177954  0.76787611  0.42206336  2.15306474  0.67238016]
[-0.57177954  0.76787611  0.02060775  1.57347464  0.476845  ]
[-0.2372505  -0.0587108   0.73251533  2.05827255  0.7418047 ]
[-0.73904406  0.76787611 -0.28168263  1.47687629  0.34863368]
[-0.40451502  0.76787611  0.6115894   1.75228435  0.68486895]
[-0.06998598  0.03853472  0.85024605  2.08007102  0.76886465]
[-0.6554118   0.76787611  0.45482787  1.72282528  0.64042924]
[-0.82267632 -0.78197435 -0.60792891 -0.5742972  -0.07429776]
[-0.06998598  0.03853472  0.16952888 -0.69593265  0.27943291]
[-0.32088276 -0.11775272  0.54063381  2.17262108  0.70146073]
[-0.32088276 -0.11775272  0.61914267  2.07122707  0.71782248]
[-0.73904406 -0.60976874  0.31639619  2.04326275  0.64051309]
[-0.2372505   0.76787611  0.56180563  2.20064768  0.71326107]
[-0.6554118   0.76787611  0.00902476  1.56849213  0.47174695]
[-0.48814728 -0.26535753  0.49766605  2.15761128  0.69116534]
[-0.15361824  0.76787611  0.20784238  1.58051243  0.52985231]
[-0.48814728  0.76787611  0.22209755  1.58680284  0.54156013]
[-0.40451502  0.76787611 -0.05246559  1.56145434  0.44830587]
[-0.48814728 -1.13963215  0.36074976  2.13662247  0.65139052]
[-0.57177954  0.76787611  0.28453308  1.64185954  0.57396267]
[-0.32088276 -1.55689958  0.86546481  2.34457985  0.81301669]
[0.01364628 0.76787611 0.91629428 1.8068428  0.7642703 ]
[-0.2372505   0.76787611  0.14885889  1.51798197  0.49594691]
[-0.2372505  -0.0587108   1.35002796  2.76504114  0.95695079]
[-0.40451502 -0.18587802  0.62568212  2.09227816  0.72547094]
[-0.15361824 -0.00704912  0.60505513  2.17100177  0.71764242]
[-0.48814728  0.76787611  0.37385047  2.1398611   0.65563757]
[-0.15361824  0.76787611  0.43518839  2.12267145  0.66055208]
[-0.40451502  0.76787611  0.33511939  1.66110448  0.5900579 ]
[-0.06998598  0.76787611  0.91393295  2.26984225  0.80670563]
[-0.06998598  0.03853472  1.25008655  2.71297395  0.92890447]
[-0.15361824  0.76787611  0.8710354   2.24785693  0.79399242]
[-0.15361824 -2.33182481  1.29226781  2.73956808  0.93994511]
[-0.2372505  -1.42014807  1.17685091  2.70662125  0.91276757]
[-0.32088276  0.76787611 -0.1494654   1.49057818  0.3947881 ]
[-0.48814728  0.76787611 -0.05106377  1.50932486  0.43565857]
[-0.06998598  0.76787611  0.8149757   2.27924673  0.78626488]
[-0.40451502  0.76787611  0.66804661  2.27849935  0.7556869 ]
[-0.40451502 -0.18587802  0.96955318  2.7154652   0.87575658]
[-0.06998598  0.03853472  1.37829774  2.79991869  0.96607073]
[-0.40451502  0.76787611  0.99152016  2.65791725  0.86954585]
[-0.40451502  0.76787611  0.3360113   1.67163002  0.59223942]
[0.09727854 0.1153075  0.55596194 1.68333891 0.65007875]
[-0.6554118   0.76787611 -1.15240807 -1.55628701 -0.98296159]
[-0.06998598 -0.60976874  0.92221817  2.24349724  0.80160333]
[0.01364628 0.76787611 1.35566575 1.85542224 0.86877962]
[-0.2372505   0.76787611  0.40064161  1.62859362  0.59968383]
[-0.48814728  0.76787611  0.61542275  2.1959143   0.72909949]
[ 0.01364628  0.76787611 -0.58387202 -0.95826163 -0.19876849]
[-0.48814728  0.76787611 -1.0400111  -1.60299801 -0.88886698]
[-0.06998598  0.76787611  0.4688411   1.60343196  0.60499391]
[ 0.01364628 -2.05003382 -0.27715951 -1.0361133  -0.0181163 ]
[-0.15361824  0.76787611  0.04535064 -1.33481459  0.08386368]
[-0.57177954  0.76787611  0.12907591  1.60150124  0.51693186]
[-0.32088276  0.76787611  0.55603872  2.2332831   0.72078345]
[-0.32088276  0.76787611 -0.72090826 -1.45483072 -0.4459988 ]
[-0.2372505   0.76787611  0.42482458  1.67860553  0.61496492]
[-0.15361824  0.76787611  0.37969982  0.62779485  0.50213435]
[-0.06998598  0.76787611  0.17175141  1.56687282  0.5129453 ]
[-0.57177954  0.76787611 -0.10592581  1.50565026  0.41663852]
[-0.57177954  0.76787611  0.05765106  1.58287912  0.48960727]
[-0.6554118   0.76787611  0.46183046  2.16066307  0.6847968 ]
[-0.40451502  0.76787611  0.59546101  2.2192698   0.72696198]
[-0.32088276  0.76787611  0.1794388   1.52259079  0.50598423]
[-0.15361824  0.76787611  0.83708342  2.61220275  0.82464961]
[-0.32088276  0.76787611  0.23972422  1.66795542  0.56217058]
[-0.40451502  0.76787611  0.01862741  1.49425278  0.44703955]
[-0.6554118   0.76787611  0.39975983  2.19703537  0.67604543]
[-0.57177954  0.76787611  0.42856874  2.19784502  0.68237475]
[-0.40451502  0.76787611 -0.04287047  1.55285952  0.44847491]
[-0.32088276 -0.11775272  0.8838106   2.34022015  0.81666649]
[-0.40451502  0.76787611 -0.01691916  1.56269997  0.45894038]
[-0.15361824  0.76787611  0.22111836  1.59851174  0.53697508]
[-0.40451502  0.76787611  0.41005549  1.73739911  0.62734963]
[-0.48814728 -0.26535753  0.44233345  2.04687507  0.67066535]
[-0.6554118   0.76787611  0.09376798  1.55373146  0.49501876]
[-0.32088276 -0.11775272  1.06234926  2.70437912  0.88957563]
[-0.73904406  0.76787611 -0.06494721  1.56269997  0.4480811 ]
[-0.06998598 -1.18982974  1.277299    2.69422726  0.93071418]
[-0.48814728  0.76787611  0.94802848  2.14758399  0.81227921]
[-0.06998598  0.76787611  0.88311662  1.74207021  0.74558281]
[-0.32088276  0.76787611  0.18188237  1.5896055   0.52479623]
[-0.2372505   0.76787611  0.39788147  1.66471679  0.60393225]
[-0.2372505   0.76787611  0.7462647   2.25271488  0.76755922]
[0.01364628 0.76787611 1.49699686 2.79095018 0.9875394 ]
[-0.40451502  0.76787611  0.33730638  1.6713809   0.59225928]
[ 0.1809108  -0.41296233  0.91940499  2.19441955  0.80849748]
[-0.2372505   0.76787611  0.68423208  2.24461831  0.752238  ]
[-0.2372505   0.76787611 -0.12732563 -0.88719863  0.09049015]
[-0.32088276 -0.88529771  0.44952936  1.15313791  0.59609227]
[ 0.34817532 -0.78197435  1.21755441  1.26848294  0.80341586]
[-0.06998598  0.76787611  1.31743603  1.40462994  0.85526549]
[-0.40451502  0.76787611  0.30113917  2.11575822  0.62787178]
[-0.40451502  0.76787611  0.45307585  2.20700038  0.68860485]
[-0.48814728 -0.26535753  0.84702893  2.67965343  0.84325612]
[-0.2372505   0.76787611  0.67380781  2.17137546  0.7336105 ]
[-0.40451502  0.76787611  0.80677944  2.2629913   0.78439004]
[-0.32088276 -0.11775272  0.67202007  2.1455287   0.7465647 ]
[-0.48814728  0.76787611  0.39381775  2.14135585  0.65996367]
[-0.48814728  0.76787611  0.22841126  1.65381756  0.55975233]
[-0.48814728  0.76787611  0.24957262  1.66982386  0.56677957]
[-0.6554118   0.76787611  0.09695581  1.58512125  0.50461207]
[-0.6554118   0.76787611  0.14774038  1.60175036  0.52655607]
[-0.57177954  0.76787611  0.31635127  1.69398902  0.59410316]
[-0.73904406  0.76787611  0.04191114  1.58343965  0.48692513]
[-0.32088276 -0.11775272  0.89289705  2.63393893  0.84379007]
[-0.15361824 -0.69080668  1.24916683  2.26454833  0.89162745]
[-0.6554118   0.76787611  0.1508889   1.64372798  0.53584083]
