[ 0.93360114 -0.43200812  2.53155321  1.36163798  1.12653727]
[ 1.0172334  -0.03204671  1.66330122  1.07420499  0.93134263]
[ 2.94077538 -2.14948947  2.68534177  1.39002642  1.14546047]
[-0.82267632  0.76787611 -0.65285113 -0.94048788 -0.19319536]
[ 1.68629148 -0.96218952  2.5354842   1.2841697   1.10911896]
[ 1.26813018 -1.18982974  2.5801431   1.39175737  1.13556877]
[ 1.853556   -0.38550098  1.31148698  0.49380399  0.78602928]
[ 2.6898786  -1.33361604  2.16410997  0.49897461  0.9597413 ]
[1.93718826 0.17745689 2.33653036 1.10114246 1.05439646]
[ 1.853556   -0.88529771  2.15954684  1.06250831  1.02063655]
[ 0.68270436 -1.63189235  1.18503911  0.72588662  0.78212097]
[ 1.35176244 -0.26535753  1.70099749  0.61507926  0.88893448]
[ 2.35534956 -1.10364143  2.68949016  1.30558991  1.13117833]
[2.60624634 0.03853472 1.93100477 0.44889265 0.90779057]
[ 4.3625238  -1.79739362  3.60066236  1.46363062  1.27613678]
[0.51543984 0.25125929 1.02900396 0.49247078 0.7322966 ]
[ 1.60265922 -0.18587802  2.12403446  0.63677277  0.97397369]
[ 2.94077538 -1.06145558  2.59705682  1.19412261  1.10369796]
[ 2.60624634 -2.61361581  2.66477882  1.07913342  1.1033363 ]
[-0.57177954  0.76787611 -0.45985844 -0.52862214  0.02552752]
[ 1.4353947  -2.66158023  2.63592607  1.36261566  1.13812932]
[ 1.853556   -1.55689958  2.16893873  1.01497723  1.01207123]
[ 1.853556   -1.76249199  2.59647568  1.32872107  1.1257027 ]
[-0.73904406  0.76787611 -0.57066936 -0.9370682  -0.14596471]
[1.10086566 0.3679147  1.65367713 0.66258368 0.89349072]
[-0.57177954 -2.77463923 -0.99709223 -1.09532221 -0.55632135]
[ 2.77351086 -0.35928786  2.74226253  1.15283316  1.12157842]
[ 2.02082052 -0.57981994  2.19576378  1.0707942   1.02177478]
[ 1.853556   -0.64107885  2.41677222  1.2605497   1.083448  ]
[-0.15361824  0.76787611  0.22935451 -0.51185261  0.36171815]
[ 2.18808504 -1.75780612  3.39804643  1.49263678  1.26374865]
[ 1.93718826 -1.71188463  2.46599551  1.28931144  1.09892954]
[ 1.51902696 -0.78197435  1.65471473  0.44212884  0.85514912]
[ 0.93360114 -0.43200812  1.94112031  1.03691739  0.97760366]
[ 1.853556   -0.11775272  1.92147377  1.06689457  0.96890568]
[ 1.35176244 -0.26535753  1.39033461  0.86098281  0.84020613]
[ 1.51902696 -1.29859117  2.06993784  1.22263771  1.02576564]
[1.853556   0.45790602 2.8712876  1.39223733 1.17566109]
[ 1.35176244 -0.86354543  1.75015868  0.99575903  0.93854564]
[ 2.6898786  -1.5052379   3.31191322  1.45328048  1.24345036]
[ 5.70063996 -1.68849066  3.91915703  1.4637506   1.31142756]
[ 2.10445278 -1.21593248  1.34641393  0.43379185  0.78110799]
[-0.6554118   0.76787611 -0.69717147 -1.06567611 -0.29897718]
[-0.6554118  -0.47200426 -0.52405687 -0.88466868 -0.10122213]
[ 2.43898182 -1.44619598  2.72546816  1.26433601  1.14027993]
[-0.82267632  0.76787611 -0.75985684 -1.33915041 -0.39667571]
[-0.73904406  0.76787611 -0.95671027 -1.46652066 -0.67118345]
[ 2.10445278 -1.21593248  3.11595309  1.51480136  1.2304785 ]
[ 2.10445278 -1.00338156  2.58809034  1.27307519  1.11598684]
[-0.73904406  0.76787611 -1.23585369 -1.65348975 -1.24816832]
[ 1.60265922 -1.25053379  1.89888956  0.64685849  0.93782312]
[ 1.60265922 -1.25053379  1.41297363  0.41322045  0.80249176]
[-0.82267632  0.76787611 -0.59195304 -0.93709264 -0.1564614 ]
[-0.73904406  0.76787611 -0.66533376 -0.67117097 -0.15886214]
[0.76633662 0.30866116 1.34691566 0.43602497 0.7907854 ]
[ 1.18449792 -0.32613598  1.5667677   0.45798513  0.84475968]
[-0.82267632  0.76787611 -1.23396405 -1.6243636  -1.16733354]
[-0.90630858  0.76787611 -1.33955343 -1.65739161 -1.44655002]
[ 1.60265922 -1.00338156  2.08221938  1.11014162  1.00964174]
[ 2.2717173  -2.22493858  2.94037837  1.42582528  1.18989363]
[-0.82267632  0.76787611 -0.99896911 -1.0736087  -0.53224553]
[-0.73904406  0.76787611 -1.16192335 -1.65105221 -1.12774399]
[-0.57177954  0.76787611 -0.52342193 -0.93445955 -0.11997713]
[ 1.93718826 -0.84935915  2.82609235  1.37430123  1.16770512]
[-0.6554118   0.76787611 -0.85720112 -1.07483525 -0.41592804]
[-0.82267632  0.76787611 -0.78667909 -0.96494113 -0.29722412]
[-0.6554118   0.76787611 -0.72872697 -1.05086861 -0.30228071]
[-0.82267632  0.76787611 -1.47911462 -1.68763543 -1.95490262]
[-0.57177954 -2.09338628 -0.56313716 -0.9174967  -0.14041122]
[-0.73904406  0.76787611 -1.29978961 -1.67199246 -1.43119349]
[-0.2372505  -0.0587108  -1.02914721 -1.64564605 -0.94803558]
[1.10086566 0.3679147  1.00202274 0.36946234 0.69411093]
[-0.57177954  0.76787611 -0.64696582 -1.00368638 -0.2213123 ]
[0.93360114 0.34033116 1.74995106 1.0376351  0.94308658]
[0.84996888 0.76787611 1.49689427 0.54382373 0.84363444]
[-0.98994084  0.76787611 -1.47652743 -1.68008281 -1.91408227]
[ 1.26813018 -0.9076379   2.08944048  1.14891797  1.01838987]
[-0.73904406  0.76787611 -1.31904898 -1.65730939 -1.4134122 ]
[ 1.68629148 -0.96218952  2.01870435  1.17254908  1.00478359]
[-0.6554118   0.76787611 -1.17220741 -1.624848   -1.07806775]
[-0.73904406  0.76787611 -0.9117568  -1.07807495 -0.45919933]
[ 2.6898786  -1.5052379   2.80748892  1.3584605   1.15742448]
[-0.73904406  0.76787611 -0.81607271 -1.07274211 -0.38413889]
[-0.98994084  0.76787611 -1.51488796 -1.6848157  -2.08254307]
[1.18449792 0.01643346 2.42833444 1.39023085 1.11387231]
[ 2.52261408 -2.23183446  2.99338732  1.41484409  1.19512309]
[ 1.35176244 -1.13963215  2.54792198  1.25868321  1.10970243]
[-0.98994084  0.76787611 -1.49720702 -1.6846135  -2.01977307]
[-0.82267632  0.76787611 -1.36213552 -1.66014691 -1.51390255]
[-0.90630858  0.76787611 -1.22229116 -1.62424806 -1.15088949]
[ 1.18449792 -0.32613598  1.74517142  1.04821855  0.94332128]
[-0.82267632  0.76787611 -0.87099519 -1.07489302 -0.42360995]
[ 1.51902696 -0.78197435  1.551481    0.91898847  0.88548134]
[ 0.68270436 -0.15055379  1.41388961  0.87053525  0.8502037 ]
[ 1.18449792 -0.64913002  1.19409316  0.48980214  0.76326968]
[-0.57177954  0.76787611 -0.2612366  -0.50770855  0.124788  ]
[-0.57177954  0.76787611 -1.23887314 -1.673319   -1.32436487]
[-0.82267632  0.76787611 -1.29788916 -1.65688277 -1.37169551]
[ 1.0172334  -0.03204671  1.82170863  0.93789336  0.93816182]
[-0.48814728 -1.13963215 -1.24394915 -1.65580954 -1.2774991 ]
[-0.73904406  0.76787611 -1.12659998 -1.62416584 -1.01735792]
[-0.57177954  0.76787611 -1.12661513 -1.6507389  -1.08348352]
[1.10086566 0.76787611 1.76440513 1.08290418 0.94917141]
[ 1.76992374 -0.67384525  2.45941271  1.21535617  1.08943622]
[ 0.84996888 -0.47200426  1.51770056  0.90138124  0.87542159]
[-0.73904406 -0.60976874 -1.40866043 -1.69212834 -1.77042516]
[1.10086566 0.3679147  2.07547928 0.81113416 0.99892948]
[-0.6554118   0.76787611 -0.83186853 -1.52873259 -0.57687541]
[ 1.93718826 -1.07875423  1.20197736  0.26476107  0.72072114]
[ 1.0172334  -0.03204671  2.31898192  1.27477725  1.07641475]
[ 0.51543984 -2.71928743  1.6145702   1.08676381  0.92737228]
[ 1.26813018 -0.29487849  1.91149764  1.04479665  0.97292344]
[ 1.0172334  -0.03204671  1.77992082  1.09552299  0.95689948]
[-0.73904406  0.76787611 -1.19750106 -1.65231209 -1.18461079]
[-0.90630858  0.76787611 -1.33340391 -1.65734495 -1.43546557]
[-0.90630858  0.76787611 -0.91273059 -0.99374732 -0.41246887]
[ 0.5990721  -0.60976874  1.22162568  0.83941373  0.80966764]
[ 0.1809108  -0.41296233  0.74266824  0.23648817  0.6129643 ]
[-0.90630858  0.76787611 -0.94225716 -0.99433837 -0.4326868 ]
[-0.90630858  0.76787611 -1.10251465 -1.12580824 -0.68097831]
[-0.73904406  0.76787611 -0.65461036 -1.00369749 -0.22446568]
[ 0.09727854 -1.00338156  0.60707742  0.64626966  0.62806304]
[-0.90630858  0.76787611 -1.02432907 -1.47496209 -0.73708592]
[ 2.35534956 -2.33182481  2.61441173  1.22553299  1.11479901]
[ 1.10086566 -0.00704912  0.90301996  0.62097426  0.68353195]
[ 2.60624634 -3.24863776  3.12613586  1.47120768  1.2210796 ]
[ 1.4353947  -0.2374323   2.51320951  1.31463795  1.11177418]
[-0.98994084  0.76787611 -1.29429366 -1.65437189 -1.34609044]
[ 1.60265922 -1.71188463  2.48030635  1.35079678  1.11409286]
[-1.0735731   0.76787611 -1.62732882 -1.71309304 -3.15970548]
[ 0.5990721  -0.18587802  0.82723068  0.28197056  0.63673748]
[ 1.4353947  -1.09194444  2.28553516  1.21356301  1.05845109]
[1.60265922 0.1153075  2.07359814 0.65183802 0.96850892]
[-0.6554118   0.76787611 -0.98843338 -1.6135624  -0.83508798]
[ 1.35176244 -0.26535753  1.69148001  0.62682482  0.89002742]
[ 1.60265922 -0.47200426  2.67982733  1.38551129  1.14678252]
[-0.98994084  0.76787611 -1.33128135 -1.65544513 -1.41829602]
[1.51902696 0.09767051 2.4442998  1.27855245 1.09390854]
[-0.6554118   0.76787611 -1.18271943 -1.65108554 -1.16242292]
[-0.73904406  0.76787611 -0.66434218 -1.33429975 -0.31874968]
[ 1.18449792 -0.64913002  1.10679425  0.31183664  0.71082533]
[ 2.77351086 -1.79060719  2.55500616  1.26509816  1.10619603]
[-0.98994084  0.76787611 -1.21890977 -1.62400141 -1.14300634]
[-0.90630858  0.76787611 -1.32417804 -1.65542513 -1.40741146]
[ 2.60624634 -0.81015345  2.92917622  1.2844719   1.16789149]
[ 2.10445278 -0.78197435  2.73231921  1.27514166  1.13918668]
[ 1.853556   -1.55689958  2.43284524  1.31987746  1.09574341]
[-0.6554118   0.76787611 -0.98027321 -1.59173778 -0.79881255]
[-0.6554118   0.76787611 -1.07661329 -1.59664621 -0.91533805]
[-0.82267632  0.76787611 -1.10151198 -1.59690396 -0.94129015]
[ 1.60265922 -0.18587802  1.85801059  0.97940057  0.95098936]
[ 2.10445278 -1.00338156  2.15714832  0.62303629  0.97650312]
[-0.73904406  0.76787611 -1.06202289 -1.45489509 -0.77460497]
[-1.0735731   0.76787611 -0.94248123 -1.07828826 -0.47799412]
[ 1.60265922 -1.927516    1.86718775  1.11493894  0.97549093]
[ 2.02082052 -0.57981994  2.02490342  1.19541805  1.01066845]
[ 0.93360114 -1.9874136   1.49580928  0.89908145  0.8754762 ]
[ 2.02082052 -2.38818301  1.8645174   0.92380357  0.94060785]
[-0.73904406  0.76787611 -1.41281569 -1.67280794 -1.69210887]
[ 1.0172334  -1.05547737  1.54665835  0.86776217  0.88119959]
[ 1.68629148 -0.96218952  2.01221002  1.12042509  0.99885626]
[ 1.93718826 -1.71188463  0.89446468  0.10076537  0.60438851]
[ 1.10086566 -1.00338156  1.87592265  1.05843759  0.96622301]
[-0.90630858  0.76787611 -1.12415462 -1.59710616 -0.96569988]
[ 1.51902696 -1.29859117  1.94839811  0.78875182  0.97136139]
[ 1.26813018 -1.18982974  1.76617738  1.07868902  0.94947112]
[ 1.10086566 -0.69080668  1.78052647  0.94413722  0.93715484]
[-0.73904406  0.76787611 -1.08790634 -1.59666621 -0.92613553]
[-0.98994084  0.76787611 -1.64759839 -1.71402406 -3.49837698]
[ 0.93360114 -1.11073051  1.5769187   1.01959457  0.91333162]
[ 1.4353947  -0.53726112  2.06797362  1.05233149  1.00073959]
[ 1.51902696 -1.53887807  2.26054078  1.12621788  1.04481378]
[-0.73904406  0.76787611 -1.11100632 -1.59701284 -0.952245  ]
[ 1.26813018 -0.60976874  1.82655753  1.02039005  0.95206503]
[ 2.10445278 -1.80546051  2.17776481  1.07850903  1.02576378]
[ 1.76992374 -1.81520799  2.13953756  1.21520063  1.03290711]
[-0.73904406  0.76787611 -1.04334152 -1.59309765 -0.86475162]
[ 1.26813018 -0.29487849  1.24864782  0.74940885  0.79025984]
[ 0.43180758 -1.13963215  1.31052251  1.05144047  0.86173993]
[ 2.52261408 -1.03558624  3.05558012  1.46648146  1.21137065]
[-0.98994084 -1.29859117 -1.63838628 -1.71235978 -3.25587341]
[ 2.2717173  -2.6875282   2.15448207  1.06269719  1.01875971]
[-0.6554118   0.76787611 -0.58726987 -1.01068795 -0.18816205]
[-0.98994084  0.76787611 -1.14483078 -0.79877453 -0.59865742]
[ 2.02082052 -1.66326187  2.77674761  1.35144116  1.15239791]
[-0.57177954  0.76787611 -0.3769525  -0.87685386 -0.00758188]
[ 2.94077538 -0.88529771  2.93495548  1.14519165  1.14849082]
[0.1809108  0.76787611 0.91679876 0.42156411 0.68851709]
[ 1.10086566 -0.00704912  1.81814438  1.15315535  0.97581235]
[1.35176244 0.05937304 1.56935274 0.91636205 0.88568221]
[-0.40451502  0.76787611  0.08646931 -0.06204155  0.34320216]
[ 1.10086566 -1.00338156  2.18613881  1.20302844  1.04614691]
[ 1.853556   -2.14948947  2.18274719  1.11430122  1.02840773]
[ 1.0172334  -1.91294631  1.36542335  0.54386373  0.81593162]
[ 2.60624634 -0.60976874  2.5485773   1.16847169  1.09121416]
[-1.32446988  0.76787611 -1.42825716 -1.57131303 -1.48993442]
[ 3.1080399  -2.33182481  3.46845027  1.40332962  1.25329084]
[ 2.2717173  -2.97144564  3.08420794  1.4361332   1.2115963 ]
[-0.6554118   0.76787611 -0.63244321 -1.01419873 -0.2179303 ]
[ 1.51902696 -1.04658297  2.18707446  1.18643667  1.04131386]
[ 0.84996888 -0.47200426  1.89227284  1.13552367  0.98825106]
[ 0.84996888 -1.16943697  1.77695654  1.07446275  0.95295021]
[ 1.68629148 -0.70817195  2.12170544  1.19019854  1.03427635]
[-0.2372505   0.76787611  0.2361035  -0.06250595  0.39109377]
[ 2.6898786  -0.78197435  2.95094867  1.36183574  1.17898024]
[-0.48814728  0.76787611 -1.00855411 -1.59315765 -0.83099026]
[ 2.6898786  -1.33361604  2.51871713  1.11157481  1.07873535]
[ 2.77351086 -1.9443622   2.99294489  1.33938451  1.18461822]
[-0.82267632  0.76787611 -1.32817856 -1.65209877 -1.42460882]
[ 1.76992374 -0.92286985  2.14452817  1.12492911  1.02518508]
[ 1.60265922 -1.00338156  1.59969485  0.50148327  0.84640704]
[ 0.68270436 -0.94230371  1.02104155  0.72888634  0.74379268]
[ 2.10445278 -1.21593248  2.69699866  1.24145816  1.13077257]
[-0.40451502  0.76787611 -0.46733403 -0.67268638 -0.0493176 ]
[ 2.35534956 -2.33182481  2.65006852  1.15359087  1.11108007]
[ 0.68270436 -0.56056714  1.04505017  0.32568868  0.70055098]
[ 1.0172334  -1.35763309  1.63303908  1.00550923  0.91481966]
[-0.6554118   0.76787611 -0.80308868 -1.40890385 -0.47533805]
[ 1.4353947  -0.2374323   2.58266463  1.35335876  1.13024922]
[-0.32088276  0.76787611 -0.50084666 -1.27868054 -0.18893307]
[-0.82267632  0.76787611 -0.91543433 -1.07816383 -0.4618287 ]
[ 1.0172334  -0.39451173  1.10778466  0.32959942  0.71516315]
[-0.82267632  0.76787611 -0.90008614 -1.11480927 -0.46113553]
[-0.06998598  0.76787611  0.44807195  0.10828244  0.49969491]
[ 2.2717173  -0.93392047  2.80666146  1.24896857  1.15013894]
[ 0.01364628  0.76787611 -0.12871748 -0.15275525  0.22052099]
[ 3.60983346 -1.29859117  3.48717452  1.37541446  1.25731411]
[-0.32088276  0.76787611 -0.24016835 -0.50057811  0.1246421 ]
[ 2.02082052 -0.81494989  2.5953606   1.30361232  1.12006181]
[ 1.60265922 -0.74417312  2.27045829  1.19072515  1.05478884]
[ 1.26813018 -1.45755019  2.0299913   1.21091881  1.01755157]
[ 1.60265922 -0.74417312  2.16641722  1.1442673   1.03032046]
[-0.6554118   0.76787611 -1.21559753 -1.6242925  -1.14519958]
[-0.82267632  0.76787611 -1.09619803 -1.4802927  -0.82240618]
[ 3.02440764 -0.67865099  2.50654107  1.12717113  1.07936262]
[-0.32088276  0.76787611  0.21582347  0.08181382  0.42250106]
[ 1.35176244 -0.26535753  1.6524421   0.82487732  0.89438166]
[-0.32088276  0.76787611 -0.47316351 -0.67869915 -0.06075633]
[1.68629148 0.13204003 2.14749487 1.12487579 1.02728893]
[-0.57177954  0.76787611 -0.9511306  -1.59120894 -0.76932386]
[ 1.76992374 -1.81520799  1.97495065  0.98411124  0.97384484]
[ 1.4353947  -1.34899281  2.58082524  1.33188966  1.12509704]
[-0.40451502  0.76787611 -0.43733384 -0.676726   -0.04204834]
[-0.98994084  0.76787611 -1.59737872 -1.70606481 -2.70462198]
[ 3.02440764 -1.36316827  2.99680388  1.27417064  1.17469978]
[-0.6554118   0.76787611 -1.27363569 -1.65460298 -1.31920385]
[1.18449792 0.3804135  1.93709112 1.00249618 0.97400373]
[ 2.2717173  -2.22493858  2.64166425  1.25391255  1.12351831]
[ 1.853556   -0.38550098  2.502016    1.27177087  1.10786714]
[ 1.853556   -1.9598607   2.14880618  1.26840008  1.04579988]
[-0.90630858  0.76787611 -1.32402973 -1.65542957 -1.40739269]
[ 3.35893668 -1.53475886  2.59382132  1.20766134  1.10677838]
[ 4.3625238  -2.22963687  2.81801054  1.1628811   1.12833244]
[-0.90630858  0.76787611 -1.16949268 -1.60205903 -1.04098739]
[ 0.93360114 -0.43200812  0.60521875  0.08156495  0.53152723]
[-0.57177954 -0.35928786 -0.64714753 -1.04764669 -0.25247687]
[ 3.9443625  -1.95381251  3.37216883  1.45566248  1.24474713]
[2.02082052 0.19118757 2.66559594 1.28080113 1.13189622]
[ 2.60624634 -1.00338156  2.98444366  1.27550385  1.1781434 ]
[-0.48814728 -0.26535753  0.1628136  -0.17842839  0.38667177]
[ 0.84996888 -2.06613616  1.5869724   1.08986574  0.92361491]
[ 1.68629148 -2.97515897  1.78265954  1.07679142  0.95076939]
[ 2.77351086 -0.35928786  3.36555722  1.49488101  1.25578055]
[ 2.2717173  -0.93392047  1.89473126  0.93125398  0.94687118]
[ 5.86790448 -1.82460103  2.53522577  0.98667989  1.06103497]
[ 2.85714312 -1.26471466  3.04527248  1.4119377   1.20074892]
[ 2.52261408 -2.80147647  2.55083533  1.19513363  1.10016691]
[ 1.853556   -0.88529771  2.49481681  1.11338131  1.07924985]
[ 1.51902696 -1.29859117  2.08476787  1.24421124  1.03031604]
[ 3.27530442 -1.85158946  2.26775378  1.25833213  1.05779272]
[ 1.60265922 -0.74417312  1.94947162  1.04164583  0.98150706]
[ 1.51902696 -1.04658297  2.30146086  1.29859724  1.07625741]
[ 1.51902696 -0.78197435  2.03793991  1.18879422  1.01369195]
[1.10086566 0.76787611 1.52339858 0.46247582 0.83319783]
[-0.98994084  0.76787611 -1.34451882 -1.6574005  -1.45412737]
[-0.90630858  0.76787611 -1.25093789 -1.64885908 -1.24975573]
[-0.57177954  0.76787611 -0.46657804 -1.00296645 -0.11388192]
[-0.90630858  0.76787611 -1.30718536 -1.65659168 -1.38244501]
[-0.6554118   0.76787611 -0.57592981 -0.93702376 -0.14968412]
[-0.73904406  0.76787611 -1.02517825 -1.46922707 -0.73877561]
[ 1.18449792 -1.77546824  2.06488316  1.14866022  1.01657711]
[-0.48814728  0.76787611 -0.3054215  -0.94055676  0.00129843]
[ 2.43898182 -1.44619598  3.01447074  1.35823163  1.19224074]
[-0.90630858  0.76787611 -1.30848533 -1.65699165 -1.38907787]
[-0.6554118   0.76787611 -0.70422457 -1.05640587 -0.29303469]
[-0.82267632  0.76787611 -1.10258948 -1.5982505  -0.94545108]
[1.0172334  0.35458266 1.88012887 1.12525131 0.9802631 ]
[-0.73904406  0.76787611 -1.25298321 -1.65317645 -1.27559251]
[ 1.4353947  -0.82171411  1.94355219  0.58096913  0.93686776]
[-0.90630858  0.76787611 -1.32496816 -1.65729162 -1.42085323]
[-0.90630858  0.76787611 -1.34183966 -1.65739828 -1.45030483]
[-0.98994084  0.76787611 -0.93368051 -0.99417616 -0.42635253]
[ 2.77351086 -2.51416016  2.74469419  1.20499937  1.12745704]
[ 2.10445278 -0.55114556  2.21995915  0.72832417  1.00674502]
[ 1.853556   -1.55689958  2.67770811  1.38258712  1.14722151]
[ 2.35534956 -1.48645183  2.89071594  1.42748957  1.18047658]
[-0.82267632  0.76787611 -1.09426394 -1.5962418  -0.92862112]
[ 5.6170077  -2.80466055  2.94959221  1.18186376  1.15363526]
[-0.90630858  0.76787611 -1.12857877 -1.59712394 -0.97023019]
[ 1.26813018 -0.60976874  1.78138909  1.01126646  0.94143482]
[ 0.84996888 -0.0872138   1.45398483  0.72786421  0.83430015]
[ 2.10445278 -0.0587108   2.42239428  1.2034284   1.08227021]
[-0.73904406  0.76787611 -1.05622727 -1.59495526 -0.88463706]
[-0.73904406  0.76787611 -1.07118406 -1.59604849 -0.90509632]
[ 1.26813018 -1.18982974  1.63982935  0.98745759  0.91138673]
[ 2.2717173  -0.02353689  2.69154382  1.29625301  1.13165947]
[ 2.43898182 -1.96406369  2.39585965  1.16991378  1.07292593]
[ 1.93718826 -1.90637567  2.27614113  1.12642897  1.04826668]
[-0.48814728  0.76787611 -1.10862451 -1.58527172 -0.96446088]
[ 2.02082052 -2.0394002   2.53259703  1.29415099  1.10766663]
[ 1.60265922 -0.74417312  2.12786109  1.04346566  1.01087785]
[ 2.10445278 -0.0587108   1.9112736   0.88705369  0.94251965]
[-0.73904406  0.76787611 -0.64276185 -1.03558561 -0.23856458]
[ 2.02082052 -1.85494775  2.06864005  0.95753818  0.98379819]
[1.35176244 0.05937304 2.36762863 1.26950664 1.08421791]
[ 2.43898182 -1.79739362  2.38079885  1.14908018  1.0653404 ]
[ 1.93718826 -0.60976874  2.43644504  1.30616319  1.09625636]
[ 3.77709798 -3.86602022  3.63300449  1.51896097  1.28927793]
[-0.6554118   0.76787611 -1.09077065 -1.59693951 -0.93237323]
[1.35176244 0.05937304 1.76621084 0.9722168  0.94240356]
[ 0.51543984 -0.66275508  0.91147901  0.30276416  0.66410011]
[ 1.26813018 -0.9076379   1.01356706  0.65699309  0.72074342]
[ 1.60265922 -0.47200426  2.71412969  1.39471487  1.1552742 ]
[-0.48814728  0.76787611 -0.46564563 -0.6773015  -0.053276  ]
[ 0.76633662 -0.11775272  0.24446626  0.08875317  0.43418934]
[ 1.35176244 -0.26535753  2.09707039  1.10659306  1.01479103]
[ 1.60265922 -0.47200426  2.841068    1.42926718  1.17873666]
[-0.90630858  0.76787611 -0.86486102 -1.07295765 -0.41509459]
[ 3.9443625  -2.91088982  3.84865576  1.52610697  1.31610729]
[ 1.93718826 -1.71188463  3.06041595  1.43301794  1.21140383]
[ 1.853556   -1.76249199  1.90661862  0.71347001  0.94528726]
[ 0.43180758 -1.13963215  0.97747114  0.3270841   0.68786605]
[ 3.02440764 -1.96715412  3.20204584  1.43235133  1.22400259]
[-0.82267632  0.76787611 -1.23540208 -1.51005657 -1.0533309 ]
[ 1.26813018 -0.29487849  1.27612115  0.35912998  0.76019542]
[ 1.853556   -1.9598607   2.33900727  1.21025443  1.07116516]
[ 1.68629148 -0.16203416  2.23883177  1.1593681   1.04588159]
[-0.6554118   0.76787611 -0.40128847 -0.86833244 -0.02294767]
[-0.57177954  0.76787611 -1.09274913 -1.51287852 -0.88336254]
[-0.82267632  0.76787611 -1.01792951 -1.4691293  -0.73177343]
[ 2.60624634 -2.03185376  2.97925882  1.38869544  1.18714419]
[-0.82267632  0.76787611 -1.59920093 -1.71294861 -2.90540977]
[ 3.5262012  -3.02469914  3.40938946  1.45394486  1.25223003]
[ 2.02082052 -0.81494989  2.29428039  1.12501133  1.04539049]
[1.4353947  0.07905369 2.26050021 1.07789576 1.04251478]
[-0.82267632  0.76787611 -1.522547   -1.70904231 -2.31982715]
[ 1.4353947  -0.53726112  1.75660995  0.86372033  0.91760769]
[-0.32088276  0.76787611 -0.45277252 -1.00872591 -0.12030495]
[-0.90630858  0.76787611 -1.32113197 -1.65917144 -1.42710933]
[-0.73904406  0.76787611 -1.11349397 -1.59891711 -0.96278068]
[ 0.51543984 -0.22402818  1.00496421  0.30551724  0.68676363]
[ 1.4353947  -0.2374323   1.77587181  0.98941963  0.93282927]
[-0.82267632  0.76787611 -0.74762533 -0.963999   -0.27320666]
[-0.6554118   0.76787611 -0.68075444 -1.05014646 -0.27475431]
[-0.90630858  0.76787611 -1.30809747 -1.65526959 -1.37933032]
[ 3.19167216 -1.8890104   2.73467019  1.24105376  1.13203267]
[ 1.68629148 -0.44176327  1.77298123  0.60795548  0.90518349]
[-0.6554118   0.76787611 -1.30022526 -1.53273888 -1.21878789]
[ 1.35176244 -0.26535753  2.17636399  1.14684039  1.03813601]
[ 1.26813018 -0.9076379   2.06901118  1.06432148  1.00712616]
[ 2.77351086 -2.89937569  3.43620582  1.52937999  1.27049622]
[1.0172334  0.76787611 1.69788675 0.61987658 0.89932815]
[-0.73904406  0.76787611 -1.05747145 -1.59429976 -0.88281209]
[ 2.18808504 -4.12179296  2.22265511  1.0068891   1.0183748 ]
[ 1.10086566 -1.29859117  2.31796906  1.3182465   1.08401317]
[ 1.60265922 -1.25053379  1.95396346  1.00488706  0.96868171]
[ 1.35176244 -1.13963215  2.12295802  1.15939921  1.02938396]
[-0.82267632  0.76787611 -1.1150097  -1.59707061 -0.95667933]
[ 0.93360114 -1.42014807  1.66906755  0.92673219  0.91432872]
[ 1.76992374 -1.16082669  1.93947549  1.09025015  0.98032252]
[1.10086566 0.76787611 2.38889134 1.20770134 1.08073788]
[ 1.18449792 -0.32613598  2.38236446  1.32226168  1.09407666]
[ 2.60624634 -1.36984866  2.77238215  1.32565025  1.1489417 ]
[0.51543984 0.76787611 1.35835372 0.84908393 0.84077005]
[ 1.853556   -1.34255856  1.9303771   1.0567733   0.97531289]
[ 2.02082052 -1.85494775  2.32865622  1.21558726  1.06809303]
[ 2.60624634 -1.36984866  2.76643136  1.32576135  1.14660628]
[ 2.10445278 -1.00338156  2.13613911  1.04136586  1.0117517 ]
[-0.6554118   0.76787611 -1.00480709 -1.59253326 -0.82531779]
[ 1.60265922 -0.47200426  2.60884077  1.35165225  1.13140897]
[2.6898786  0.05256052 2.54843702 1.12322927 1.08902644]
[ 1.60265922 -1.00338156  1.96989775  0.89723274  0.96413915]
[0.84996888 0.3250617  1.58447987 1.02663613 0.90490855]
[ 3.44256894 -1.50232738  2.68867875  1.29903497  1.12604551]
[ 2.60624634 -1.54376526  2.54843102  1.16043244  1.09218221]
[1.10086566 0.76787611 1.19627538 0.69726042 0.76160398]
[ 1.35176244 -0.26535753  1.58777094  0.45337668  0.84375089]
[ 1.76992374 -2.74121928  1.59849296  0.7598812   0.86748184]
[-0.48814728  0.76787611 -0.11653081 -0.4779158   0.188857  ]
[ 4.52978832 -2.82777696  3.51392651  1.49321006  1.26987639]
[-1.0735731   0.76787611 -1.38233169 -1.66052465 -1.55459737]
[ 0.84996888 -1.78481877  1.61105686  0.87890557  0.89362745]
[ 1.68629148 -0.70817195  2.24677624  1.09187     1.04059853]
[-0.48814728  0.76787611 -0.42781627 -0.65855215 -0.01902518]
