[-0.93414311 -0.22272602 -0.16568868 -0.22948288 -0.09512721]
[ 0.66983869  1.17274022  0.58254058 -0.21459999  0.51828273]
[-0.58898247 -0.98327659  0.49594662 -0.22122635  0.48605122]
[ 0.40589232 -0.7160608   0.67404842 -0.23123563  0.54900366]
[ 0.28407091 -0.97593958  0.48160665 -0.21249297  0.46928661]
[-0.48746463 -0.21571912  0.52867161 -0.20707524  0.55182745]
[-1.76658936 -1.22942996 -0.6271841  -0.23432296 -0.51025701]
[ 0.64953512  0.81481228  0.82096874 -0.22007241  0.6992009 ]
[-0.08139329  0.58934159  0.26283762 -0.23567189  0.20708487]
[-1.31991088 -0.24637859 -0.9363734  -0.31139599 -0.9767836 ]
[-0.52807177 -1.18626487 -0.14899305 -0.230358   -0.12387881]
[ 0.75105296 -0.31588214 -0.09928232 -0.25343675 -0.211613  ]
[ 0.50741015  0.25155318  0.59531213 -0.21417301  0.52805315]
[ 0.73074939 -0.39094179  1.07768517 -0.20724268  0.96728589]
[ 0.62923155  0.75600843  0.90325698 -0.20968624  0.82042416]
[ 0.26376735  0.77585897  0.10289684 -0.22783815  0.09014027]
[ 0.06073168 -0.96148283  0.73845436 -0.20631726  0.7045209 ]
[-1.40112515 -1.81714341 -0.2393662  -0.21757939 -0.07584577]
[ 0.04042811  0.22218275  1.1790465  -0.19948249  1.09289895]
[ 0.81196366  0.22858315  0.5050335  -0.21157175  0.47812673]
[-0.02048259 -0.2490179   0.81101537 -0.20155147  0.80839256]
[ 1.07591003  0.84451784  1.40426377 -0.20730209  1.18714273]
[ 0.48710658  0.29372751  1.15044786 -0.21643719  0.99674944]
[-0.75141101 -0.37047492 -0.25887743 -0.23250053 -0.17688379]
[ 1.17742786  1.70408328  0.57840467 -0.22007032  0.49140506]
[ 0.12164238  0.53536206  0.36399194 -0.22154865  0.33067251]
[ 0.69014225  0.0132873   1.31430051 -0.19687149  1.19547728]
[-1.38082158 -2.16194684 -0.56371461 -0.23646245 -0.46866074]
[ 1.19773143  0.64103101  1.55186124 -0.19254053  1.38792632]
[ 0.34498161  0.26091677  1.12986601 -0.20262619  1.02564294]
[ 0.89317792  0.71530459  1.01387901 -0.20642309  0.89821277]
[-0.73110744  0.63486161 -0.6673198  -0.31082086 -0.7947515 ]
[-0.60928604 -0.61771059 -0.04533899 -0.25242206 -0.10011821]
[ 0.89317792  0.98946802  0.72314801 -0.21231631  0.63085453]
[ 0.93378506  0.12267446  1.5132377  -0.19586927  1.33149772]
[ 0.62923155 -0.017892    1.38600712 -0.2029924   1.20303123]
[-0.6295896  -0.90731042  0.39758599 -0.21132541  0.44463484]
[-0.22351826  0.54410615  0.7073266  -0.21287825  0.65050983]
[ 1.44137424  0.17583369  1.31071761 -0.20169858  1.13527833]
[ 0.87287436 -0.10484939  0.85584674 -0.20628793  0.7753394 ]
[ 0.50741015 -0.13614073  1.22817431 -0.21045648  1.08841093]
[ 0.87287436  0.89163478  0.90851581 -0.20855462  0.81551088]
[ 1.01499933  0.78100153  1.76704631 -0.18824677  1.56956237]
[ 1.11651716  0.46000396  1.5394103  -0.21246175  1.28811197]
[ 0.50741015  0.20371358  1.33180709 -0.19129334  1.23585622]
[ 0.64953512  0.15592579  0.75524494 -0.20882914  0.69232459]
[ 0.97439219  0.58730036  0.82206159 -0.21132709  0.74558141]
[ 1.23833856  0.40248614  1.77256585 -0.19943712  1.51509027]
[-0.10169686 -0.46707594  0.85495995 -0.2087667   0.80301211]
[ 0.77135652  0.34296453  1.56522643 -0.18794636  1.43217754]
[ 0.36528518 -0.76089077  0.47678114 -0.22196662  0.41500889]
[ 0.69014225  0.3192491   0.67725455 -0.22013738  0.58106107]
[ 0.75105296  0.59200571  1.62122843 -0.1981695   1.41094815]
[ 1.11651716  0.07328154  1.80684929 -0.20021563  1.52902695]
[ 0.18255308  0.51193704  0.1922723  -0.23325819  0.14871728]
[ 0.69014225  0.09015869  1.56787875 -0.19043237  1.42018257]
[ 1.54289207  1.23240262  1.55861577 -0.19543758  1.36650542]
[-1.07626808 -1.12789454  0.2911703  -0.21167003  0.3725992 ]
[ 0.20285665  1.01754974  0.50646415 -0.21550989  0.48083976]
[ 0.54801729  0.07743632  1.42366737 -0.19403228  1.28481684]
[ 0.54801729  0.52475957  1.09410719 -0.204196    0.97496381]
[-1.11687521  1.03997611 -0.3289352  -0.24271339 -0.27433274]
[ 1.13682073  0.46521071  1.91282926 -0.19700707  1.62702211]
[ 0.12164238 -0.53171666  0.54801988 -0.22080556  0.50081083]
[-0.10169686 -0.533545    0.78711804 -0.20295814  0.76773455]
[ 0.60892799  0.23573198  0.94267375 -0.21852388  0.82212277]
[-1.01535738  0.36092296 -0.22185801 -0.23485671 -0.1630633 ]
[-1.82750006 -2.6224384  -1.35681162 -0.25621424 -1.25754233]
[-0.83262527 -1.12353077 -0.68470144 -0.23431416 -0.59397544]
[-0.18291113  0.23675325  0.36885981 -0.203455    0.4430208 ]
[ 1.03530289  0.47330003  1.35449319 -0.20333188  1.18489406]
[ 0.83226722 -0.22853155  1.92718414 -0.1900823   1.69117211]
[ 0.87287436  0.32578089  2.18846392 -0.1795092   1.93671117]
[ 0.64953512  0.51472536  1.57516013 -0.19401866  1.40387295]
[ 0.14194594  0.09170213  0.42481661 -0.21544137  0.39380977]
[-1.88841076 -2.85027093 -0.69902749 -0.22820582 -0.53324861]
[ 1.07591003  0.55327588  1.36075228 -0.19523483  1.23797337]
[ 0.50741015 -0.53331747  1.34888227 -0.20615486  1.17635577]
[ 0.83226722  0.66280534  0.58377166 -0.22243907  0.46131977]
[ 0.44649945  0.36803971  1.49042524 -0.18880828  1.37440671]
[ 0.28407091  1.25779223  0.04787407 -0.22342557  0.06563619]
[-1.05596451 -0.3179057  -0.52227855 -0.24591263 -0.48921416]
[ 0.44649945 -0.1253687   1.07029868 -0.20325372  0.97725158]
[-1.31991088  0.83651699 -0.60532758 -0.2481109  -0.51910861]
[-1.84780363 -1.54678522 -1.49011506 -0.35826149 -1.58140532]
[ 0.66983869  0.73923507  0.99445771 -0.21080183  0.87312225]
[-0.6295896  -1.44553588  0.06643522 -0.2190943   0.1163106 ]
[-0.2032147   0.86850063  0.29004862 -0.21706031  0.30483872]
[ 0.44649945 -0.90483241  1.69739113 -0.18890059  1.52156315]
[-0.2032147  -1.05252446  0.78769211 -0.20320678  0.7703879 ]
[ 0.04042811 -0.48177564  0.63654826 -0.21272946  0.58721187]
[-0.06108973  0.3780343   0.35672101 -0.21131399  0.37431188]
[-0.12200043 -0.60799699  0.56953827 -0.21003998  0.55471955]
[ 0.87287436  0.36022798  0.77477868 -0.21341482  0.68025985]
[-0.77171457  0.47907053  0.36770334 -0.21209523  0.40599606]
[-1.17778591  0.10607171  0.02108774 -0.22249177  0.08255537]
[ 0.28407091  0.00951049  0.57009182 -0.20751594  0.5669753 ]
[ 0.28407091 -0.80505453  0.69284272 -0.21530987  0.63225198]
[ 0.83226722  0.05915144  1.32961199 -0.20449358  1.15324418]
