[-0.34533967 -0.9578155   1.86761876  0.96224753  2.03900153]
[ 0.10133881 -1.54085053  2.13787364  0.95763991  2.19870506]
[ 1.1571243  -0.53595445  2.13410588  0.95399396  2.15504652]
[ 0.12164238 -1.56058093  2.27049602  0.95832958  2.30800924]
[ 1.23833856 -0.0869383   3.47917708  0.99016214  3.27960865]
[ 1.48198137 -0.30088265  2.60136891  0.96996099  2.5410091 ]
[-0.42655393 -1.79290719  1.03468901  0.93352005  1.29404429]
[-1.52294655 -2.56546373 -0.46862403  0.89187248 -0.06857889]
[ 0.52771372 -0.61048838  1.66472732  0.96410344  1.87747529]
[ 1.90835628 -0.26485599  2.58215127  0.96187015  2.47921162]
[ 0.93378506 -0.62464427  2.12313413  0.96433669  2.19535665]
[ 0.66983869 -0.19442343  2.25635903  0.96755412  2.32562601]
[ 0.97439219 -0.63529732  2.30967508  0.96318982  2.33885945]
[-0.48746463 -1.56752333  1.41900802  0.95668832  1.6714228 ]
[-1.46203585  0.71145267 -0.3419711   0.87302588  0.02985871]
[2.17230265 0.08950578 3.20727164 0.97226945 2.9635957 ]
[-0.99505381  0.46054637 -0.29882591  0.88602733  0.05624855]
[ 0.32467805 -0.27953764  0.72017203  0.92933321  0.96762304]
[-0.71080387  1.78480378 -0.59224507  0.86368278 -0.27760126]
[2.33473119 0.44774405 3.06890355 0.97755279 2.88840876]
[ 1.62410634 -0.51865392  2.99536213  0.97531872  2.84281888]
[-0.5077682  -0.60167516  0.70102211  0.88833889  0.90986001]
[ 1.25864213 -0.38120334  2.25384564  0.96533633  2.2810237 ]
[-0.36564323 -1.78126122  1.421272    0.96161598  1.69460224]
[ 1.29924927 -0.20776066  2.19509503  0.96012195  2.20308901]
[1.60380277 0.34800849 2.17238247 0.95611799 2.16368123]
[-0.06108973 -1.45218778  1.86386085  0.94736305  1.97489676]
[ 0.93378506 -0.58141445  2.11280514  0.94641378  2.11954215]
[ 0.85257079 -0.36610381  1.62780773  0.94209598  1.74359233]
[ 1.13682073 -0.05052018  2.242545    0.9618686   2.26861643]
[ 0.99469576 -0.54189413  1.45118048  0.92681862  1.52335257]
