[0.5990721  0.76787611 0.59643826 0.31995162 0.54702248]
[-0.40451502  0.76787611 -0.36377222 -0.15097085  0.09642741]
[-0.73904406  0.76787611 -1.18621446 -1.28385685 -0.86162418]
[-0.6554118   0.76787611 -0.16808803  0.037923    0.23224015]
[-0.6554118   0.76787611 -0.2611235   0.18291857  0.23019664]
[ 0.84996888 -0.0872138   2.07793344  2.16302364  1.08604056]
[ 0.68270436 -0.15055379  1.03585163  1.2286939   0.77072578]
[ 0.1809108  -0.92286985  1.33085875  0.95561195  0.83322314]
[-0.32088276 -0.11775272 -0.2124133  -0.14384335  0.16566658]
[ 0.09727854 -1.00338156  1.26633031  1.72254965  0.88574416]
[ 0.43180758 -0.26535753  1.63649824  1.72585991  0.95455052]
[ 1.36462788e-02  7.67876114e-01 -1.62676575e-04 -9.68435480e-02  2.63805572e-01]
[-0.06998598  0.03853472  0.05455449  0.03500043  0.30425525]
[-1.0735731   0.76787611 -1.5374946  -1.6911089  -2.21651042]
[ 0.09727854 -1.00338156  0.57059162  0.92128659  0.61339272]
[0.1809108  0.76787611 1.0054237  0.69189418 0.7192366 ]
[-0.2372505   0.76787611  0.79841786  1.48528417  0.75519125]
[ 0.93360114 -1.11073051  1.58677492  1.72052174  0.94476101]
[0.01364628 0.76787611 1.15850186 1.45814596 0.83238124]
[-0.32088276  0.76787611 -0.49551394 -0.60039151 -0.04826012]
[ 1.26813018 -1.45755019  1.62359769  1.69714113  0.9409986 ]
[0.09727854 0.1153075  0.85815943 1.23471799 0.72516449]
[ 1.18449792 -1.2427407   1.94077547  1.96473579  1.03616163]
[ 0.84996888 -0.47200426  1.60067309  1.59619296  0.93762045]
[-0.6554118   0.76787611 -0.76486229 -1.04760533 -0.31215072]
[-0.73904406  0.76787611 -0.63137317 -0.35158484 -0.10984963]
[0.68270436 0.29099905 1.51601662 1.63421627 0.92938557]
[0.26454306 0.17745689 0.47148749 0.445354   0.51790519]
[-0.32088276  0.76787611  0.12118036  0.41162508  0.40721447]
[-0.06998598  0.03853472  0.69971571  0.63380052  0.62979873]
[ 0.5990721  -2.33182481  1.36039897  1.59604385  0.89337024]
[ 1.51902696 -3.12194466  1.93726873  1.94311469  1.02762132]
[ 0.84996888 -1.78481877  1.58416528  1.38839182  0.90127369]
[ 0.5990721  -0.18587802  1.32467714  1.53508726  0.87084974]
[ 0.1809108  -0.92286985  1.34205161  1.8946536   0.9243699 ]
[ 0.43180758 -1.13963215  0.79685674  1.46515418  0.74629353]
[ 0.34817532 -0.31028073  1.3048845   1.49253097  0.86725603]
[0.09727854 0.1153075  0.82267633 1.28574378 0.72077913]
[0.01364628 0.76787611 0.4614177  1.1075561  0.60884296]
[-0.40451502  0.76787611 -0.36420945 -0.39870393  0.06830224]
[-0.32088276 -0.11775272 -0.35732304 -0.4000161   0.06848552]
[ 0.84996888 -2.06613616  1.66324099  1.58426408  0.94036812]
[ 0.09727854 -1.00338156  0.88030374  1.31231537  0.74863163]
[-0.48814728  0.76787611 -0.36736621 -0.01867954  0.12119467]
[ 2.10445278 -1.21593248  2.07713272  1.84502945  1.04867527]
[0.1809108  0.14793593 0.69258688 0.61068831 0.62246579]
[ 0.43180758 -1.52819865  2.24523453  2.19514216  1.11827505]
[ 0.93360114 -3.36505846  1.83046599  1.34237616  0.97378498]
[0.1809108  0.14793593 1.24756218 1.34336029 0.83459003]
[ 1.51902696 -2.59013322  2.20817789  1.80730436  1.06005656]
[ 0.93360114 -0.43200812  0.9450443   0.8149406   0.70256838]
[ 1.4353947  -1.09194444  1.84948481  0.95400156  0.92342521]
[-0.40451502 -0.18587802 -0.27007208 -0.14819739  0.14056333]
[0.09727854 0.1153075  1.09532177 1.50791923 0.82344179]
[-0.2372505  -0.78197435  0.38809222  0.2886383   0.48520022]
[-0.06998598  0.03853472  0.64917176  1.07776371  0.65888605]
[-0.48814728  0.76787611 -0.23390856 -0.37299718  0.16513416]
[-0.82267632  0.76787611 -0.43838943 -0.01697968  0.09705026]
[0.68270436 0.76787611 0.76210557 0.66812588 0.64073825]
[0.01364628 0.76787611 0.86509359 0.74283051 0.69072258]
[-0.40451502 -0.18587802  0.69725585  1.47478675  0.73085168]
[ 0.51543984 -1.79739362  0.95710806  1.17292638  0.74961452]
[ 1.10086566 -1.29859117  2.1454513   2.16460422  1.09465651]
[0.09727854 0.1153075  0.94972811 1.47937937 0.7844659 ]
[ 1.10086566 -1.84239835  1.35821073  1.09616402  0.84167572]
[-0.32088276  0.76787611 -0.02182232  0.39307567  0.35211996]
[-0.32088276 -0.88529771  1.06998025  1.51385384  0.82195924]
[0.26454306 0.17745689 1.17709925 1.45555143 0.83376713]
[-0.2372505   0.76787611 -0.68863831 -1.10468503 -0.29390287]
[ 0.5990721  -0.18587802  0.84539368  0.56136238  0.65042301]
[ 0.84996888 -0.83196953  0.80256394  0.49187664  0.62697358]
[ 1.35176244 -1.40191454  1.46782095  0.98173621  0.85781205]
[ 2.43898182 -2.12517809  2.45254019  2.00636759  1.11836719]
[-0.32088276  0.76787611  0.42611702  0.74971944  0.54590288]
[ 1.18449792 -2.02185472  2.10095997  2.11450291  1.07997649]
[ 0.34817532 -1.9874136   0.88410025  0.49903397  0.65097033]
[ 0.76633662 -0.51475875  1.90879542  1.58169937  0.99347927]
[ 2.18808504 -1.17703427  2.62151223  2.20209074  1.1661435 ]
[ 0.68270436 -1.9443622   1.18486847  1.29901467  0.81387058]
[-0.2372505   0.76787611  0.8292982   1.00037509  0.71427816]
[-0.06998598  0.76787611  1.38769005  1.25261131  0.880448  ]
[-0.32088276 -0.11775272  0.8070375   1.41538092  0.74768981]
[ 1.26813018 -1.45755019  1.71971311  1.48397199  0.9357478 ]
[ 0.26454306 -1.71188463  1.87177801  1.94043069  1.02887776]
[0.09727854 0.1153075  1.05457676 1.35910641 0.7967052 ]
[-0.15361824  0.76787611  0.29061486  0.92355308  0.52626374]
[0.1809108  0.14793593 0.75951336 1.15193154 0.69470041]
[-0.15361824 -0.00704912  0.70362063  0.91576949  0.64274611]
[ 0.76633662 -0.51475875  1.90879542  1.58169937  0.99347927]
[ 1.35176244 -1.8890104   2.36345426  1.81625102  1.09571314]
[ 0.34817532 -1.9874136   0.88410025  0.49903397  0.65097033]
[-0.6554118  -0.47200426  0.29858412  0.92596868  0.53437724]
[-0.40451502 -0.18587802 -0.04706082  0.49966023  0.33609143]
[-0.2372505  -0.0587108   0.01726966 -0.1083251   0.27048589]
[-0.6554118   0.76787611 -0.29937096  0.06154219  0.17527788]
[ 1.60265922 -2.52160242  2.37882787  2.20221002  1.13570365]
[ 4.61342058 -2.33182481  3.84872033  2.31210486  1.33545413]
[-0.6554118   0.76787611 -1.09636748 -1.27574521 -0.75215529]
[-0.32088276 -0.11775272 -0.06681366 -0.03696056  0.28744123]
[-0.06998598  0.76787611  0.59460687  0.99333705  0.62828574]
[-0.48814728  0.76787611 -0.33630755 -0.37833536  0.09206359]
[-0.2372505  -0.78197435  0.2677505   0.91037167  0.51620738]
[0.09727854 0.76787611 0.66221306 0.66031246 0.61911363]
[-0.73904406  0.76787611 -1.18883669 -1.64926835 -1.17583685]
[ 0.76633662 -1.23193094  1.95058637  1.95146491  1.03907067]
[-0.40451502  0.76787611 -0.50309503 -0.35531261 -0.0484622 ]
[-0.57177954 -0.35928786 -0.33261288  0.45957919  0.21317572]
[ 0.01364628 -1.09194444  1.22076062  1.39990319  0.84122694]
[-0.2372505  -0.78197435  0.67702168  1.27426223  0.68817619]
[-0.06998598 -1.71188463  0.59168403  0.45820737  0.57481129]
[ 0.76633662 -1.23193094  2.31744972  2.20724998  1.13091819]
[ 1.26813018 -1.71188463  1.81410608  1.60624304  0.97363271]
[-0.15361824  0.76787611  0.48553377  0.45149737  0.530991  ]
[-0.6554118   0.76787611 -0.4356214  -0.02219856  0.09460443]
[ 1.10086566 -2.5586322   2.2572685   2.12595464  1.10621296]
[ 0.51543984 -1.0689837   1.74321369  1.90884897  0.99773807]
[ 1.35176244 -0.5725351   1.27925216  0.76370605  0.77870981]
[0.26454306 0.76787611 0.81740464 0.94243054 0.67234422]
[-0.48814728  0.76787611 -1.09389452 -1.64825439 -1.02650473]
[ 1.51902696 -1.76824283  1.9366248   1.76167638  1.00647874]
[ 0.01364628 -3.52401748  1.0161007   1.46399112  0.80227023]
[-0.2372505   0.76787611  0.47842939  1.12076734  0.61642632]
[ 0.68270436 -0.15055379  1.61590815  1.42853251  0.92728116]
[ 0.68270436 -0.56056714  1.5888404   1.1608782   0.90671633]
[ 0.01364628 -1.09194444  0.10820267  0.07660241  0.33913518]
[0.26454306 0.76787611 0.81740464 0.94243054 0.67234422]
[-0.40451502 -0.18587802  0.80759501  1.16642513  0.71399323]
[-0.2372505   0.76787611  0.52036876  0.88478421  0.58888698]
[ 0.09727854 -0.47200426  1.34039229  1.26310873  0.87324377]
[ 0.01364628 -1.59380078  1.29848674  1.50797887  0.8716636 ]
[-0.57177954 -0.35928786 -0.31851387 -0.57209024  0.06428236]
[0.09727854 0.1153075  0.53906633 0.44070173 0.55394159]
[ 0.09727854 -1.00338156  0.85124935  0.47872504  0.6462597 ]
[-0.57177954  0.76787611 -0.31149325  0.00830955  0.15862432]
[-0.57177954  0.76787611  0.30011226  1.24691527  0.59006359]
[-0.6554118   0.76787611 -0.39156081 -0.02482292  0.11072285]
[0.09727854 0.1153075  0.82861068 0.62395919 0.66000071]
[0.01364628 0.76787611 0.59287807 0.65073953 0.60191404]
[-0.48814728  0.76787611  0.17394184  0.44299804  0.44032592]
[-0.57177954  0.76787611  0.35221657  1.0426928   0.57572182]
[0.93360114 0.34033116 1.00707772 0.43402156 0.70205106]
[-0.06998598 -0.60976874  0.64778193  1.07290269  0.65746764]
[ 1.4353947  -0.82171411  3.20114748  2.32713525  1.27098541]
[-0.06998598 -1.18982974  0.65378571  0.79382648  0.63201859]
[ 0.5990721  -2.87883086  1.67038462  1.75272972  0.96813663]
[ 1.76992374 -0.13935343  1.85213741  0.91746935  0.92239404]
[ 2.94077538 -1.86217316  2.74115852  2.21214082  1.18261173]
[ 0.43180758 -1.13963215  1.9546187   2.1148906   1.05954019]
[ 0.43180758 -3.10675005  1.71835691  1.90771573  0.99356183]
[-0.48814728  0.76787611  0.32648456  0.6433138   0.52842531]
[-0.57177954 -0.35928786  0.29411838  0.73125949  0.50684379]
