[ 0.93360114  0.76787611  1.21628961 -0.0445246   0.7274837 ]
[ 0.84996888 -0.0872138   1.59712743  1.66791099  0.93129705]
[1.10086566 0.3679147  1.79183838 1.67869213 0.96573449]
[0.43180758 0.76787611 0.4374104  0.87842581 0.53509191]
[ 1.4353947  -0.53726112  1.79046315  1.64030187  0.95730961]
[ 0.09727854 -1.00338156  0.7354861   1.27048443  0.6814379 ]
[0.09727854 0.76787611 0.60475201 1.1311534  0.6221944 ]
[ 0.68270436 -0.56056714  0.9359461   1.30911005  0.73741812]
[ 0.84996888 -1.16943697  0.72224555 -0.39296986  0.52021394]
[-0.57177954 -0.35928786  0.09629607  1.03613275  0.45824826]
[ 1.51902696 -1.9874136   1.65807159  1.50912684  0.91854694]
[ 1.853556   -2.99604644  2.46998239  1.90003584  1.10978914]
[ 0.84996888 -1.16943697  1.21656476  1.59461556  0.84409102]
[0.43180758 0.76787611 1.09249896 1.38826224 0.78773991]
[1.26813018 0.03853472 1.54522122 1.35310361 0.87774827]
[0.43180758 0.22879769 0.91282032 1.29085182 0.73498216]
[ 0.84996888 -0.0872138   0.67344156 -0.45336595  0.49230903]
[1.93718826 0.17745689 1.60828404 1.30019366 0.86056049]
[ 0.5990721  -0.18587802  1.33657967  1.41127286  0.84674212]
[1.0172334  0.35458266 1.85887075 1.63993978 0.97696063]
[-0.06998598 -1.71188463  0.27959742  1.09436537  0.52638402]
[ 3.5262012  -1.32769634  3.19553686  1.93752088  1.21014284]
[-0.06998598  0.76787611  0.55327405  1.07556401  0.59299948]
[ 0.76633662 -0.88529771  1.56388109  1.65569056  0.92978163]
[0.43180758 0.76787611 1.37984358 1.55684989 0.86850389]
[0.1809108  0.14793593 0.93949065 1.40064561 0.75711154]
[ 0.51543984 -0.22402818  1.34863758  1.48216947  0.86069412]
[ 0.68270436 -1.29859117  1.06201706  1.28389975  0.76351392]
[0.51543984 0.25125929 1.47714514 1.56570292 0.90118134]
[0.34817532 0.76787611 1.20859811 1.38669622 0.81108246]
[ 1.10086566 -0.35928786  1.96031742  1.92128129  1.03158766]
[ 1.18449792 -0.95417996  2.06481161  1.71898335  1.02840554]
[0.01364628 0.07905369 0.967339   1.32346679 0.7490951 ]
[ 0.5990721  -1.00338156  1.05986204  1.54596918  0.80600301]
[ 1.18449792 -0.95417996  2.24871921  1.70408347  1.06199015]
[ 0.84996888 -0.47200426  1.83422083  1.63220017  0.97172865]
[ 0.43180758 -1.13963215  1.60921958  1.62113842  0.93199895]
[ 0.09727854 -0.47200426  0.87064455  1.32266115  0.72729309]
[ 0.93360114 -0.43200812  1.01894332  1.22880823  0.73210389]
[ 1.35176244 -1.13963215  2.37326156  2.01758735  1.11372809]
[0.26454306 0.17745689 0.62122301 1.03169718 0.60059697]
[ 1.35176244 -0.26535753  1.94754873  1.68542695  0.99696384]
[-0.40451502  0.76787611  0.52448814  1.06538032  0.59667123]
[ 2.10445278 -3.09404635  2.60300602  1.99187918  1.14024679]
[ 1.51902696 -0.21097681  1.47258119  1.42204495  0.86832118]
[ 1.853556   -0.64107885  2.12863308  1.79748378  1.04251635]
[1.18449792 0.01643346 1.9625856  1.66309524 0.99765326]
[ 0.68270436 -1.63189235  0.82087581  1.17256709  0.68336592]
[ 1.51902696 -0.50379606  1.86619662  1.67106115  0.98253988]
[ 1.93718826 -1.71188463  1.58344257  1.49475199  0.89035279]
[ 0.1809108  -0.41296233  1.05655418  1.30395936  0.76894452]
[-0.06998598 -0.60976874  0.99820869  1.38511209  0.77436928]
[-0.15361824 -1.29859117  0.74841167  1.33375911  0.69948691]
[0.1809108  0.14793593 0.99514517 1.41096509 0.7729691 ]
[ 2.60624634 -1.36984866  2.65308147  1.93732174  1.13834931]
[ 0.43180758 -0.71998033  1.33762275  1.5343643   0.86554402]
[-0.06998598 -0.60976874  0.68627358  1.15668958  0.65404831]
[ 0.51543984 -1.0689837   1.32449134  1.51861352  0.84787405]
[ 0.93360114 -0.0587108   1.65508559  1.54717312  0.91557677]
[0.68270436 0.76787611 1.71913055 1.78940925 0.97333179]
[0.5990721  0.27192397 1.13738408 1.43303428 0.79899463]
[ 0.43180758 -0.26535753  0.33820417 -0.63285242  0.36489582]
[-0.2372505  -0.78197435  0.57698417  1.22554945  0.63608508]
[ 0.43180758 -0.26535753  1.112993    1.44689316  0.80068937]
[1.35176244 0.40320542 1.95751607 1.3778613  0.95789894]
[ 0.76633662 -0.51475875  1.98569191  1.92513751  1.0380591 ]
[0.09727854 0.76787611 0.76690606 1.37905618 0.71147031]
[ 0.5990721  -0.60976874  1.56340291  1.57329769  0.91928022]
[0.43180758 0.22879769 0.91937186 1.2961926  0.73222379]
[ 0.26454306 -0.35928786  1.51798114  1.81251944  0.93910688]
[ 0.84996888 -0.47200426  1.58307995  1.56018109  0.92007947]
[ 0.93360114 -0.43200812  1.43593474  1.45822648  0.86356455]
[ 1.26813018 -1.71188463  2.30118142  1.9465278   1.0937573 ]
[0.84996888 0.3250617  1.50451725 1.57919065 0.89909662]
[ 1.18449792 -1.51611404  1.57694319  1.61068316  0.91708575]
[ 1.18449792 -2.02185472  1.09082558  1.44954545  0.78368707]
[-0.06998598 -0.60976874  0.57277414  1.29581241  0.64074832]
[ 1.10086566 -2.33182481  1.67766477  1.80205513  0.96120762]
[ 0.93360114 -1.11073051  1.63431034  1.74333369  0.95116568]
[ 0.51543984 -0.66275508  1.25883739  1.64385032  0.85780166]
[ 1.60265922 -1.25053379  1.70884429  1.64474648  0.94341022]
[0.43180758 0.22879769 0.4045648  0.91586559 0.51508016]
[ 0.93360114 -0.0587108   1.36137381  1.47739898  0.85271098]
[ 1.0172334  -0.73500918  0.53084059  1.15889831  0.6041511 ]
[ 1.60265922  0.1153075   1.43429442 -0.11511344  0.76678447]
[-0.40451502  0.76787611 -0.73291583 -1.07224485 -0.32585555]
[ 1.35176244 -0.26535753  2.38140657  2.01765071  1.11427831]
[ 0.68270436 -0.56056714  0.77531045  1.18496856  0.66913122]
[ 1.18449792 -0.32613598  1.39516589  1.45920411  0.85058867]
[-0.48814728  0.76787611  0.06538723 -0.62448821  0.27145579]
[ 0.1809108  -0.41296233  1.29356219  1.43285324  0.83989408]
[ 0.51543984 -1.0689837   0.88484527  1.45966577  0.74382853]
[ 1.35176244 -1.65140266  1.16459808 -0.35669781  0.64916623]
[ 1.68629148 -1.20466084  2.24666252  1.8217255   1.05996197]
[-0.40451502 -1.00338156  0.13683886  1.14912196  0.49435618]
[ 0.93360114 -0.43200812  1.62478844  1.66084125  0.93447975]
[0.26454306 0.76787611 0.48613458 1.01308592 0.56179037]
[ 0.76633662 -0.88529771  1.95502745  1.7946233   1.01682387]
[ 0.51543984 -0.66275508  1.29546739  1.4762403   0.84436775]
[ 0.1809108  -0.41296233  1.34426438  1.32618245  0.83409585]
[ 0.1809108  -0.41296233  0.87334916  1.48847884  0.74999733]
[ 0.93360114 -3.16345189  1.17460372  1.42342993  0.79878984]
[ 1.93718826 -0.35928786  2.30476502  1.73748599  1.06251855]
[ 1.26813018 -1.18982974  2.66993336  1.91938938  1.14821971]
[-0.15361824 -0.69080668  0.85339133  1.30590558  0.72490884]
[ 0.84996888 -0.83196953  1.3358524   1.51501075  0.85680748]
[0.34817532 0.76787611 0.80625461 1.38588152 0.71635778]
[-0.06998598  0.76787611  0.84379963  1.35562011  0.7305168 ]
[0.26454306 0.76787611 1.01267062 1.33163185 0.76219508]
[ 0.34817532 -0.31028073  0.84176938  1.28230657  0.71246768]
[ 0.68270436 -1.29859117  1.00580305  1.46004597  0.76900845]
[ 2.10445278 -1.80546051  1.56367939  1.59008042  0.90274381]
[ 2.85714312 -2.46659442  2.4287822   1.63441796  1.05862139]
[ 0.84996888 -1.16943697  1.47817215  1.59988392  0.89640881]
[1.0172334  0.35458266 2.13437392 1.76094016 1.04101667]
[ 0.51543984 -0.22402818  0.92504103  1.23440247  0.71793316]
[0.43180758 0.22879769 1.55249728 1.52294951 0.90141059]
[ 0.26454306 -1.29859117  0.76295448  1.08412736  0.65049216]
[-0.2372505  -0.0587108   0.58105417  1.19776833  0.62902135]
[ 0.76633662 -0.88529771  1.49441557  1.52238827  0.88389713]
[0.1809108  0.76787611 0.38532376 0.94247898 0.52189346]
[ 2.10445278 -1.61650922  2.83321957  1.91127864  1.16332648]
[ 2.02082052 -1.04028276  2.32320456  1.71268304  1.0596579 ]
[ 0.51543984 -0.22402818  1.15551921  1.37403223  0.7871767 ]
[-0.06998598  0.76787611  0.93244585  1.36845609  0.75144538]
[0.26454306 0.76787611 1.36862847 1.50354165 0.86651443]
[ 0.34817532 -0.31028073  1.62796972  1.62255961  0.93623637]
[0.26454306 0.17745689 0.75972116 1.24358138 0.6817733 ]
[-0.2372505  -0.0587108   0.52957408  0.99556997  0.60166213]
[ 0.84996888 -0.47200426  1.25233085  1.34683045  0.81684511]
[ 0.26454306 -1.71188463  0.78438532  1.28300358  0.69331805]
[0.5990721  0.27192397 1.61868569 1.60050852 0.93152113]
[ 0.01364628 -1.59380078  0.72797525  1.25259734  0.68133135]
[ 0.76633662 -0.11775272  2.02448669  1.8184124   1.03635121]
[0.09727854 0.1153075  0.75483366 1.21283115 0.67642685]
[0.68270436 0.76787611 0.07051888 0.93989006 0.41108637]
[0.43180758 0.22879769 1.4792501  1.62630721 0.90775678]
[ 0.51543984 -0.22402818  0.76426023  1.37666641  0.7085191 ]
[ 0.51543984 -1.0689837   1.3964034   1.59940415  0.88401807]
[ 1.0172334  -0.03204671  2.65154156  2.21659935  1.18116831]
[ 0.76633662 -0.51475875  0.63553725  1.11248782  0.6210528 ]
[0.1809108  0.76787611 0.94713911 1.51640479 0.77100657]
[ 0.51543984 -0.66275508  1.22713696  1.36178464  0.80867823]
[ 1.93718826 -4.22865673  2.11476977  1.68361651  1.01891058]
[ 0.51543984 -1.79739362  1.7691014   1.76743057  0.98045875]
[0.01364628 0.07905369 0.68035843 1.13135255 0.64228921]
[ 0.1809108  -0.92286985  0.86285225  1.31544657  0.72216111]
[ 1.26813018 -1.18982974  2.5283022   2.01791322  1.1368078 ]
[0.5990721  0.27192397 2.06946569 1.72247749 1.0253045 ]
[ 0.1809108  -0.41296233  1.31798321  1.543335    0.86469855]
[ 0.93360114 -0.43200812  1.29299354  1.55988237  0.85443671]
[0.43180758 0.22879769 1.12560735 1.43209286 0.79752031]
[ 0.76633662 -0.51475875  2.196474    2.06545523  1.0918405 ]
[ 0.93360114 -0.78197435  1.67988158  1.79854289  0.96346868]
[ 1.35176244 -0.5725351   1.37561187  1.60794035  0.87585123]
[ 0.84996888 -0.83196953  1.15531947  1.42988413  0.80583814]
[0.34817532 0.20429413 1.52188066 1.66090461 0.91883528]
[0.26454306 0.17745689 1.28616017 1.54726364 0.84806029]
[ 0.68270436 -0.94230371  1.1224706  -0.29851045  0.65630668]
[0.1809108  0.76787611 0.94922525 1.38221539 0.76000808]
[0.43180758 0.22879769 1.56757755 1.53879986 0.91521095]
[ 0.43180758 -0.26535753  1.63814025  1.67035508  0.94665393]
[ 0.76633662 -0.51475875  0.98062869  1.25800149  0.73516098]
[ 0.84996888 -0.47200426  1.71056919  1.44979891  0.92843554]
[ 1.26813018 -0.60976874  2.0690596   1.94070725  1.05220809]
[ 1.51902696 -0.78197435  1.35797308  1.39762219  0.83170671]
[ 0.09727854  0.76787611  0.25136734 -0.59715065  0.33771593]
[ 0.01364628  0.76787611 -0.56840804 -0.82326486 -0.11730341]
[ 0.09727854  0.76787611  0.25136734 -0.59715065  0.33771593]
[-0.06998598 -0.60976874  0.23279298  1.12562252  0.51584152]
[1.35176244 0.05937304 1.31690502 1.60127795 0.85659796]
[0.43180758 0.76787611 1.34377147 1.4908143  0.86001621]
[ 2.18808504 -0.75034475  2.3344449   1.84985965  1.07682   ]
[-0.15361824  0.76787611  0.57686057  1.27085557  0.64315501]
[ 0.84996888 -0.47200426  1.34093868  1.3937026   0.82957182]
[-0.06998598  0.03853472 -0.21230955 -0.81152419  0.06746269]
[ 0.5990721   0.27192397  1.13710494 -0.29710736  0.66036431]
[ 1.10086566 -1.00338156  2.02279679  1.60445527  1.00684061]
[ 1.0172334  -0.03204671  1.88445141  1.77547795  1.00495054]
[ 1.0172334  -0.39451173  2.12197547  1.93159171  1.06435405]
[1.35176244 0.05937304 2.88195549 2.15059091 1.20936982]
[1.26813018 0.03853472 1.67037481 1.63485246 0.93438915]
[ 0.26454306 -0.35928786  1.28005532  1.31213347  0.81782357]
[1.4353947  0.07905369 2.2267063  1.79158177 1.06078402]
[ 0.1809108  -0.41296233  1.04116749  1.25354782  0.75423146]
[0.1809108  0.14793593 0.81810695 1.32836402 0.71795764]
[1.18449792 0.3804135  1.74539248 1.70295195 0.96077876]
[ 0.93360114 -0.43200812  1.26576579  1.46085161  0.832543  ]
[0.51543984 0.76787611 1.25974289 1.55635202 0.84775541]
[0.09727854 0.1153075  0.51575837 1.23602281 0.61848732]
[ 0.34817532 -0.31028073  1.73256902  1.60339616  0.9617547 ]
[ 0.76633662 -0.51475875  1.86130429  1.61879391  0.98138467]
[ 0.51543984 -1.0689837   1.42974617  1.61776196  0.89165826]
[ 1.26813018 -1.71188463  2.41764158  1.95887496  1.11411602]
[ 0.51543984 -0.66275508 -0.09276853 -0.75636025  0.14722796]
[ 1.26813018 -1.18982974  1.44452382  1.53965077  0.87907352]
[ 1.853556   -1.34255856  2.54601055  1.9655283   1.13368683]
[ 0.1809108  -0.92286985  1.0049638   1.42333941  0.7765029 ]
[0.1809108  0.14793593 0.70963777 1.27603341 0.67428952]
[ 2.35534956 -1.10364143  2.25520687  1.67680023  1.04268445]
[ 0.5990721  -1.00338156  1.09795645  1.31656904  0.77562298]
[ 0.76633662 -1.23193094  1.99729331  1.69424376  1.016701  ]
[ 0.51543984 -0.66275508  1.81385819  1.79435173  0.99725544]
[ 0.34817532 -0.31028073  1.01198064  1.28265055  0.75176864]
[ 0.51543984  0.25125929  0.06968905 -0.65680447  0.2410653 ]
[ 0.93360114 -0.43200812  1.53779277  1.47586916  0.88983568]
[0.1809108  0.14793593 0.79854769 1.48219663 0.72921876]
[ 0.34817532 -1.61650922  0.91321735  1.30928204  0.72928671]
[-0.40451502 -0.18587802  0.16818512  1.00001458  0.46517612]
[ 0.84996888 -0.83196953  1.32358322  1.55246864  0.85416131]
[0.76633662 0.76787611 1.24583866 1.3689087  0.81480961]
[ 1.60265922 -0.18587802  2.52668171  1.76571971  1.102572  ]
[ 0.76633662 -1.55689958  1.54863131  1.47526267  0.89537878]
[ 0.93360114 -1.11073051  2.04975491  1.84531546  1.03555837]
[ 0.43180758 -1.13963215  1.0639364   1.32342153  0.76491957]
[ 0.09727854 -1.00338156  1.01301657  1.49028022  0.77728987]
[ 0.76633662 -1.23193094  2.1416595   1.93171844  1.07255566]
[ 0.5990721  -0.18587802  1.71601216  1.8102564   0.97496112]
[-0.15361824  0.76787611  0.22668186  1.07525624  0.50675333]
[ 0.51543984 -0.66275508  1.10171399  1.54386908  0.81046018]
[0.68270436 0.76787611 1.05717947 1.31854241 0.75861542]
